10 1.7 63.121510225183826 245.3161106365836 1044.385009765625 1.492919921875 0 0
20 2.3 2.726254670516304 3.14143200161288 1044.385009765625 1.39794921875 63.121510225183826 17
30 1.9 4.167274876644737 4.431966066349203 1044.385009765625 1.39794921875 28.39423828125 40
40 3.1 3.997432585685484 4.168954722356596 1044.385009765625 1.39794921875 20.59233481197034 59
50 3.6 2.873691134982639 2.8888481848942886 1044.385009765625 1.39794921875 14.876312934027778 90
60 4.6 3.3333527938179346 3.799907856054316 1044.385009765625 1.39794921875 11.446992420014881 126
70 7 3.1075962611607144 3.4013532571421794 1044.385009765625 1.384033203125 9.27706554324128 172
80 7 3.7668491908482133 4.0292304448831775 1044.385009765625 1.366943359375 7.492508312887398 242
90 8.4 4.169494628906251 5.037096943867503 1044.385009765625 1.340087890625 6.656623253455529 312
100 15.9 3.685021742334906 4.372405995861202 1044.385009765625 1.340087890625 6.1290505149147725 396
110 15 3.461181640625 4.154338896646034 1044.385009765625 1.340087890625 5.428869298986487 555
120 15.3 4.284439785028592 4.818031238570057 1044.385009765625 1.340087890625 5.010212350398936 705
130 29.3 3.1786701085217577 3.6998509934721855 1044.385009765625 1.071044921875 4.8807913684622655 858
140 37 3.1217806429476362 3.615013563843353 1044.385009765625 1.071044921875 4.44749725103171 1151
150 42.2 3.416741104487558 4.206817834052226 1044.385009765625 0.9560546875 4.125002086672008 1521
160 10.3 4.068648551274271 4.980099449880645 1044.385009765625 0.9560546875 3.9711749459196466 1943
170 0 0 0 1044.385009765625 0.9560546875 3.9760819749282126 2046
180 0 0 0 1044.385009765625 0.9560546875 3.9760819749282126 2046
190 0 0 0 1044.385009765625 0.9560546875 3.9760819749282126 2046
200 0 0 0 1044.385009765625 0.9560546875 3.9760819749282126 2046
210 0 0 0 1044.385009765625 0.9560546875 3.9760819749282126 2046
211 0 0 0 1044.385009765625 0.9560546875 3.9760819749282126 2046
