10 4 201.27857055664072 203.6593979921065 1264.614013671875 55.593994140625 0 0
20 8.2 83.95451243330793 59.92357798541216 1264.614013671875 9.47802734375 201.27857055664072 40
30 9.5 73.1940403988487 55.920498994564454 1264.614013671875 9.47802734375 122.42141673603999 122
40 12.9 78.5477020500242 58.94051598069154 1264.614013671875 6.7080078125 100.87026119671663 217
50 17.2 70.70928245367006 53.23960136519373 1264.614013671875 6.7080078125 92.54768856688042 346
60 19.9 81.87590785961055 63.52160716794596 1264.614013671875 5.808837890625 85.29632591925072 518
70 28.4 88.17831291950922 62.75273464039287 1264.614013671875 5.772216796875 84.34700486783036 717
80 31 85.10864415322578 70.8293122680074 1264.614013671875 5.772216796875 85.43400935002497 1001
90 39.4 93.82653312876744 70.05341830501646 1264.614013671875 5.772216796875 85.35707326229975 1311
100 55.5 208.26105275197065 163.90360251254856 1264.614013671875 5.772216796875 87.31423876809933 1705
110 69.8 398.8942458363179 281.94731813476443 1523.429931640625 5.772216796875 117.01577937033322 2260
120 74.2 293.3502539457335 206.8057718818919 1523.429931640625 5.772216796875 183.53071161957502 2958
130 86.7 818.870709657944 818.0962730657205 3697.625 1.073974609375 205.55398199957762 3700
140 130.1 809.8373359134804 745.2315268209243 3697.625 1.06494140625 321.98612626929594 4567
150 151.9 702.429322333773 670.1435677935048 3697.625 1.06494140625 430.14809350635863 5868
160 126.3 432.4781067909364 532.9925415826448 3697.625 1.0419921875 486.13769504809983 7387
170 39.4 22.364541610485414 24.300420570021895 3697.625 1.0419921875 478.3027748204932 8650
180 11.5 15.461691151494565 13.68620256820697 3697.625 1.0419921875 458.43991945950876 9044
190 2.2 16.662253639914773 13.567253762658773 3697.625 1.0419921875 452.8779043644742 9159
200 0.9 16.583631727430557 7.225463149490141 3697.625 1.0419921875 451.8326212454305 9181
210 0 0 0 3697.625 1.0419921875 451.406370874847 9190
211 0 0 0 3697.625 1.0419921875 451.406370874847 9190
