10 8 100.56062011718751 146.1332237061836 1209.719970703125 8.887939453125 0 0
20 14.5 47.408917025862095 42.09209259043131 1209.719970703125 8.06201171875 100.56062011718751 80
30 15.7 44.21700058469348 43.09405710673693 1209.719970703125 7.387939453125 66.30730034722224 225
40 22 46.098546253551135 42.08393007418928 1209.719970703125 6.7080078125 57.22830280084261 382
50 27.5 44.06708984374999 39.26156129660257 1209.719970703125 6.7080078125 53.160949909805865 602
60 33.8 48.12189551359095 42.1167977624297 1209.719970703125 5.808837890625 50.30939743755345 877
70 48.7 51.533832275891925 43.76630395065298 1209.719970703125 5.772216796875 49.700857807677465 1215
80 51.8 52.14612947559725 50.063193837514504 1209.719970703125 5.772216796875 50.225334050932716 1702
90 66.7 54.278695491121645 45.92620702540447 1209.719970703125 5.772216796875 50.673519650021106 2220
100 97 122.08188048687178 80.80976581510191 1209.719970703125 5.772216796875 51.50644389179944 2887
110 119.6 231.61084392636914 107.11258876259267 1209.719970703125 5.772216796875 69.25551661599445 3857
120 122.4 179.10649358213357 85.59999318065789 1209.719970703125 5.772216796875 107.6835735056062 5053
130 154.9 481.29661241879825 380.4091724594892 1209.719970703125 0.871826171875 121.61087224284843 6277
140 225.3 463.1172426564926 366.160693855165 1209.719970703125 0.869140625 192.80346252301024 7826
150 254.7 418.66836759929 351.8913476601945 1209.719970703125 0.869140625 253.22780488244427 10079
160 181.2 284.6552815216269 296.35720003688346 1209.719970703125 0.869140625 286.601566425277 12626
170 44.4 19.830158955342043 14.936998390352713 1209.719970703125 0.869140625 286.35730349097764 14438
180 12.2 14.56591796875 9.98373153004858 1209.719970703125 0.869140625 278.40554618861086 14882
190 2.3 15.933285920516305 9.630039719342433 1209.719970703125 0.869140625 276.2602226320377 15004
200 0.9 16.583631727430557 7.225463149490141 1209.719970703125 0.869140625 275.86177187377825 15027
210 0 0 0 1209.719970703125 0.869140625 275.7065774562924 15036
211 0 0 0 1209.719970703125 0.869140625 275.7065774562924 15036
