20 1.1 10108.440962357954 4129.698833753645 19131.35791015625 5064.55078125 0 0
30 1.4 11541.545584542411 5375.842646078422 21492.241943359375 3573.200927734375 10108.440962357954 11
40 1.9 13410.924367804277 7445.031357514106 27204.97900390625 3455.2548828125 10910.97955078125 25
50 3.5 15706.798388671878 9512.427701141723 34898.68212890625 3162.018798828125 11990.501176313921 44
60 3.4 14438.185582778033 7250.024456198439 35126.9111328125 3162.018798828125 13636.96196659909 79
70 4.2 12625.715663364956 7584.887049246831 35126.9111328125 1625.405029296875 13878.038098900719 113
80 5.5 13718.544873046874 6823.843483985088 36690.220947265625 1625.405029296875 13538.699116368447 155
90 6.6 13919.857936049953 7745.180730641418 36690.220947265625 1625.405029296875 13585.801576450893 210
100 8.1 14772.981819058641 7631.796976307398 38910.719970703125 1625.405029296875 13665.68461896371 276
110 10.8 13512.864321108218 5770.892940481792 38910.719970703125 1625.405029296875 13916.920118144913 357
120 13.5 15225.828884548611 6908.475861947124 40116.97509765625 1625.405029296875 13823.07490076865 465
130 14.9 17206.39211606019 7952.021885082128 52089.1689453125 1625.405029296875 14138.694547119141 600
140 16.2 16485.126490463448 7589.186990283575 52089.1689453125 1625.405029296875 14748.957481394464 749
150 26.7 17018.12898763021 7479.140680865875 55198.72216796875 1625.405029296875 15057.694451174018 911
160 34.7 17307.22123221364 7656.545802742426 55198.72216796875 1625.405029296875 15502.03742335891 1178
170 21.3 21303.361328125 7672.732141667692 55250.318115234375 1625.405029296875 15912.790722816348 1525
180 7.7 30359.798371550325 6264.490381774577 55250.318115234375 1625.405029296875 16573.43027340941 1738
190 1.6 39396.722564697266 6748.011683768315 57082.823974609375 1625.405029296875 17158.306495754783 1815
200 0.7 42442.03030831473 2871.5200723701623 57082.823974609375 1625.405029296875 17352.6345444184 1831
210 0 0 0 57082.823974609375 1625.405029296875 17448.187194226495 1838
211 0 0 0 57082.823974609375 1625.405029296875 17448.187194226495 1838
