10 333.89375 333.89375
20 577.95546875 911.84921875
30 688.2671875 1600.11640625
40 923.88828125 2524.0046875
50 1132.290625 3656.2953125
60 1430.77109375 5087.06640625
70 2255.39296875 7342.459375
80 2406.54765625 9749.00703125
90 3323.42578125 13072.4328125
100 4320.8703125 17393.303125
110 5950.01796875 23343.32109375
120 5927.17421875 29270.4953125
130 4732.1890625 34002.684375
140 5331.690625 39334.375
150 5293.18671875 44627.56171875
160 5415.1640625 50042.72578125
170 1013.3984375 51056.12421875
180 171.3890625 51227.51328125
190 34.05546875 51261.56875
200 8.92890625 51270.49765625
210 0 51270.49765625
211 0 51270.49765625
