10 43.7734375 43.7734375
20 79.47265625 123.24609375
30 84.05 207.29609375
40 121.51171875 328.8078125
50 147.7421875 476.55
60 187.48046875 664.03046875
70 265.72421875 929.7546875
80 283.42734375 1213.18203125
90 364.375 1577.55703125
100 544.5609375 2122.11796875
110 653.771875 2775.88984375
120 676.70234375 3452.5921875
130 816.084375 4268.6765625
140 1085.015625 5353.6921875
150 1218.06328125 6571.75546875
160 885.61171875 7457.3671875
170 228.115625 7685.4828125
180 61.90859375 7747.39140625
190 11.8125 7759.20390625
200 4.5703125 7763.77421875
210 0 7763.77421875
211 0 7763.77421875
