10 1.1 1776.864346590909 1555.0849296930276 4633.589111328125 178.599853515625 0 0
20 3.2 5480.140525817871 3289.446487274458 11432.405029296875 162.595947265625 1776.864346590909 11
30 1.9 9243.652433696547 3088.384358595679 16298.181884765625 162.595947265625 4532.790805550509 43
40 5.3 8140.127971145342 4084.414665644498 18235.1240234375 162.595947265625 5976.441949659778 62
50 3.2 11099.781150817871 3167.9271425319207 18235.1240234375 162.595947265625 6973.618985648777 115
60 11 11807.5705078125 5433.827781868642 24045.759033203125 162.595947265625 7871.831157658376 147
70 1.7 12594.538832720587 3174.0879019301633 24045.759033203125 162.595947265625 9556.388856167923 257
80 19.2 3471.0953509012857 7725.472430723143 26064.47900390625 1.60888671875 9744.887212377394 274
90 31.8 1456.266173932537 6126.461350177638 30732.2529296875 1.60400390625 7159.977260867925 466
100 48 2388.7541844685884 8807.508078852281 42729.069091796875 1.60400390625 4846.482202646684 784
110 63.1 3469.4901353258733 11187.33389027657 55270.837158203125 1.55517578125 3913.167765363862 1264
120 83.4 7581.795850721756 16056.936578644056 57211.848876953125 1.55517578125 3765.4313091348536 1895
130 104.7 462.3618322625656 2540.1955352679415 57211.848876953125 1.52294921875 4931.736925728286 2729
140 145 611.8682770406771 4137.914278514417 78381.20190429688 1.4990234375 3692.479583869544 3776
150 168.5 630.5910660469219 4546.90097719419 78381.20190429688 1.4990234375 2837.7366839648644 5226
160 101.2 2509.348872128212 9641.813345908802 78381.20190429688 1.4990234375 2299.6032204730786 6911
170 46.2 12556.887893478588 17922.558892330388 78381.20190429688 1.4990234375 2326.393905753275 7923
180 21.1 6993.914300855305 8206.32923913019 78381.20190429688 1.4990234375 2890.0776531986053 8385
190 10.2 13623.467529296875 7537.545479801712 78381.20190429688 1.4990234375 2990.8116611855253 8596
200 15.5 12621.778057270669 11364.23843562741 78381.20190429688 1.4990234375 3115.499048923782 8698
210 11.3 16595.890177768943 15002.314848553677 78381.20190429688 1.4990234375 3281.9367814770144 8853
220 10.8 6155.063793041091 9795.148601668154 78381.20190429688 1.4990234375 3449.7347665072384 8966
230 2.7 457.8263888888888 1830.7276602250006 78381.20190429688 1.4990234375 3481.933965853244 9074
240 0.4 34.658447265625 19.447455669323862 78381.20190429688 1.4990234375 3472.96232487115 9101
250 0 0 0 78381.20190429688 1.4990234375 3471.451812459242 9105
260 0 0 0 78381.20190429688 1.4990234375 3471.451812459242 9105
270 0 0 0 78381.20190429688 1.4990234375 3471.451812459242 9105
273 0 0 0 78381.20190429688 1.4990234375 3471.451812459242 9105
