10 3.5 589.3145089285714 1139.0749847488355 4454.7509765625 14.924072265625 0 0
20 7.3 2464.2322145226885 3250.3599614231794 11432.405029296875 13.778076171875 589.3145089285714 35
30 4.5 5879.541655815972 3856.6668454546725 16298.181884765625 13.778076171875 1856.6199951171875 108
40 10.3 3508.3556133381376 3870.267423540304 18235.1240234375 13.778076171875 3039.8322482638887 153
50 7.1 9605.573328152506 3032.803389532601 18235.1240234375 13.778076171875 3228.339695930481 256
60 24.3 4347.913908781827 3941.16027452885 24045.759033203125 0.947021484375 4612.998986107128 327
70 2.3 10532.898819633154 1660.0958073648753 24045.759033203125 0.947021484375 4499.989032089499 570
80 34.7 2062.2892834226427 5821.468518515462 24045.759033203125 0.947021484375 4733.9804741021535 593
90 55.7 1951.3127621114784 6842.2697295232065 30732.2529296875 0.903076171875 3747.7285132874836 940
100 83.5 2358.9615199288933 7958.102644238083 40346.25390625 0.903076171875 3079.3226526294775 1497
110 116.4 4185.994401125564 11235.246571841551 49149.9619140625 0.903076171875 2821.388885131627 2332
120 142 1617.1581457003745 5155.58653319733 55373.8359375 0.903076171875 3275.73694594883 3496
130 183.3 375.2134165995377 2169.9627172750984 55373.8359375 0.203125 2796.651938554036 4916
140 248.3 399.31472440328605 2872.5408665584146 55373.8359375 0.203125 2138.999425479122 6749
150 275.9 454.3925423755209 3788.672718488181 55373.8359375 0.10791015625 1671.1011247023346 9232
160 149.4 2387.18624334578 8899.878611626034 55373.8359375 0.10791015625 1391.1495794901189 11991
170 61.1 6892.504159580853 12100.409553620835 56357.805908203125 0.10791015625 1501.5002488116136 13485
180 26 5921.759673602762 6330.740514886705 56357.805908203125 0.10791015625 1735.1767094727945 14096
190 11.6 12510.381629680769 6554.831301802779 56357.805908203125 0.10791015625 1810.999471431125 14356
200 18.3 10231.47382759136 10484.430403839342 56357.805908203125 0.10791015625 1896.760135496697 14472
210 12.3 14505.506637449187 12207.462481494911 56357.805908203125 0.10791015625 2000.8374200858013 14655
220 12.4 3914.6401701896402 7033.1265890886925 56357.805908203125 0.10791015625 2104.9160717122527 14778
230 3 405.7308756510418 1632.27785796261 56357.805908203125 0.10791015625 2119.9748415559784 14902
240 0.4 34.658447265625 19.447455669323862 56357.805908203125 0.10791015625 2116.5307403654383 14932
250 0 0 0 56357.805908203125 0.10791015625 2115.973195562787 14936
260 0 0 0 56357.805908203125 0.10791015625 2115.973195562787 14936
270 0 0 0 56357.805908203125 0.10791015625 2115.973195562787 14936
273 0 0 0 56357.805908203125 0.10791015625 2115.973195562787 14936
