40 0.2 29130.655395507813 2030.3905029296875 31161.0458984375 27100.264892578125 0 0
50 0 0 0 31161.0458984375 27100.264892578125 29130.655395507813 2
60 1.1 44869.921497691765 2865.8523312191533 49669.68798828125 27100.264892578125 29130.655395507813 2
70 0.1 56731.84716796875 0.0 56731.84716796875 27100.264892578125 42448.49594350962 13
80 0.9 47126.57546657986 20415.588536275558 72046.34619140625 4066.85205078125 43468.73531668527 14
90 4.2 23794.903140113467 23237.89033123792 77480.39599609375 1618.435791015625 44900.064070991844 23
100 7.6 26161.562387566813 23636.822282600217 89321.73315429688 1618.435791015625 31262.883161808895 65
110 10.5 30887.99941173735 27445.524589562636 96302.27514648438 1618.435791015625 28513.235084912456 141
120 11.3 31157.65078168211 26612.23936641638 107638.56909179688 1618.435791015625 29526.85400489869 246
130 16.3 26842.45598878451 23323.200341634172 107638.56909179688 1124.296142578125 30040.16886778595 359
140 21.6 19406.445376926 19957.878165104128 107638.56909179688 1124.296142578125 29041.64932894067 522
150 32.4 21080.576968346104 22310.74276175059 123029.5029296875 1124.296142578125 26221.589635668086 738
160 27.7 21478.62268198612 21262.358818316432 123029.5029296875 1124.296142578125 24653.145093095278 1062
170 14.6 32259.520909139555 23305.760474263687 130619.92407226563 1124.296142578125 23996.429105136172 1339
180 8.8 41664.22247591886 22314.585066545238 130619.92407226563 1124.296142578125 24808.827356573544 1485
190 5.4 48802.90550401476 20498.896381907005 130619.92407226563 1124.296142578125 25751.786524089366 1573
200 5.8 72602.08051168505 27883.73093443479 130861.81103515625 1124.296142578125 26516.85132121043 1627
210 6.5 80046.04779522236 24760.922705930287 148683.09301757813 1124.296142578125 28103.167815600653 1685
220 5.2 87318.85437950722 20886.13924984667 152572.39794921875 1124.296142578125 30032.474786272316 1750
230 1.5 91884.0348795573 14110.97826660472 152572.39794921875 1124.296142578125 31685.577859994966 1802
240 0.4 129739.32678222656 27890.033215383977 176991.44995117188 1124.296142578125 32182.53815459785 1817
250 0 0 0 176991.44995117188 1124.296142578125 32396.83093576782 1821
260 0 0 0 176991.44995117188 1124.296142578125 32396.83093576782 1821
270 0 0 0 176991.44995117188 1124.296142578125 32396.83093576782 1821
273 0 0 0 176991.44995117188 1124.296142578125 32396.83093576782 1821
