10 3.3 755.9491817589962 1079.6590146879523 3544.859130859375 0.368896484375 0 0
20 8 2011.5288665771488 2476.482259739786 11896.6728515625 0.368896484375 755.9491817589962 33
30 1.6 9301.804718017578 3333.7308638221552 18326.943115234375 0.368896484375 1644.8551533116706 113
40 0.8 16517.132720947266 934.0115945001 18326.943115234375 0.368896484375 2594.554324127907 129
50 14.5 7694.324323141163 10177.045890077854 27064.600830078125 0.345947265625 3407.551602774293 137
60 46 3169.597607952615 4734.3932490508205 33772.799072265625 0.337890625 5611.743249771443 282
70 45.4 319.55844048991617 1820.1251038433252 33772.799072265625 0.337890625 4097.744603899932 742
80 56.4 498.9774278140235 3033.4796161335753 33772.799072265625 0.337890625 2663.5501906991403 1196
90 76.1 503.2650815384775 3814.407831314986 33772.799072265625 0.337890625 1969.9030098655007 1760
100 93.5 456.07297454670737 4168.0229349875735 40795.703125 0.3310546875 1527.1773202753125 2521
110 130.7 649.7673517298686 5490.1813868363615 50971.64990234375 0.328857421875 1237.3964859997784 3456
120 129.6 677.7549709743922 6252.181003847743 60893.630859375 0.328857421875 1076.14700489737 4763
130 157.3 306.44178697279307 4561.288704645501 71431.31591796875 0.328857421875 990.9322704586541 6059
140 237.8 422.5338459191348 5678.237476921979 80877.96997070313 0.323974609375 849.8547638387302 7632
150 262.4 1961.124008643916 9943.468208789278 89589.76000976563 0.31005859375 748.3393649563327 10010
160 161.4 715.0469342956156 2535.7268160022454 89589.76000976563 0.195068359375 1000.2268831640437 12634
170 46.4 1530.3069147570382 3342.8897133454343 89589.76000976563 0.195068359375 967.9219675637037 14248
180 17 5619.580050838697 6209.051408152913 89589.76000976563 0.195068359375 985.6589588291814 14712
190 17.4 4922.496511875896 5800.277819138432 89589.76000976563 0.195068359375 1038.5931468174638 14882
200 4.2 115.57088797433033 283.0699620993336 89589.76000976563 0.195068359375 1083.4788525507374 15056
210 1.1 13.744939630681818 5.380341503978478 89589.76000976563 0.195068359375 1080.7863015829132 15098
213 0.1 6.255126953125 0.0 89589.76000976563 0.195068359375 1080.0094497077744 15109
