10 51.12578125 51.12578125
20 27588.63515625 27639.7609375
30 25840.19453125 53479.95546875
40 25977.87578125 79457.83125
50 28257.3265625 107715.1578125
60 14581.67734375 122296.83515625
70 26259.31328125 148556.1484375
80 26970.153125 175526.3015625
90 26545.52578125 202071.82734375
100 26539.4875 228611.31484375
110 26680.803125 255292.11796875
120 26723.49453125 282015.6125
130 26785.60390625 308801.21640625
140 25135.05390625 333936.2703125
150 26469.084375 360405.3546875
160 27038.88828125 387444.24296875
170 26904.4125 414348.65546875
180 23824.46171875 438173.1171875
190 26520.02421875 464693.14140625
200 2802.19609375 467495.3375
210 4.86484375 467500.20234375
213 0.11171875 467500.3140625
