10 2.2 289.7008278586648 341.0947289603898 1680.299072265625 29.860107421875 0 0
20 1.3 7973.433067908654 2156.1544012326012 10482.81298828125 29.860107421875 289.7008278586648 22
30 8.7 2469.3420129534843 1402.515847609836 10482.81298828125 1.48095703125 3143.658517020089 35
40 0 0 0 10482.81298828125 1.48095703125 2662.7934690381658 122
50 0 0 0 10482.81298828125 1.48095703125 2662.7934690381658 122
60 1.5 33480.61595052085 6153.313089496705 49875.0859375 1.48095703125 2662.7934690381658 122
70 6.7 3540.847874883395 14040.538054567483 59549.787841796875 1.48095703125 6037.007609346489 137
80 56.9 106.52284495482755 2471.593119265046 59549.787841796875 0.6640625 5217.190441655179 204
90 70.2 3392.029785156246 13788.845087240074 59989.89013671875 0.6640625 1455.2630645238723 773
100 121.7 1518.3886233277267 9376.460933593737 59989.89013671875 0.635009765625 2377.032717326534 1475
110 148.2 1689.1305842637682 9876.291321855386 59989.89013671875 0.632080078125 1988.8566911762557 2692
120 152.5 1991.8621482774097 10695.655248326657 59989.89013671875 0.632080078125 1882.4374074090524 4174
130 214.8 1110.8025162624026 8043.030994751781 60000.077880859375 0.632080078125 1911.71846194919 5699
140 237.8 2.388400219788168 0.9798014433501562 60000.077880859375 0.632080078125 1692.4795870498374 7847
150 260.3 139.23599929018226 2846.554602358893 60000.077880859375 0.619873046875 1299.4197491738612 10225
160 169.9 247.60376824372756 3811.751054969115 60000.077880859375 0.19482421875 1064.000486549351 12828
170 41.7 2.5326346344799195 1.0097333220446862 60000.077880859375 0.19482421875 968.5191053693928 14527
180 4.7 2.4110808676861697 0.7726532488158655 60000.077880859375 0.19482421875 941.5640492735378 14944
190 0.5 47798.38232421875 23881.610170784206 60000.077880859375 0.19482421875 938.6196033049516 14991
200 0 0 0 60000.077880859375 0.19482421875 954.2436906352109 14996
210 0 0 0 60000.077880859375 0.19482421875 954.2436906352109 14996
220 1.4 55310.365216936385 15341.516878735834 60000.077880859375 0.19482421875 954.2436906352109 14996
230 2.4 59554.15704345703 318.008531613498 60000.077880859375 0.19482421875 1004.9422716724006 15010
240 3.6 59454.42071533203 275.1034661641927 60000.077880859375 0.19482421875 1098.4091570337703 15034
250 1.7 59608.73948759191 274.6193965028833 60000.077880859375 0.19482421875 1237.813033350873 15070
260 4.6 20604.44568932574 21181.69365617487 60000.077880859375 0.19482421875 1303.5852710205288 15087
270 0.4 10.3905029296875 2.929055639157389 60000.077880859375 0.19482421875 1362.2543768978855 15133
280 0.4 29898.765747070313 29890.10164197888 60000.077880859375 0.19482421875 1361.897142604705 15137
290 2.2 34518.68140758167 16710.967798968017 60000.077880859375 0.19482421875 1369.4361079582395 15141
300 0 0 0 60000.077880859375 0.19482421875 1417.5323551779002 15163
310 0.1 8.217041015625 0.0 60000.077880859375 0.19482421875 1417.5323551779002 15163
320 0 0 0 60000.077880859375 0.19482421875 1417.4394169482666 15164
330 0 0 0 60000.077880859375 0.19482421875 1417.4394169482666 15164
333 0 0 0 60000.077880859375 0.19482421875 1417.4394169482666 15164
