50 0.2 20567.551513671875 18131.467529296875 38699.01904296875 2436.083984375 0 0
60 2.2 16410.551624644886 16272.760062443369 51143.8388671875 2436.083984375 20567.551513671875 2
70 2.9 20689.203116581357 18879.809412298087 63730.927001953125 2436.083984375 16756.9682820638 24
80 6.6 29223.150627367424 21891.364206330505 74111.87915039063 1889.23291015625 18908.568474535674 53
90 6.3 24403.95500449529 19535.50883428508 84225.78295898438 1889.23291015625 24629.261097114628 119
100 8.1 19955.067952473964 20387.7007728825 84225.78295898438 1889.23291015625 24551.270526592547 182
110 11 15257.230437677557 14739.188040728695 84225.78295898438 1889.23291015625 23135.710037985682 263
120 14.5 17174.490473464433 18188.59809301231 103112.50708007813 933.349853515625 20812.2978234176 373
130 15.9 16390.010387492635 15422.502743260908 106067.97607421875 933.349853515625 19793.992677195187 518
140 22.2 15550.161518818622 17358.414637596194 116030.5439453125 933.349853515625 18994.534502804192 677
150 27.9 18576.11352101536 21513.620990731433 141083.78100585938 933.349853515625 18143.977436680947 899
160 28.5 23721.743644634054 23580.375083900024 141121.1650390625 933.349853515625 18246.325456654886 1178
170 14.7 32571.865295825362 25764.523735046878 141121.1650390625 933.349853515625 19312.965363404077 1463
180 7 42687.16071777344 31310.09970027137 149577.58911132813 933.349853515625 20523.56057462515 1610
190 2.4 58485.67409261068 32527.4457391644 153527.24096679688 933.349853515625 21447.043913922997 1680
200 7 72636.17350725444 35758.97104536526 165318.43188476563 933.349853515625 21968.714761510146 1704
210 3.3 60206.11004823627 17963.932978627712 165318.43188476563 933.349853515625 23967.994418895774 1774
220 0.9 84115.53979492188 37450.18820579047 168941.27099609375 933.349853515625 24629.786237251188 1807
230 0.2 72798.83947753906 2311.4434814453125 168941.27099609375 933.349853515625 24924.59448726167 1816
240 0.1 87709.60815429688 0.0 168941.27099609375 933.349853515625 24977.261423444594 1818
250 0.1 89931.5 0.0 168941.27099609375 933.349853515625 25011.74869487442 1819
260 0 0 0 168941.27099609375 933.349853515625 25047.418887899214 1820
270 0 0 0 168941.27099609375 933.349853515625 25047.418887899214 1820
271 0 0 0 168941.27099609375 933.349853515625 25047.418887899214 1820
