10 38.45625 38.45625
20 29196.85546875 29235.31171875
30 26211.159375 55446.47109375
40 26860.37265625 82306.84375
50 18558.57578125 100865.41953125
60 28641.41171875 129506.83125
70 29046.68828125 158553.51953125
80 19913.18359375 178466.703125
90 16673.7375 195140.440625
100 27442.6921875 222583.1328125
110 27542.5984375 250125.73125
120 18579.52109375 268705.25234375
130 23268.78515625 291974.0375
140 27914.48828125 319888.52578125
150 19604.09765625 339492.6234375
160 23706.68046875 363199.30390625
170 29810.2703125 393009.57421875
180 23316.23359375 416325.8078125
190 20035.28828125 436361.09609375
200 24582.578125 460943.67421875
210 27036.48984375 487980.1640625
220 576.5625 488556.7265625
230 1132.10703125 489688.83359375
240 3.85390625 489692.6875
250 0.11015625 489692.79765625
260 0 489692.79765625
270 0 489692.79765625
271 0 489692.79765625
