10 1.4 14
20 0.8 22
30 5.3 75
40 1.4 89
50 0.2 91
60 1 101
70 0.1 102
80 1 112
90 3.5 147
100 23.6 383
110 2 403
120 1.5 418
130 6.3 481
140 0.4 485
150 3.5 520
160 6.3 583
170 0.1 584
180 0 584
190 0 584
200 0 584
210 0 584
220 0 584
230 0 584
240 0 584
250 0 584
260 0 584
270 0 584
280 0 584
290 0 584
300 0 584
310 0 584
320 0 584
330 0 584
340 0 584
350 0 584
360 0 584
370 0 584
380 0 584
390 0 584
400 0 584
410 0 584
420 0 584
430 0 584
440 0 584
450 0 584
460 0 584
470 0 584
480 0 584
490 0 584
500 0 584
510 0 584
511 0 584
