10 0.1 1
20 0 1
30 0.2 3
40 0.1 4
50 0 4
60 0 4
70 0 4
80 0.1 5
90 0 5
100 0.3 8
110 0 8
120 0.7 15
130 3.8 53
140 6.4 117
150 5.7 174
160 6 234
170 3.9 273
180 0.4 277
190 1.6 293
200 0.2 295
210 0.1 296
220 0.6 302
230 0.2 304
240 0 304
250 0 304
260 0 304
270 0 304
280 0 304
290 0 304
300 0 304
310 0 304
320 0 304
330 0 304
340 0 304
350 0 304
360 0 304
370 0 304
380 0 304
390 0 304
400 0 304
410 0 304
420 0 304
430 0 304
440 0 304
450 0 304
460 0 304
470 0 304
480 0 304
490 0 304
500 0 304
510 0 304
511 0 304
