10 21 21
20 39 18
30 61 22
40 98 37
50 134 36
60 179 45
70 232 53
80 301 69
90 388 87
100 521 133
110 687 166
120 824 137
130 1064 240
140 1240 176
150 1295 55
160 1011 -284
170 695 -316
180 497 -198
190 363 -134
200 251 -112
210 201 -50
220 128 -73
230 74 -54
240 59 -15
250 56 -3
260 52 -4
270 49 -3
280 43 -6
290 31 -12
300 22 -9
310 19 -3
320 19 0
330 18 -1
340 16 -2
350 15 -1
360 12 -3
370 9 -3
380 9 0
390 7 -2
400 7 0
410 7 0
420 4 -3
430 4 0
440 4 0
450 4 0
460 4 0
470 3 -1
480 2 -1
490 1 -1
500 1 0
510 0 -1
511 0 0
