10 2.2 52.63471013849432 226.31947105358017 1089.71484375 1.23583984375 0 0
20 1.8 1.944580078125 0.32005029506613136 1089.71484375 1.23583984375 52.63471013849432 22
30 2.4 4.388346354166667 4.367443649106121 1089.71484375 1.23583984375 29.824151611328126 40
40 3.9 1.5853052383814104 0.24875894465023177 1089.71484375 1.111083984375 20.285724639892578 64
50 3.6 1.7406887478298612 0.4828948205987266 1089.71484375 1.111083984375 13.204983313106796 103
60 4.6 1.5628609035326086 0.24883048405077646 1089.71484375 1.0810546875 10.235813497639388 139
70 5.3 1.9846974498820746 1.7033699918422882 1089.71484375 1.0810546875 8.079295555320947 185
80 7.1 2.0184549680897885 1.407985095957319 1089.71484375 1.0810546875 6.722095136882879 238
90 8.8 1.5524846857244319 0.3940873966647874 1089.71484375 1.0478515625 5.641323447613269 309
100 13.7 1.4279357464644165 0.2677179774563023 1089.71484375 1.0478515625 4.73498135429786 397
110 16.6 1.4414503717996994 0.3180017946991505 1089.71484375 1.0478515625 3.886544559778793 534
120 15.7 1.456160429936306 0.29351890179479967 1089.71484375 1.0478515625 3.3067079380580364 700
130 32.7 1.438509413226301 0.5848745147475662 1089.71484375 1.011962890625 2.967692816966891 857
140 39.2 2.307780363121808 3.9396349603716794 1089.71484375 1.011962890625 2.5453592248865085 1184
150 37.8 1.411204504588293 0.2822570243518972 1089.71484375 0.828125 2.486266005462801 1576
160 10.9 1.4852709288990826 0.2981301965107925 1089.71484375 0.828125 2.2782960733591344 1954
170 4.2 1.6362188430059523 0.3757304009707113 1089.71484375 0.828125 2.2363960536082157 2063
180 0.4 1.70123291015625 0.18472125425917707 1089.71484375 0.828125 2.2244210213776716 2105
190 1.7 2.1881031709558822 2.3857853047244415 1089.71484375 0.828125 2.223428725291903 2109
200 0.2 1.7659912109375 0.2030029296875 1089.71484375 0.828125 2.223146253784983 2126
210 0.1 1.758056640625 0.0 1089.71484375 0.828125 2.2227165967898257 2128
220 0.6 1.5795491536458333 0.1890470691125036 1089.71484375 0.828125 2.2224983441096167 2129
230 0.2 1.7244873046875 0.2125244140625 1089.71484375 0.828125 2.2206914611387583 2135
240 0 0 0 1089.71484375 0.828125 2.2202270679179335 2137
250 0 0 0 1089.71484375 0.828125 2.2202270679179335 2137
260 0 0 0 1089.71484375 0.828125 2.2202270679179335 2137
270 0 0 0 1089.71484375 0.828125 2.2202270679179335 2137
280 0 0 0 1089.71484375 0.828125 2.2202270679179335 2137
290 0 0 0 1089.71484375 0.828125 2.2202270679179335 2137
300 0 0 0 1089.71484375 0.828125 2.2202270679179335 2137
310 0 0 0 1089.71484375 0.828125 2.2202270679179335 2137
320 0 0 0 1089.71484375 0.828125 2.2202270679179335 2137
330 0 0 0 1089.71484375 0.828125 2.2202270679179335 2137
340 0 0 0 1089.71484375 0.828125 2.2202270679179335 2137
350 0 0 0 1089.71484375 0.828125 2.2202270679179335 2137
360 0 0 0 1089.71484375 0.828125 2.2202270679179335 2137
370 0 0 0 1089.71484375 0.828125 2.2202270679179335 2137
380 0 0 0 1089.71484375 0.828125 2.2202270679179335 2137
390 0 0 0 1089.71484375 0.828125 2.2202270679179335 2137
400 0 0 0 1089.71484375 0.828125 2.2202270679179335 2137
410 0 0 0 1089.71484375 0.828125 2.2202270679179335 2137
420 0 0 0 1089.71484375 0.828125 2.2202270679179335 2137
430 0 0 0 1089.71484375 0.828125 2.2202270679179335 2137
440 0 0 0 1089.71484375 0.828125 2.2202270679179335 2137
450 0 0 0 1089.71484375 0.828125 2.2202270679179335 2137
460 0 0 0 1089.71484375 0.828125 2.2202270679179335 2137
470 0 0 0 1089.71484375 0.828125 2.2202270679179335 2137
480 0 0 0 1089.71484375 0.828125 2.2202270679179335 2137
490 0 0 0 1089.71484375 0.828125 2.2202270679179335 2137
500 0 0 0 1089.71484375 0.828125 2.2202270679179335 2137
510 0 0 0 1089.71484375 0.828125 2.2202270679179335 2137
511 0 0 0 1089.71484375 0.828125 2.2202270679179335 2137
