0 0 0
10 0 0
20 0 0
30 0.1 1
40 0 1
50 0 1
60 0.1 2
70 0 2
80 0.1 3
90 0.1 4
100 0.1 5
110 0 5
120 1.4 19
130 4.9 68
140 15.4 222
150 27.1 493
160 33 823
170 31.7 1140
180 19.8 1338
190 13.3 1471
200 11.2 1583
210 4.9 1632
220 7.3 1705
230 5.4 1759
240 1.5 1774
250 0.3 1777
260 0.5 1782
270 0.2 1784
280 0.6 1790
290 1.2 1802
300 0.9 1811
310 0.3 1814
320 0 1814
330 0.1 1815
340 0.2 1817
350 0.1 1818
360 0.3 1821
370 0.3 1824
380 0 1824
390 0.2 1826
400 0 1826
410 0 1826
420 0.3 1829
430 0 1829
440 0 1829
450 0 1829
460 0 1829
470 0.1 1830
480 0.1 1831
490 0.1 1832
500 0 1832
510 0.1 1833
511 0 1833
