30 0.1 29501.986083984375 0 29501.986083984375 29501.986083984375 0 0
40 0 0 0 29501.986083984375 29501.986083984375 29501.986083984375 1
50 0 0 0 29501.986083984375 29501.986083984375 29501.986083984375 1
60 0.1 48402.239990234375 0.0 48402.239990234375 29501.986083984375 29501.986083984375 1
70 0 0 0 48402.239990234375 29501.986083984375 38952.113037109375 2
80 0.1 73575.27783203125 0.0 73575.27783203125 29501.986083984375 38952.113037109375 2
90 0.1 78656.50708007813 0.0 78656.50708007813 29501.986083984375 50493.16796875 3
100 0.1 77427.89086914063 0.0 78656.50708007813 29501.986083984375 57534.00274658203 4
110 0 0 0 78656.50708007813 29501.986083984375 61512.78037109375 5
120 1.4 6421.3343505859375 3178.6076782386917 78656.50708007813 1928.258056640625 61512.78037109375 5
130 4.9 9258.392817283166 5121.926536782846 78656.50708007813 1368.47705078125 20919.08330335115 19
140 15.4 12969.868549297376 18336.20305842756 124553.6640625 533.697998046875 12516.526923684514 68
150 27.1 13225.038370618082 12504.765748194237 136159.21801757813 533.697998046875 12831.007150461004 222
160 33 34896.19362940932 40359.50289874517 153781.67309570313 533.697998046875 13047.604433752216 493
170 31.7 63193.48796009341 41932.183370919425 161080.837890625 533.697998046875 21808.27810880306 823
180 19.8 74508.8179783677 32582.907471870665 168780.1220703125 533.697998046875 33316.2706727145 1140
190 13.3 85734.02968603151 30502.087916143693 178899.06005859375 533.697998046875 39412.02879417887 1338
200 11.2 90504.97256687706 22218.968018766915 178899.06005859375 533.697998046875 43600.21786189906 1471
210 4.9 96464.83985869738 24428.593692872983 178899.06005859375 533.697998046875 46918.81074058355 1583
220 7.3 108928.43934276006 33189.79172270958 201858.7978515625 533.697998046875 48406.40597758574 1632
230 5.4 126566.29900444878 30467.26050481241 201858.7978515625 533.697998046875 50997.67192225302 1705
240 1.5 124803.5868326823 30914.626018781146 201858.7978515625 533.697998046875 53317.57292420787 1759
250 0.3 139538.70955403647 41893.16632582405 201858.7978515625 533.697998046875 53922.02061790974 1774
260 0.5 152432.30659179686 17513.082598741137 201858.7978515625 533.697998046875 54066.56201735171 1777
270 0.2 175250.9814453125 34728.70654296875 209979.68798828125 533.697998046875 54342.560178335 1782
280 0.6 178941.7509358724 29868.86751460731 232243.35009765625 533.697998046875 54478.107735809186 1784
290 1.2 180470.13505045572 33504.682489692714 245506.70703125 533.697998046875 54895.30430519488 1790
300 0.9 205427.00499131944 36766.89895050876 265618.23095703125 533.697998046875 55731.54069195577 1802
310 0.3 206465.69034830728 39502.27320539492 265618.23095703125 533.697998046875 56475.47176798795 1811
320 0 0 0 265618.23095703125 533.697998046875 56723.52615373269 1814
330 0.1 223565.69384765625 0.0 265618.23095703125 533.697998046875 56723.52615373269 1814
340 0.2 225038.79541015625 35570.719482421875 265618.23095703125 533.697998046875 56815.45021306818 1815
350 0.1 260533.3359375 0.0 265618.23095703125 533.697998046875 57000.61625070945 1817
360 0.3 275933.80704752606 34529.9676387866 324601.2570800781 533.697998046875 57112.570441956304 1818
370 0.3 266829.76700846356 4486.784665396497 324601.2570800781 533.697998046875 57473.066713135166 1821
380 0 0 0 324601.2570800781 533.697998046875 57817.40339125248 1824
390 0.2 281689.6091308594 515.509033203125 324601.2570800781 533.697998046875 57817.40339125248 1824
400 0 0 0 324601.2570800781 533.697998046875 58062.60843587418 1826
410 0 0 0 324601.2570800781 533.697998046875 58062.60843587418 1826
420 0.3 303270.32568359375 26793.250792088667 324601.2570800781 533.697998046875 58062.60843587418 1826
430 0 0 0 324601.2570800781 533.697998046875 58464.80808144179 1829
440 0 0 0 324601.2570800781 533.697998046875 58464.80808144179 1829
450 0 0 0 324601.2570800781 533.697998046875 58464.80808144179 1829
460 0 0 0 324601.2570800781 533.697998046875 58464.80808144179 1829
470 0.1 322958.0419921875 0.0 324601.2570800781 533.697998046875 58464.80808144179 1829
480 0.1 370045.9719238281 0.0 370045.9719238281 533.697998046875 58609.33990325094 1830
490 0.1 400316.8698730469 0.0 400316.8698730469 533.697998046875 58779.430909269824 1831
500 0 0 0 400316.8698730469 533.697998046875 58965.85964232865 1832
510 0.1 384203.8498535156 0.0 400316.8698730469 533.697998046875 58965.85964232865 1832
511 0 0 0 400316.8698730469 533.697998046875 59143.29444331675 1833
