0 0 0
10 2.1 21
20 2.1 42
30 1.9 61
40 3.9 100
50 3.6 136
60 4.5 181
70 5.3 234
80 7.1 305
90 9 395
100 13.5 530
110 16.5 695
120 15.1 846
130 29.6 1142
140 32.8 1470
150 31.9 1789
160 4.4 1833
170 0 1833
180 0 1833
190 0 1833
200 0 1833
210 0 1833
220 0 1833
230 0 1833
240 0 1833
250 0 1833
260 0 1833
270 0 1833
280 0 1833
290 0 1833
300 0 1833
310 0 1833
320 0 1833
330 0 1833
340 0 1833
350 0 1833
360 0 1833
370 0 1833
380 0 1833
390 0 1833
400 0 1833
410 0 1833
420 0 1833
430 0 1833
440 0 1833
450 0 1833
460 0 1833
470 0 1833
480 0 1833
490 0 1833
500 0 1833
510 0 1833
511 0 1833
