10 0.8 8
20 0.3 11
30 3.7 48
40 1.2 60
50 2.4 84
60 0.2 86
70 0.6 92
80 0 92
90 1.2 104
100 7.4 178
110 0.4 182
120 0 182
130 0.1 183
140 0 183
150 0 183
160 0.8 191
170 3 221
180 1.7 238
190 0.5 243
200 1.6 259
210 2.6 285
220 0 285
230 0 285
240 0 285
250 0 285
260 0 285
270 0.4 289
280 0.1 290
290 0 290
300 0 290
310 0 290
320 0 290
330 0 290
340 0 290
350 0 290
360 0 290
370 0 290
380 0 290
390 0 290
400 0 290
410 0.8 298
420 0 298
430 0 298
440 0 298
450 0 298
460 0 298
470 0 298
480 0 298
490 0 298
500 0 298
510 0 298
511 0 298
