10 1.5 15
20 0.6 21
30 5.5 76
40 2.2 98
50 4.1 139
60 0 139
70 2.2 161
80 0.5 166
90 11.3 279
100 24.6 525
110 0.9 534
120 1.1 545
130 1.2 557
140 0 557
150 0 557
160 9.9 656
170 61.6 1272
180 26.8 1540
190 10.1 1641
200 7.3 1714
210 0.9 1723
220 0 1723
230 0 1723
240 0 1723
250 0 1723
260 0.7 1730
270 17.7 1907
280 0.1 1908
290 0.1 1909
300 0.6 1915
310 0.3 1918
320 0.1 1919
330 0 1919
340 0.4 1923
350 0.2 1925
360 0 1925
370 0 1925
380 0 1925
390 0 1925
400 0 1925
410 0.5 1930
420 0.3 1933
430 0 1933
440 0 1933
450 0 1933
460 0.7 1940
470 0 1940
480 0 1940
490 0 1940
500 0 1940
510 0 1940
511 0 1940
