20 0.1 1
30 0 1
40 0.1 2
50 0.3 5
60 1 15
70 0.5 20
80 1.7 37
90 0.9 46
100 0.6 52
110 1.9 71
120 1 81
130 5.4 135
140 6.1 196
150 8.5 281
160 2.8 309
170 1.4 323
180 0.9 332
190 0.1 333
200 0.1 334
210 0.2 336
220 0 336
230 0 336
240 0.1 337
250 0.3 340
260 0.3 343
270 0.1 344
280 0.1 345
290 0 345
300 0.1 346
310 0 346
320 0 346
330 0.1 347
340 0.1 348
350 0.1 349
360 0 349
370 0 349
380 0 349
390 0 349
400 0 349
410 0 349
420 0 349
430 0 349
440 0 349
450 0 349
460 0 349
470 0 349
480 0 349
490 0 349
500 0 349
510 0 349
511 0 349
