30 1.9 19
40 8.1 100
50 6.1 161
60 26 421
70 14.3 564
80 45.4 1018
90 20.2 1220
100 32.6 1546
110 58 2126
120 40.9 2535
130 107.7 3612
140 98.8 4600
150 118.2 5782
160 38.6 6168
170 19.9 6367
180 8.4 6451
190 1.2 6463
200 0.2 6465
210 0 6465
220 0 6465
230 0 6465
240 6.6 6531
250 27.5 6806
260 2.4 6830
270 0.4 6834
280 9 6924
290 0.4 6928
300 0 6928
310 0 6928
320 0 6928
330 0 6928
340 0 6928
350 0 6928
360 0 6928
370 0 6928
380 0 6928
390 0 6928
400 0 6928
410 0 6928
420 0 6928
430 0 6928
440 0 6928
450 0.2 6930
460 0 6930
470 0 6930
480 0 6930
490 0 6930
500 0 6930
510 0 6930
511 0 6930
