10 2.3 191.0210491677989 277.786465864957 1398.47705078125 30.839111328125 0 0
20 1 2175.3034912109374 4275.043589421307 12647.72607421875 0.961181640625 191.0210491677989 23
30 11.1 3065.3326405018315 4824.782407257965 19543.2578125 0.961181640625 792.3187588778409 33
40 11.6 2894.8648092335648 4690.834423806146 28114.7939453125 0.698974609375 2544.4336259630004 144
50 12.9 1786.6200452701066 4015.593510573256 28114.7939453125 0.698974609375 2700.7798461914063 260
60 27.1 3142.8200557469436 5995.667307451492 28114.7939453125 0.4921875 2397.62659601442 389
70 17.7 949.2842472744528 5281.424121953527 60051.281982421875 0.4921875 2703.6075469045927 660
80 47.7 3311.026847279547 7291.883871558051 60051.281982421875 0.4921875 2332.6216161584343 837
90 34.3 4226.578721471846 7326.024745076049 60051.281982421875 0.4921875 2687.7961178667833 1314
100 66.4 2597.0175483427824 7415.951568455083 60051.281982421875 0.4921875 3006.3250454687964 1657
110 61.3 3199.267319646588 8665.058594819502 60051.281982421875 0.4921875 2889.2288894620438 2321
120 56.3 2095.2044610519797 9596.486861395764 60051.281982421875 0.4921875 2954.0051531645404 2934
130 178.8 2920.930668978082 8349.039384169679 60051.281982421875 0.4912109375 2815.7424166305477 3497
140 223.8 1874.298315080607 8145.923193944371 60051.281982421875 0.475830078125 2851.329284217566 5285
150 270.6 2846.037745530044 8332.137179477862 60051.281982421875 0.475830078125 2560.6745841074353 7523
160 135.4 4342.529747651625 12844.814175432015 60051.281982421875 0.475830078125 2636.1651222645937 10229
170 102.3 5360.058694222339 7768.989356917626 60051.281982421875 0.475830078125 2835.6313834036805 11583
180 40 4555.265727539062 8236.768551076695 60051.281982421875 0.475830078125 3040.493285590535 12606
190 12.5 22317.040425781244 14924.414714969787 60051.281982421875 0.475830078125 3087.080166782247 13006
200 19.6 37704.46175586934 22769.014417193386 60051.281982421875 0.475830078125 3270.138961418975 13131
210 11.5 43645.51021993886 22634.65778358922 60051.281982421875 0.475830078125 3776.5640584184703 13327
220 1.6 59567.557540893555 265.9403136493477 60051.281982421875 0.475830078125 4117.653837363184 13442
230 1.5 59405.748274739584 241.83094825448887 60051.281982421875 0.475830078125 4183.577337085021 13458
240 25.2 33825.30025227866 21855.489376217443 60051.281982421875 0.475830078125 4245.058266652662 13473
250 40.2 25799.596157396616 25109.211737144935 60051.281982421875 0.475830078125 4788.170906388746 13725
260 14.4 27934.009528266055 29526.88452729859 60051.281982421875 0.475830078125 5386.075128863805 14127
270 34.9 12510.558663004796 21187.732946224278 60051.281982421875 0.475830078125 5613.592650657227 14271
280 9.9 10746.832489938452 16211.547958445537 60051.281982421875 0.475830078125 5778.232947395209 14620
290 1.1 40394.6816628196 22453.247224500687 60051.281982421875 0.475830078125 5811.651749943737 14719
300 4.4 50593.74946178089 20999.340439317893 60051.281982421875 0.475830078125 5837.477502085056 14730
310 2.8 53284.37147739955 18458.315650928944 60051.281982421875 0.475830078125 5970.770852987088 14774
320 1.1 54047.33307439631 17090.991235322188 60051.281982421875 0.475830078125 6060.270975773437 14802
330 2.2 55687.200139825996 12735.57453202 60051.281982421875 0.475830078125 6095.905734639626 14813
340 6.6 55600.54801062382 15086.540772687504 82781.86499023438 0.475830078125 6169.44860467091 14835
350 4.2 55258.190673828125 15326.216809617326 82781.86499023438 0.475830078125 6388.390458290995 14901
360 2.7 44177.974301938666 26106.82750211007 82781.86499023438 0.475830078125 6525.74785700963 14943
370 4.5 30851.16059027779 15149.504462961024 82781.86499023438 0.475830078125 6593.657684265014 14970
380 0.6 59612.51835123698 260.03661827746123 82781.86499023438 0.475830078125 6666.357493174142 15015
390 0.6 59714.11503092448 260.1194649925198 82781.86499023438 0.475830078125 6687.506349119045 15021
400 2.3 59527.05466627038 321.4059839463191 82781.86499023438 0.475830078125 6708.678882032523 15027
410 1.9 32162.063527960527 22711.433164235437 82781.86499023438 0.475830078125 6789.3979945267065 15050
420 1.5 47591.469140625 23777.27762248756 82781.86499023438 0.475830078125 6821.389543079049 15069
430 2.3 50129.6908648947 9004.700682042376 82781.86499023438 0.475830078125 6861.932581660539 15084
440 0 0 0 82781.86499023438 0.475830078125 6927.806576531419 15107
450 0.2 33195.59191894531 711.3499755859375 82781.86499023438 0.475830078125 6927.806576531419 15107
460 0.9 21286.269476996527 25001.43886493354 82781.86499023438 0.475830078125 6931.28368095162 15109
470 0 0 0 82781.86499023438 0.475830078125 6939.829445746197 15118
480 0 0 0 82781.86499023438 0.475830078125 6939.829445746197 15118
490 0 0 0 82781.86499023438 0.475830078125 6939.829445746197 15118
500 0 0 0 82781.86499023438 0.475830078125 6939.829445746197 15118
510 0 0 0 82781.86499023438 0.475830078125 6939.829445746197 15118
511 0 0 0 82781.86499023438 0.475830078125 6939.829445746197 15118
