40 0.2 26124.27392578125 3727.24609375 29851.52001953125 22397.02783203125 0 0
50 0.5 23361.4095703125 11864.426702546893 38883.1220703125 9577.885986328125 26124.27392578125 2
60 1.8 18187.657267252605 13088.385115913114 48607.909912109375 2681.614013671875 24150.799386160714 7
70 1.4 24421.32608468192 20366.381490202646 62610.592041015625 2572.886962890625 19857.337060546874 25
80 2.8 21298.987601143974 19045.637843307337 73512.123046875 2572.886962890625 21495.69209485176 39
90 3.8 34813.87041272615 26523.987275086452 82083.1669921875 2572.886962890625 21413.4872318097 67
100 3.9 31918.698836889034 25837.422022408315 84958.544921875 2572.886962890625 26263.149716331845 105
110 4.6 17422.70664911685 16144.40030313614 84958.544921875 2572.886962890625 27794.86093648275 144
120 5.2 18253.865901066703 13373.69565334527 84958.544921875 2572.886962890625 25283.707793225745 190
130 11.2 25932.448944091797 24338.798627677246 112644.61889648438 2061.698974609375 23773.16325441471 242
140 16.4 23280.878267613858 23124.213174833163 112644.61889648438 2061.698974609375 24456.32708843684 354
150 26.1 24345.382361634936 24253.75790082421 113831.13500976563 1852.052001953125 24084.17726871682 518
160 24.6 23973.708126905498 24371.32971374213 153025.751953125 1852.052001953125 24171.692710631618 779
170 16.3 35585.04126276122 26393.15225088378 153025.751953125 1852.052001953125 24124.17641053735 1025
180 10 52929.514741210936 27841.815122264317 153025.751953125 1852.052001953125 25696.668810295338 1188
190 1.1 43187.96464399858 8559.30665227247 153025.751953125 1852.052001953125 27811.02020244717 1288
200 0.7 65240.86345563616 40142.00227912796 162530.89306640625 1852.052001953125 27941.232972929898 1299
210 1.7 106360.27900965074 31284.213868560804 162530.89306640625 1852.052001953125 28141.154422684067 1306
220 0.7 122276.22087751116 47476.07978357312 207742.13696289063 1852.052001953125 29146.237656227855 1323
230 1.3 107392.2271822416 21174.5353189439 207742.13696289063 1852.052001953125 29636.395462655662 1330
240 5.8 118933.34626717403 25879.144460329015 207742.13696289063 1852.052001953125 30389.058018392534 1343
250 13.1 128029.84894777254 25234.339101492762 207742.13696289063 1852.052001953125 34054.703070804615 1401
260 2.4 128187.78410847981 31070.790928380815 237356.35498046875 1852.052001953125 42090.43682399182 1532
270 6.1 147371.3698170146 27694.983516457625 237356.35498046875 1852.052001953125 43418.41647362403 1556
280 2.3 187371.9218643852 38577.128470836244 266539.6650390625 1852.052001953125 47339.95645751198 1617
290 0.3 194691.09790039063 46688.73370511773 266539.6650390625 1852.052001953125 49303.81938699862 1640
300 2.1 175639.2387114025 20820.06983486933 266539.6650390625 1852.052001953125 49569.28611587274 1643
310 1.5 190684.73326822917 22279.57417624711 266539.6650390625 1852.052001953125 51160.313161849976 1664
320 0.7 193615.10707310267 11634.679909258162 266539.6650390625 1852.052001953125 52406.80887453353 1679
330 0.9 210459.53217230903 19100.583874889835 266539.6650390625 1852.052001953125 52993.082947718576 1686
340 2.3 241773.43017578125 30480.407043318555 306184.7060546875 1852.052001953125 53829.187987849145 1695
350 1.2 254237.07120768228 26699.014077511227 316305.6708984375 1852.052001953125 56345.32161434649 1718
360 1 256410.61938476563 19902.284621643303 316305.6708984375 1852.052001953125 57717.98114909795 1730
370 2.8 274416.9448765346 27493.838411762066 349713.68994140625 1852.052001953125 58859.892863096036 1740
380 0 0 0 349713.68994140625 1852.052001953125 62273.692329372214 1768
390 0.4 278183.75701904297 13351.889019164259 349713.68994140625 1852.052001953125 62273.692329372214 1768
400 1.9 285376.3119860197 17316.496769023757 349713.68994140625 1852.052001953125 62761.07396524055 1772
410 1.2 289380.6031697591 12927.264850422314 349713.68994140625 1852.052001953125 65122.70965613658 1791
420 1.3 283197.9676983173 12385.978045713468 349713.68994140625 1852.052001953125 66615.27467120229 1803
430 2.2 298262.2893066406 26878.12387848228 364268.3369140625 1852.052001953125 68165.70143846689 1816
440 0 0 0 364268.3369140625 1852.052001953125 70919.8499330805 1838
450 0.1 305503.4040527344 0.0 364268.3369140625 1852.052001953125 70919.8499330805 1838
460 0.5 345350.35517578124 17851.952600579632 364397.2119140625 1852.052001953125 71047.41032140005 1839
470 0 0 0 364397.2119140625 1852.052001953125 71791.18186384685 1844
480 0 0 0 364397.2119140625 1852.052001953125 71791.18186384685 1844
490 0 0 0 364397.2119140625 1852.052001953125 71791.18186384685 1844
500 0 0 0 364397.2119140625 1852.052001953125 71791.18186384685 1844
510 0 0 0 364397.2119140625 1852.052001953125 71791.18186384685 1844
511 0 0 0 364397.2119140625 1852.052001953125 71791.18186384685 1844
