0 0 0
10 1.1 11
20 2 31
30 2.2 53
40 3.6 89
50 2.5 114
60 4.2 156
70 7.7 233
80 8.5 318
90 7.9 397
100 15.3 550
110 16.4 714
120 15.1 865
130 29.7 1162
140 31.5 1477
150 32.3 1800
160 4.4 1844
170 0 1844
180 0 1844
190 0 1844
200 0 1844
210 0 1844
220 0 1844
230 0 1844
240 0 1844
250 0 1844
260 0 1844
270 0 1844
280 0 1844
290 0 1844
300 0 1844
310 0 1844
320 0 1844
330 0 1844
340 0 1844
350 0 1844
360 0 1844
370 0 1844
380 0 1844
390 0 1844
400 0 1844
410 0 1844
420 0 1844
430 0 1844
440 0 1844
450 0 1844
460 0 1844
470 0 1844
480 0 1844
490 0 1844
500 0 1844
510 0 1844
511 0 1844
