10 24.875 24.875
20 8.85 33.725
30 117.18515625 150.91015625
40 111.8953125 262.80546875
50 162.7515625 425.55703125
60 122.80546875 548.3625
70 173.2765625 721.6390625
80 249.1328125 970.771875
90 244.96875 1215.740625
100 326.03671875 1541.77734375
110 276.0109375 1817.78828125
120 322.30546875 2140.09375
130 391.01328125 2531.10703125
140 597.09375 3128.20078125
150 779.14375 3907.34453125
160 713.05703125 4620.4015625
170 366.15078125 4986.55234375
180 365.70703125 5352.259375
190 271.1609375 5623.4203125
200 375.246875 5998.6671875
210 314.015625 6312.6828125
220 109.10703125 6421.78984375
230 35.95390625 6457.74375
240 13.57109375 6471.31484375
250 21.09609375 6492.4109375
260 121.3609375 6613.771875
270 75.075 6688.846875
280 12.69453125 6701.54140625
290 4.0390625 6705.58046875
300 2.95234375 6708.5328125
310 1.67890625 6710.21171875
320 0 6710.21171875
330 1.93515625 6712.146875
340 4.29296875 6716.43984375
350 1.97890625 6718.41875
360 2.41953125 6720.83828125
370 1.66328125 6722.5015625
380 0.27734375 6722.77890625
390 0 6722.77890625
400 0 6722.77890625
410 0 6722.77890625
420 0 6722.77890625
430 3.03515625 6725.8140625
440 0.30859375 6726.12265625
450 0 6726.12265625
460 0 6726.12265625
470 0 6726.12265625
480 0 6726.12265625
490 0.77578125 6726.8984375
500 0.934375 6727.8328125
510 0 6727.8328125
520 0 6727.8328125
530 0 6727.8328125
540 0 6727.8328125
550 0.73984375 6728.57265625
560 0.27734375 6728.85
570 0 6728.85
580 0 6728.85
590 0 6728.85
600 0 6728.85
610 0 6728.85
620 0 6728.85
630 0 6728.85
631 0 6728.85
