0 0 0
10 1.4 14
20 2.1 35
30 2.2 57
40 4.3 100
50 4.5 145
60 3.6 181
70 6.7 248
80 8.4 332
90 7.1 403
100 13.4 537
110 15.3 690
120 13 820
130 32.6 1146
140 29.6 1442
150 31.6 1758
160 4.7 1805
170 0 1805
180 0 1805
190 0 1805
200 0 1805
210 0 1805
220 0 1805
230 0 1805
240 0 1805
250 0 1805
260 0 1805
270 0 1805
280 0 1805
290 0 1805
300 0 1805
310 0 1805
320 0 1805
330 0 1805
340 0 1805
350 0 1805
360 0 1805
370 0 1805
380 0 1805
390 0 1805
400 0 1805
410 0 1805
420 0 1805
430 0 1805
440 0 1805
450 0 1805
460 0 1805
470 0 1805
480 0 1805
490 0 1805
500 0 1805
510 0 1805
520 0 1805
530 0 1805
540 0 1805
550 0 1805
560 0 1805
570 0 1805
580 0 1805
590 0 1805
600 0 1805
610 0 1805
620 0 1805
630 0 1805
631 0 1805
