10 1.7 282.94166475183823 347.1323494099085 1036.97998046875 1.245849609375 0 0
20 1.9 1.348105982730263 0.1308381155662169 1036.97998046875 1.1640625 282.94166475183823 17
30 1.8 1.2489420572916667 0.07760271758021638 1036.97998046875 1.076904296875 134.32284206814236 36
40 3 1.3367838541666666 0.23852687106827614 1036.97998046875 1.076904296875 89.96487539785879 54
50 3.4 1.2161362591911764 0.10340395255475324 1036.97998046875 1.076904296875 58.311985560825896 84
60 4.8 1.1637166341145833 0.15707756733240663 1036.97998046875 0.908935546875 41.8606391518803 118
70 9.5 1.2537083675986846 1.0975773086039413 1036.97998046875 0.843017578125 30.092854327466114 166
80 11.7 1.524547609508547 1.2408123012760792 1036.97998046875 0.822998046875 19.595847177322796 261
90 10.5 1.3033133370535712 0.7774146084971477 1036.97998046875 0.822998046875 14.002349692046957 378
100 20.7 1.4697171271135274 1.2409427945421525 1036.97998046875 0.80615234375 11.241689614874483 483
110 21.7 1.3410610779089855 0.985297247142656 1036.97998046875 0.474853515625 8.310097868546196 690
120 19.5 1.3656588040865394 0.9553258214389146 1036.97998046875 0.474853515625 6.6427538954830485 907
130 32.6 1.471866163008053 1.1717956409077954 1036.97998046875 0.427978515625 5.708966651542649 1102
140 41.8 1.4122074985047848 1.0898849081569884 1036.97998046875 0.427978515625 4.741673402759542 1428
150 41.7 1.7841369482538973 1.483913507247173 1036.97998046875 0.427978515625 3.9877640051547267 1846
160 11 1.4064497514204546 1.1680357894061146 1036.97998046875 0.427978515625 3.581704578408087 2263
170 0.7 1.1232212611607142 0.1886636733596195 1036.97998046875 0.427978515625 3.480871021320586 2373
180 0.1 1.158935546875 0.0 1036.97998046875 0.427978515625 3.4739367573201156 2380
190 0.1 1.024169921875 0.0 1036.97998046875 0.427978515625 3.4729644762573497 2381
200 0 0 0 1036.97998046875 0.427978515625 3.471936434882714 2382
210 0.2 1.636474609375 0.4775390625 1036.97998046875 0.427978515625 3.471936434882714 2382
220 0 0 0 1036.97998046875 0.427978515625 3.4703966179150063 2384
230 0 0 0 1036.97998046875 0.427978515625 3.4703966179150063 2384
240 0 0 0 1036.97998046875 0.427978515625 3.4703966179150063 2384
250 0 0 0 1036.97998046875 0.427978515625 3.4703966179150063 2384
260 0 0 0 1036.97998046875 0.427978515625 3.4703966179150063 2384
270 0 0 0 1036.97998046875 0.427978515625 3.4703966179150063 2384
271 0 0 0 1036.97998046875 0.427978515625 3.4703966179150063 2384
