60 0.9 29532.89390733507 20350.94035996919 51947.10205078125 3565.212158203125 0 0
70 2.5 13169.582685546875 12406.254067190379 52096.504150390625 1460.628173828125 29532.89390733507 9
80 6.4 17985.697814941414 17244.24606717435 70898.73315429688 1079.993896484375 17501.047420726103 34
90 6.1 30427.485683753843 24760.087748146292 88015.25805664063 1079.993896484375 17817.553800621816 98
100 9.1 21433.86738066622 19728.869403183417 93572.75903320313 1079.993896484375 22655.326409873724 159
110 14.3 19215.42806558676 21351.940869298018 101491.21899414063 1079.993896484375 22210.71532324219 250
120 14.6 19225.487229438673 19121.149220855692 101491.21899414063 1079.993896484375 21120.82708445154 393
130 14.6 17999.759202094927 16859.074962135186 101491.21899414063 1079.993896484375 20607.4326153757 539
140 23.2 15386.568588783 16762.794411486928 117425.81591796875 1079.993896484375 20051.636530209285 685
150 30.7 16147.266687449104 14949.099322187687 121361.7900390625 435.987060546875 18871.379428343527 917
160 28.4 20512.86545874368 25201.269900463256 153021.14306640625 435.987060546875 18188.12566081527 1224
170 15.7 31652.106235382664 25675.897125055406 153021.14306640625 435.987060546875 18625.941378727515 1508
180 4.8 37984.652430216454 25176.1305404024 153021.14306640625 435.987060546875 19854.23440124695 1665
190 1.6 68702.29666137695 37469.37415575682 153021.14306640625 435.987060546875 20362.267130605116 1713
200 3.5 57876.243289620536 24826.843444615948 175769.52709960938 435.987060546875 20809.60112279271 1729
210 5.4 85852.97621889468 39611.23440221057 177151.91088867188 435.987060546875 21545.05037213453 1764
220 1.5 107391.27514648438 34877.50549578236 177151.91088867188 435.987060546875 23455.186783424437 1818
230 0.9 123539.73741319444 33673.89992247531 190422.1728515625 435.987060546875 24142.061483613143 1833
240 0.1 90305.919921875 0.0 190422.1728515625 435.987060546875 24627.717880663215 1842
250 0 0 0 190422.1728515625 435.987060546875 24663.354452579228 1843
260 0 0 0 190422.1728515625 435.987060546875 24663.354452579228 1843
270 0 0 0 190422.1728515625 435.987060546875 24663.354452579228 1843
271 0 0 0 190422.1728515625 435.987060546875 24663.354452579228 1843
