10 42.8640625 42.8640625
20 25968.30234375 26011.16640625
30 6083.65546875 32094.821875
40 26026.31015625 58121.13203125
50 22314.23984375 80435.371875
60 26711.84921875 107147.22109375
70 18108.62265625 125255.84375
80 22020.26640625 147276.11015625
90 15788.2765625 163064.38671875
100 22313.38125 185377.76796875
110 26701.5578125 212079.32578125
120 22282.87578125 234362.2015625
130 19019.228125 253381.4296875
140 17595.05703125 270976.48671875
150 27220.23515625 298196.721875
160 23481.63359375 321678.35546875
170 24284.5375 345962.89296875
180 22516.2953125 368479.18828125
190 16621.43515625 385100.6234375
200 24623.08828125 409723.71171875
210 23674.61328125 433398.325
220 15069.0625 448467.3875
230 16.0921875 448483.4796875
240 0.21875 448483.6984375
250 0 448483.6984375
260 0 448483.6984375
270 0 448483.6984375
271 0 448483.6984375
