10 25.1859375 25.1859375
20 12.90390625 38.08984375
30 52.84453125 90.934375
40 17.334375 108.26875
50 21.44921875 129.71796875
60 63.15 192.86796875
70 110.0828125 302.95078125
80 194.13203125 497.0828125
90 267.03203125 764.11484375
100 271.45 1035.56484375
110 275.39296875 1310.9578125
120 250.19921875 1561.15703125
130 393.58671875 1954.74375
140 514.55703125 2469.30078125
150 532.9765625 3002.27734375
160 272.8609375 3275.13828125
170 147.03984375 3422.178125
180 39.67890625 3461.85703125
190 22.425 3484.28203125
200 22.065625 3506.34765625
210 24.51953125 3530.8671875
220 17.49609375 3548.36328125
230 5.89140625 3554.2546875
240 1.0578125 3555.3125
250 0 3555.3125
260 0 3555.3125
270 0 3555.3125
271 0 3555.3125
