10 1 10
20 3.2 42
30 8.8 130
40 11.9 249
50 9.7 346
60 9.3 439
70 8.2 521
80 7.9 600
90 6.6 666
100 13 796
110 9.1 887
120 6 947
130 13.6 1083
140 10.3 1186
150 4.8 1234
160 6 1294
170 7.3 1367
180 8 1447
190 6 1507
200 5.5 1562
210 3.1 1593
220 7 1663
230 4.8 1711
240 4.2 1753
250 3.4 1787
260 2.7 1814
270 1.9 1833
280 1.6 1849
290 0.6 1855
300 2.2 1877
310 2.1 1898
320 3.8 1936
330 5.7 1993
340 6.5 2058
350 10.8 2166
360 12.2 2288
370 14.6 2434
380 13.3 2567
390 1.6 2583
400 0.3 2586
410 0 2586
420 0 2586
430 0 2586
440 0 2586
450 0 2586
460 0 2586
470 0 2586
480 0 2586
490 0 2586
500 0 2586
510 0 2586
520 0 2586
530 0 2586
540 0 2586
550 0 2586
560 0 2586
570 0 2586
580 0 2586
590 0 2586
600 0 2586
610 0 2586
620 0 2586
630 0 2586
640 0 2586
650 0 2586
660 0 2586
670 0 2586
680 0 2586
690 0 2586
700 0 2586
710 0 2586
720 0 2586
730 0 2586
740 0 2586
750 0 2586
760 0 2586
770 0 2586
780 0 2586
790 0 2586
800 0 2586
810 0 2586
820 0 2586
830 0 2586
840 0 2586
850 0 2586
860 0 2586
870 0 2586
880 0 2586
890 0 2586
900 0 2586
910 0 2586
920 0 2586
930 0 2586
940 0 2586
950 0 2586
960 0 2586
970 0 2586
980 0 2586
990 0 2586
1000 0 2586
1010 0 2586
1020 0 2586
1030 0 2586
1040 0 2586
1050 0 2586
1060 0 2586
1070 0 2586
1080 0 2586
1090 0 2586
1100 0 2586
1110 0 2586
1120 0 2586
1130 0 2586
1140 0 2586
1150 0 2586
1160 0 2586
1170 0 2586
1180 0 2586
1190 0 2586
1200 0 2586
1210 0 2586
1220 0 2586
1230 0 2586
1240 0 2586
1250 0 2586
1260 0 2586
1270 0 2586
1280 0 2586
1290 0 2586
1300 0 2586
1310 0 2586
1320 0 2586
1330 0 2586
1340 0 2586
1350 0 2586
1360 0 2586
1370 0 2586
1380 0 2586
1390 0 2586
1400 0 2586
1410 0 2586
1420 0 2586
1430 0 2586
1440 0 2586
1450 0 2586
1460 0 2586
1470 0 2586
1480 0 2586
1490 0 2586
1500 0 2586
1510 0 2586
1520 0 2586
1530 0 2586
1540 0 2586
1550 0 2586
1560 0 2586
1570 0 2586
1580 0 2586
1590 0 2586
1600 0 2586
1610 0 2586
1620 0 2586
1630 0 2586
1640 0 2586
1650 0 2586
1660 0 2586
1670 0 2586
1680 0 2586
1690 0 2586
