130 0.4 4
140 0.4 8
150 0 8
160 0.1 9
170 0 9
180 0 9
190 0 9
200 0 9
210 1 19
220 0.1 20
230 0 20
240 0.3 23
250 0.3 26
260 0.2 28
270 0 28
280 0 28
290 0 28
300 0 28
310 0.1 29
320 0.1 30
330 0 30
340 0 30
350 0 30
360 0 30
370 0 30
380 0 30
390 0 30
400 0 30
410 0 30
420 0 30
430 0 30
440 0 30
450 0 30
460 0 30
470 0 30
480 0 30
490 0 30
500 0 30
510 0 30
520 0 30
530 0 30
540 0 30
550 0 30
560 0 30
570 0 30
580 0 30
590 0 30
600 0 30
610 0 30
620 0 30
630 0 30
640 0 30
650 0 30
660 0 30
670 0 30
680 0 30
690 0 30
700 0 30
710 0 30
720 0 30
730 0 30
740 0 30
750 0 30
760 0 30
770 0 30
780 0 30
790 0 30
800 0 30
810 0 30
820 0 30
830 0 30
840 0 30
850 0 30
860 0 30
870 0 30
880 0 30
890 0 30
900 0 30
910 0 30
920 0 30
930 0 30
940 0 30
950 0 30
960 0 30
970 0 30
980 0 30
990 0 30
1000 0 30
1010 0 30
1020 0 30
1030 0 30
1040 0 30
1050 0 30
1060 0 30
1070 0 30
1080 0 30
1090 0 30
1100 0 30
1110 0 30
1120 0 30
1130 0 30
1140 0 30
1150 0 30
1160 0 30
1170 0 30
1180 0 30
1190 0 30
1200 0 30
1210 0 30
1220 0 30
1230 0 30
1240 0 30
1250 0 30
1260 0 30
1270 0 30
1280 0 30
1290 0 30
1300 0 30
1310 0 30
1320 0 30
1330 0 30
1340 0 30
1350 0 30
1360 0 30
1370 0 30
1380 0 30
1390 0 30
1400 0 30
1410 0 30
1420 0 30
1430 0 30
1440 0 30
1450 0 30
1460 0 30
1470 0 30
1480 0 30
1490 0 30
1500 0 30
1510 0 30
1520 0 30
1530 0 30
1540 0 30
1550 0 30
1560 0 30
1570 0 30
1580 0 30
1590 0 30
1600 0 30
1610 0 30
1620 0 30
1630 0 30
1640 0 30
1650 0 30
1660 0 30
1670 0 30
1680 0 30
1690 0 30
