120 0.1 1
130 0 1
140 0.9 10
150 0.6 16
160 2.6 42
170 1.9 61
180 3.2 93
190 0.7 100
200 2.6 126
210 0.2 128
220 0.1 129
230 0 129
240 0.1 130
250 0 130
260 0 130
270 0 130
280 0 130
290 0 130
300 0 130
310 0 130
320 0 130
330 0 130
340 0 130
350 0 130
360 0 130
370 0 130
380 0 130
390 0 130
400 0 130
410 0 130
420 0 130
430 0 130
440 0 130
450 0 130
460 0 130
470 0 130
480 0 130
490 0 130
500 0 130
510 0 130
520 0 130
530 0 130
540 0 130
550 0 130
560 0 130
570 0 130
580 0 130
590 0 130
600 0 130
610 0 130
620 0 130
630 0 130
640 0 130
650 0 130
660 0 130
670 0 130
680 0 130
690 0 130
700 0 130
710 0 130
720 0 130
730 0 130
740 0 130
750 0 130
760 0 130
770 0 130
780 0 130
790 0 130
800 0 130
810 0 130
820 0 130
830 0 130
840 0 130
850 0 130
860 0 130
870 0 130
880 0 130
890 0 130
900 0 130
910 0 130
920 0 130
930 0 130
940 0 130
950 0 130
960 0 130
970 0 130
980 0 130
990 0 130
1000 0 130
1010 0 130
1020 0 130
1030 0 130
1040 0 130
1050 0 130
1060 0 130
1070 0 130
1080 0 130
1090 0 130
1100 0 130
1110 0 130
1120 0 130
1130 0 130
1140 0 130
1150 0 130
1160 0 130
1170 0 130
1180 0 130
1190 0 130
1200 0 130
1210 0 130
1220 0 130
1230 0 130
1240 0 130
1250 0 130
1260 0 130
1270 0 130
1280 0 130
1290 0 130
1300 0 130
1310 0 130
1320 0 130
1330 0 130
1340 0 130
1350 0 130
1360 0 130
1370 0 130
1380 0 130
1390 0 130
1400 0 130
1410 0 130
1420 0 130
1430 0 130
1440 0 130
1450 0 130
1460 0 130
1470 0 130
1480 0 130
1490 0 130
1500 0 130
1510 0 130
1520 0 130
1530 0 130
1540 0 130
1550 0 130
1560 0 130
1570 0 130
1580 0 130
1590 0 130
1600 0 130
1610 0 130
1620 0 130
1630 0 130
1640 0 130
1650 0 130
1660 0 130
1670 0 130
1680 0 130
1690 0 130
