0 0 0
10 0 0
20 0 0
30 0.7 7
40 1.1 18
50 1.6 34
60 1.5 49
70 0.2 51
80 0.3 54
90 0 54
100 0.4 58
110 0.4 62
120 0.9 71
130 2.3 94
140 3.5 129
150 13.6 265
160 23.5 500
170 22.7 727
180 12.7 854
190 7.8 932
200 3.5 967
210 7.2 1039
220 6.9 1108
230 10.8 1216
240 2.7 1243
250 2 1263
260 2.2 1285
270 1.4 1299
280 0.5 1304
290 0.3 1307
300 0.3 1310
310 0.3 1313
320 1.1 1324
330 0.9 1333
340 2 1353
350 2.1 1374
360 3.8 1412
370 5.2 1464
380 6.8 1532
390 2.6 1558
400 0.7 1565
410 0.2 1567
420 0 1567
430 0 1567
440 0 1567
450 0 1567
460 0 1567
470 0 1567
480 0 1567
490 0 1567
500 0 1567
510 0 1567
520 0 1567
530 0 1567
540 0 1567
550 0 1567
560 0 1567
570 0 1567
580 0 1567
590 0 1567
600 0 1567
610 0 1567
620 0 1567
630 0 1567
640 0 1567
650 0 1567
660 0 1567
670 0 1567
680 0 1567
690 0 1567
700 0.1 1568
710 0.1 1569
720 0.1 1570
730 0.3 1573
740 0.1 1574
750 0.5 1579
760 0.5 1584
770 0.1 1585
780 0.5 1590
790 0.3 1593
800 0.5 1598
810 0.1 1599
820 0.1 1600
830 0.2 1602
840 0.5 1607
850 0.2 1609
860 0.3 1612
870 0.3 1615
880 0.1 1616
890 0.2 1618
900 0.1 1619
910 0 1619
920 0 1619
930 0 1619
940 0 1619
950 0 1619
960 0 1619
970 0 1619
980 0 1619
990 0 1619
1000 0 1619
1010 0 1619
1020 0 1619
1030 0 1619
1040 0 1619
1050 0 1619
1060 0 1619
1070 0 1619
1080 0 1619
1090 0 1619
1100 0 1619
1110 0 1619
1120 0 1619
1130 0.6 1625
1140 0.7 1632
1150 2.9 1661
1160 0.8 1669
1170 0 1669
1180 0.1 1670
1190 0 1670
1200 0 1670
1210 0 1670
1220 0 1670
1230 0 1670
1240 0 1670
1250 0 1670
1260 0 1670
1270 0 1670
1280 0 1670
1290 0 1670
1300 0 1670
1310 0 1670
1320 0 1670
1330 0 1670
1340 0 1670
1350 0 1670
1360 0 1670
1370 0 1670
1380 0 1670
1390 0 1670
1400 0 1670
1410 0 1670
1420 0 1670
1430 0 1670
1440 0 1670
1450 0 1670
1460 0 1670
1470 0 1670
1480 0 1670
1490 0 1670
1500 0 1670
1510 0 1670
1520 0 1670
1530 0 1670
1540 0 1670
1550 0 1670
1560 0 1670
1570 0 1670
1580 0 1670
1590 0 1670
1600 0 1670
1610 0 1670
1620 0 1670
1630 0 1670
1640 0 1670
1650 0 1670
1660 0 1670
1670 0 1670
1680 0 1670
1690 0 1670
