10 1 330.649072265625 344.6392833747974 1329.225830078125 36.301025390625 0 0
20 2.9 2720.866000471444 3143.733556080989 8379.18701171875 36.301025390625 330.649072265625 10
30 7.8 2821.652115259415 4109.861787688938 12907.87109375 17.34912109375 2107.9898650340547 39
40 10.6 2263.8528292673927 3618.715589791595 12907.87109375 16.296142578125 2583.7646985176284 117
50 7.3 2723.2859488709328 3937.6338745748426 17392.47509765625 16.296142578125 2431.6989669457676 223
60 8.5 3817.2502613740808 5465.324315742855 23249.722900390625 16.296142578125 2503.6106212719064 296
70 4.9 6471.895099250638 5913.009219058818 29621.7119140625 16.296142578125 2796.6798323183234 381
80 6.2 10389.931628811744 11572.387245275484 39210.643798828125 16.296142578125 3215.4834325036336 430
90 4.2 10665.800478980655 15340.721272517489 51085.1318359375 16.296142578125 4119.580562932704 492
100 9.8 18851.371709084033 12955.40161040381 60966.72216796875 16.296142578125 4634.451792284791 534
110 6.6 11683.769105853456 12849.626273508688 62855.695068359375 16.296142578125 6838.974184446698 632
120 25.3 5098.309119665575 12241.268986478803 76606.69116210938 11.26806640625 7297.078002230145 698
130 26.8 12474.450716388757 18365.84267117427 82611.97705078125 11.26806640625 6712.126869434313 951
140 72.5 4467.15430259968 10530.092242051724 90317.18994140625 9.25 7978.987239396406 1219
150 139 2473.943021617862 8398.183333548302 102027.45385742188 9.25 6669.275881794746 1944
160 112.5 4186.908994357634 13650.266945507723 109679.84106445313 6.47314453125 4920.171899897365 3334
170 59.5 7339.906000525213 19559.545679441162 109679.84106445313 6.47314453125 4735.170606169579 4459
180 46.7 12681.223312868033 26029.08892996316 124098.13500976563 6.47314453125 5041.822280020312 5054
190 23.5 12844.183864901936 26308.82044782095 142395.86010742188 6.47314453125 5688.009616071731 5521
200 13.1 31555.625963516817 38823.39856939335 149797.29711914063 6.47314453125 5980.174478558719 5756
210 19.2 28545.934548695877 38261.325405366 149797.29711914063 6.47314453125 6549.290181723236 5887
220 22.9 25112.04429180029 40205.62469564024 162636.82592773438 6.47314453125 7244.035323762839 6079
230 10 16900.86191162109 40225.112826447395 168156.31201171875 6.47314453125 7892.699568163691 6308
240 8.1 22630.97493188174 45114.07719071803 180498.7841796875 6.47314453125 8033.276383760716 6408
250 6.9 22821.06580120584 38482.246120391355 180498.7841796875 6.47314453125 8215.494534846832 6489
260 5.7 23526.819438733553 47630.78740052841 204896.2900390625 6.47314453125 8369.167059607242 6558
270 3.5 31265.59228515625 60060.91753526675 204896.2900390625 6.47314453125 8499.77721616207 6615
280 2 67501.27954101563 82311.52052363408 222289.35498046875 6.47314453125 8619.597295472566 6650
290 1.1 107615.84503728693 96415.31813954914 222289.35498046875 6.47314453125 8796.154063825019 6670
300 2.5 80946.25337890623 86827.51741099592 236945.33081054688 6.47314453125 8958.856743170638 6681
310 3 104603.56546223958 85833.22838303082 236945.33081054688 6.47314453125 9227.226101341439 6706
320 5.2 74483.74846003603 95811.10307997672 248405.28002929688 6.47314453125 9652.001959540214 6736
330 6.7 88625.95754139459 97337.01955417408 265084.6379394531 6.47314453125 10148.65057739905 6788
340 9.6 104576.55205027263 105570.99481052406 281066.1789550781 6.47314453125 10915.67896056283 6855
350 12.1 59341.06446119576 92571.54727075162 281066.1789550781 6.47314453125 12209.225761974443 6951
360 16.1 47536.60743400624 88506.2932294538 282918.0520019531 6.47314453125 13015.638726143814 7072
370 19 53287.541402395116 95970.63479028112 296817.0900878906 6.47314453125 13784.044085187896 7233
380 17.6 20242.341121326797 63936.55851361025 296817.0900878906 6.47314453125 14795.180349537804 7423
390 4 115.2095703125 311.4836989839613 296817.0900878906 6.47314453125 14921.341725486596 7599
400 1 24.5548095703125 6.939314090614682 296817.0900878906 6.47314453125 14843.812561170984 7639
410 0.2 27.4000244140625 4.5570068359375 296817.0900878906 6.47314453125 14824.43844984715 7649
420 0 0 0 296817.0900878906 6.47314453125 14820.570448690325 7651
430 0 0 0 296817.0900878906 6.47314453125 14820.570448690325 7651
440 0 0 0 296817.0900878906 6.47314453125 14820.570448690325 7651
450 0 0 0 296817.0900878906 6.47314453125 14820.570448690325 7651
460 0 0 0 296817.0900878906 6.47314453125 14820.570448690325 7651
470 0 0 0 296817.0900878906 6.47314453125 14820.570448690325 7651
480 0 0 0 296817.0900878906 6.47314453125 14820.570448690325 7651
490 0 0 0 296817.0900878906 6.47314453125 14820.570448690325 7651
500 0 0 0 296817.0900878906 6.47314453125 14820.570448690325 7651
510 0 0 0 296817.0900878906 6.47314453125 14820.570448690325 7651
520 0 0 0 296817.0900878906 6.47314453125 14820.570448690325 7651
530 0 0 0 296817.0900878906 6.47314453125 14820.570448690325 7651
540 0 0 0 296817.0900878906 6.47314453125 14820.570448690325 7651
550 0 0 0 296817.0900878906 6.47314453125 14820.570448690325 7651
560 0 0 0 296817.0900878906 6.47314453125 14820.570448690325 7651
570 0 0 0 296817.0900878906 6.47314453125 14820.570448690325 7651
580 0 0 0 296817.0900878906 6.47314453125 14820.570448690325 7651
590 0 0 0 296817.0900878906 6.47314453125 14820.570448690325 7651
600 0 0 0 296817.0900878906 6.47314453125 14820.570448690325 7651
610 0 0 0 296817.0900878906 6.47314453125 14820.570448690325 7651
620 0 0 0 296817.0900878906 6.47314453125 14820.570448690325 7651
630 0 0 0 296817.0900878906 6.47314453125 14820.570448690325 7651
640 0 0 0 296817.0900878906 6.47314453125 14820.570448690325 7651
650 0 0 0 296817.0900878906 6.47314453125 14820.570448690325 7651
660 0 0 0 296817.0900878906 6.47314453125 14820.570448690325 7651
670 0 0 0 296817.0900878906 6.47314453125 14820.570448690325 7651
680 0 0 0 296817.0900878906 6.47314453125 14820.570448690325 7651
690 0 0 0 296817.0900878906 6.47314453125 14820.570448690325 7651
700 0 0 0 296817.0900878906 6.47314453125 14820.570448690325 7651
710 0 0 0 296817.0900878906 6.47314453125 14820.570448690325 7651
720 0 0 0 296817.0900878906 6.47314453125 14820.570448690325 7651
730 0 0 0 296817.0900878906 6.47314453125 14820.570448690325 7651
740 0 0 0 296817.0900878906 6.47314453125 14820.570448690325 7651
750 0 0 0 296817.0900878906 6.47314453125 14820.570448690325 7651
760 0 0 0 296817.0900878906 6.47314453125 14820.570448690325 7651
770 0 0 0 296817.0900878906 6.47314453125 14820.570448690325 7651
780 0 0 0 296817.0900878906 6.47314453125 14820.570448690325 7651
790 0 0 0 296817.0900878906 6.47314453125 14820.570448690325 7651
800 0 0 0 296817.0900878906 6.47314453125 14820.570448690325 7651
810 0 0 0 296817.0900878906 6.47314453125 14820.570448690325 7651
820 0 0 0 296817.0900878906 6.47314453125 14820.570448690325 7651
830 0 0 0 296817.0900878906 6.47314453125 14820.570448690325 7651
840 0 0 0 296817.0900878906 6.47314453125 14820.570448690325 7651
850 0 0 0 296817.0900878906 6.47314453125 14820.570448690325 7651
860 0 0 0 296817.0900878906 6.47314453125 14820.570448690325 7651
870 0 0 0 296817.0900878906 6.47314453125 14820.570448690325 7651
880 0 0 0 296817.0900878906 6.47314453125 14820.570448690325 7651
890 0 0 0 296817.0900878906 6.47314453125 14820.570448690325 7651
900 0 0 0 296817.0900878906 6.47314453125 14820.570448690325 7651
910 0 0 0 296817.0900878906 6.47314453125 14820.570448690325 7651
920 0 0 0 296817.0900878906 6.47314453125 14820.570448690325 7651
930 0 0 0 296817.0900878906 6.47314453125 14820.570448690325 7651
940 0 0 0 296817.0900878906 6.47314453125 14820.570448690325 7651
950 0 0 0 296817.0900878906 6.47314453125 14820.570448690325 7651
960 0 0 0 296817.0900878906 6.47314453125 14820.570448690325 7651
970 0 0 0 296817.0900878906 6.47314453125 14820.570448690325 7651
980 0 0 0 296817.0900878906 6.47314453125 14820.570448690325 7651
990 0 0 0 296817.0900878906 6.47314453125 14820.570448690325 7651
1000 0 0 0 296817.0900878906 6.47314453125 14820.570448690325 7651
1010 0 0 0 296817.0900878906 6.47314453125 14820.570448690325 7651
1020 0 0 0 296817.0900878906 6.47314453125 14820.570448690325 7651
1030 0 0 0 296817.0900878906 6.47314453125 14820.570448690325 7651
1040 0 0 0 296817.0900878906 6.47314453125 14820.570448690325 7651
1050 0 0 0 296817.0900878906 6.47314453125 14820.570448690325 7651
1060 0 0 0 296817.0900878906 6.47314453125 14820.570448690325 7651
1070 0 0 0 296817.0900878906 6.47314453125 14820.570448690325 7651
1080 0 0 0 296817.0900878906 6.47314453125 14820.570448690325 7651
1090 0 0 0 296817.0900878906 6.47314453125 14820.570448690325 7651
1100 0 0 0 296817.0900878906 6.47314453125 14820.570448690325 7651
1110 0 0 0 296817.0900878906 6.47314453125 14820.570448690325 7651
1120 0 0 0 296817.0900878906 6.47314453125 14820.570448690325 7651
1130 0 0 0 296817.0900878906 6.47314453125 14820.570448690325 7651
1140 0 0 0 296817.0900878906 6.47314453125 14820.570448690325 7651
1150 0 0 0 296817.0900878906 6.47314453125 14820.570448690325 7651
1160 0 0 0 296817.0900878906 6.47314453125 14820.570448690325 7651
1170 0 0 0 296817.0900878906 6.47314453125 14820.570448690325 7651
1180 0 0 0 296817.0900878906 6.47314453125 14820.570448690325 7651
1190 0 0 0 296817.0900878906 6.47314453125 14820.570448690325 7651
1200 0 0 0 296817.0900878906 6.47314453125 14820.570448690325 7651
1210 0 0 0 296817.0900878906 6.47314453125 14820.570448690325 7651
1220 0 0 0 296817.0900878906 6.47314453125 14820.570448690325 7651
1230 0 0 0 296817.0900878906 6.47314453125 14820.570448690325 7651
1240 0 0 0 296817.0900878906 6.47314453125 14820.570448690325 7651
1250 0 0 0 296817.0900878906 6.47314453125 14820.570448690325 7651
1260 0 0 0 296817.0900878906 6.47314453125 14820.570448690325 7651
1270 0 0 0 296817.0900878906 6.47314453125 14820.570448690325 7651
1280 0 0 0 296817.0900878906 6.47314453125 14820.570448690325 7651
1290 0 0 0 296817.0900878906 6.47314453125 14820.570448690325 7651
1300 0 0 0 296817.0900878906 6.47314453125 14820.570448690325 7651
1310 0 0 0 296817.0900878906 6.47314453125 14820.570448690325 7651
1320 0 0 0 296817.0900878906 6.47314453125 14820.570448690325 7651
1330 0 0 0 296817.0900878906 6.47314453125 14820.570448690325 7651
1340 0 0 0 296817.0900878906 6.47314453125 14820.570448690325 7651
1350 0 0 0 296817.0900878906 6.47314453125 14820.570448690325 7651
1360 0 0 0 296817.0900878906 6.47314453125 14820.570448690325 7651
1370 0 0 0 296817.0900878906 6.47314453125 14820.570448690325 7651
1380 0 0 0 296817.0900878906 6.47314453125 14820.570448690325 7651
1390 0 0 0 296817.0900878906 6.47314453125 14820.570448690325 7651
1400 0 0 0 296817.0900878906 6.47314453125 14820.570448690325 7651
1410 0 0 0 296817.0900878906 6.47314453125 14820.570448690325 7651
1420 0 0 0 296817.0900878906 6.47314453125 14820.570448690325 7651
1430 0 0 0 296817.0900878906 6.47314453125 14820.570448690325 7651
1440 0 0 0 296817.0900878906 6.47314453125 14820.570448690325 7651
1450 0 0 0 296817.0900878906 6.47314453125 14820.570448690325 7651
1460 0 0 0 296817.0900878906 6.47314453125 14820.570448690325 7651
1470 0 0 0 296817.0900878906 6.47314453125 14820.570448690325 7651
1480 0 0 0 296817.0900878906 6.47314453125 14820.570448690325 7651
1490 0 0 0 296817.0900878906 6.47314453125 14820.570448690325 7651
1500 0 0 0 296817.0900878906 6.47314453125 14820.570448690325 7651
1510 0 0 0 296817.0900878906 6.47314453125 14820.570448690325 7651
1520 0 0 0 296817.0900878906 6.47314453125 14820.570448690325 7651
1530 0 0 0 296817.0900878906 6.47314453125 14820.570448690325 7651
1540 0 0 0 296817.0900878906 6.47314453125 14820.570448690325 7651
1550 0 0 0 296817.0900878906 6.47314453125 14820.570448690325 7651
1560 0 0 0 296817.0900878906 6.47314453125 14820.570448690325 7651
1570 0 0 0 296817.0900878906 6.47314453125 14820.570448690325 7651
1580 0 0 0 296817.0900878906 6.47314453125 14820.570448690325 7651
1590 0 0 0 296817.0900878906 6.47314453125 14820.570448690325 7651
1600 0 0 0 296817.0900878906 6.47314453125 14820.570448690325 7651
1610 0 0 0 296817.0900878906 6.47314453125 14820.570448690325 7651
1620 0 0 0 296817.0900878906 6.47314453125 14820.570448690325 7651
1630 0 0 0 296817.0900878906 6.47314453125 14820.570448690325 7651
1640 0 0 0 296817.0900878906 6.47314453125 14820.570448690325 7651
1650 0 0 0 296817.0900878906 6.47314453125 14820.570448690325 7651
1660 0 0 0 296817.0900878906 6.47314453125 14820.570448690325 7651
1670 0 0 0 296817.0900878906 6.47314453125 14820.570448690325 7651
1680 0 0 0 296817.0900878906 6.47314453125 14820.570448690325 7651
1690 0 0 0 296817.0900878906 6.47314453125 14820.570448690325 7651
