10 2.7 128.9795826099537 234.76447389961552 1260.158935546875 20.68603515625 0 0
20 7.4 1064.0465615762248 2358.120712981219 8379.18701171875 0.569091796875 128.9795826099537 27
30 14.2 1550.0809859154929 3345.3113731467083 12790.1728515625 0.569091796875 814.0781612585088 101
40 19.9 1205.8608018117948 2866.5970560852843 12790.1728515625 0.569091796875 1244.1703468605324 243
50 13.3 1494.8727293086229 2979.2237869750875 13982.279052734375 0.569091796875 1226.922384270716 442
60 18.5 1882.6734770903715 4026.958101009436 23249.722900390625 0.569091796875 1288.9004640794842 575
70 13.5 2784.337073206019 4281.551189262357 29621.7119140625 0.569091796875 1433.4373159308188 760
80 13.7 4594.219407575844 9018.533481404396 39210.643798828125 0.569091796875 1637.2043184248434 895
90 14.1 5286.735258061835 9959.873984047874 51085.1318359375 0.18408203125 2029.7538021590362 1032
100 25 7572.5520849609375 10296.290685370992 60966.72216796875 0.18408203125 2421.257966935076 1173
110 15.9 6377.48041961478 12208.082266387824 62855.695068359375 0.18408203125 3326.2639609663233 1423
120 54.8 3651.915571894959 10083.116818883775 76606.69116210938 0.18408203125 3632.928573434784 1582
130 60.7 6046.193222221865 10496.270987099822 82611.97705078125 0.18408203125 3637.8134913484814 2130
140 156.3 1766.4206311792752 6285.493004351056 90317.18994140625 0.18408203125 4171.933512042725 2737
150 236.6 1488.2550136537118 6576.762039275342 102027.45385742188 0.18408203125 3297.5575509288706 4300
160 169.8 2851.2006010632945 11277.042598627979 109679.84106445313 0.152099609375 2655.371861881012 6666
170 80.5 6012.499045273682 16654.688354984362 109679.84106445313 0.152099609375 2695.1276245700988 8364
180 69.4 7045.617181167817 20137.980172121566 124098.13500976563 0.152099609375 2986.3790144344657 9169
190 33.6 9162.080198015481 22342.739910922497 142395.86010742188 0.152099609375 3272.003194472278 9863
200 17.7 23096.460988535044 33865.73716689495 149797.29711914063 0.152099609375 3466.0482844997823 10199
210 25.3 22267.885166092816 34112.48808124411 149797.29711914063 0.1259765625 3800.9155790848095 10376
220 29.3 16390.6651007226 34298.89134031475 162636.82592773438 0.1259765625 4240.481230182093 10629
230 12.6 14712.906050424726 37521.96980056293 168156.31201171875 0.1259765625 4566.429213524738 10922
240 10.4 15493.526341364943 39787.215552929076 180498.7841796875 0.1259765625 4682.147540954988 11048
250 10.2 9939.258585611977 27118.07520777152 180498.7841796875 0.1259765625 4782.971016138151 11152
260 7.3 12831.524337141478 39383.45930144488 204896.2900390625 0.1259765625 4829.704740332778 11254
270 4.2 27412.109938848585 55992.932948697315 204896.2900390625 0.1259765625 4881.274690943446 11327
280 2.3 55240.56149159307 80891.96315115715 222289.35498046875 0.1259765625 4964.509371250599 11369
290 1.2 102082.06868489583 94117.49888050776 222289.35498046875 0.1259765625 5066.014743333453 11392
300 3.1 65940.04850522932 84032.05310213736 236945.33081054688 0.1259765625 5168.101085607984 11404
310 3.8 80118.92499100533 85915.6438021218 236945.33081054688 0.1259765625 5332.852320414128 11435
320 6.9 55453.225016276025 89171.74600910638 248405.28002929688 0.1259765625 5580.553075358996 11473
330 8.7 76753.95502761318 97718.28195709165 265084.6379394531 0.1259765625 5878.700221774112 11542
340 11.3 84528.14789736587 101898.1574170252 281066.1789550781 0.1259765625 6408.9390357828825 11629
350 16.4 42968.51783715226 81579.0243943172 281066.1789550781 0.1259765625 7160.724983778017 11742
360 21.3 36541.294042739486 79843.44590596625 282918.0520019531 0.1259765625 7653.961841492899 11906
370 24.9 41922.58043502134 86821.39045533448 296817.0900878906 0.1259765625 8161.67714464213 12119
380 21.4 11149.829442674867 48286.82089434418 296817.0900878906 0.1259765625 8841.371914961052 12368
390 4.3 107.16419876453489 284.2619147348196 296817.0900878906 0.1259765625 8880.635141072222 12582
400 1 24.5548095703125 6.939314090614682 296817.0900878906 0.1259765625 8850.753220239016 12625
410 0.2 27.4000244140625 4.5570068359375 296817.0900878906 0.1259765625 8843.76770507426 12635
420 0 0 0 296817.0900878906 0.1259765625 8842.372379018921 12637
430 0 0 0 296817.0900878906 0.1259765625 8842.372379018921 12637
440 0 0 0 296817.0900878906 0.1259765625 8842.372379018921 12637
450 0 0 0 296817.0900878906 0.1259765625 8842.372379018921 12637
460 0 0 0 296817.0900878906 0.1259765625 8842.372379018921 12637
470 0 0 0 296817.0900878906 0.1259765625 8842.372379018921 12637
480 0 0 0 296817.0900878906 0.1259765625 8842.372379018921 12637
490 0 0 0 296817.0900878906 0.1259765625 8842.372379018921 12637
500 0 0 0 296817.0900878906 0.1259765625 8842.372379018921 12637
510 0 0 0 296817.0900878906 0.1259765625 8842.372379018921 12637
520 0 0 0 296817.0900878906 0.1259765625 8842.372379018921 12637
530 0 0 0 296817.0900878906 0.1259765625 8842.372379018921 12637
540 0 0 0 296817.0900878906 0.1259765625 8842.372379018921 12637
550 0 0 0 296817.0900878906 0.1259765625 8842.372379018921 12637
560 0 0 0 296817.0900878906 0.1259765625 8842.372379018921 12637
570 0 0 0 296817.0900878906 0.1259765625 8842.372379018921 12637
580 0 0 0 296817.0900878906 0.1259765625 8842.372379018921 12637
590 0 0 0 296817.0900878906 0.1259765625 8842.372379018921 12637
600 0 0 0 296817.0900878906 0.1259765625 8842.372379018921 12637
610 0 0 0 296817.0900878906 0.1259765625 8842.372379018921 12637
620 0 0 0 296817.0900878906 0.1259765625 8842.372379018921 12637
630 0 0 0 296817.0900878906 0.1259765625 8842.372379018921 12637
640 0 0 0 296817.0900878906 0.1259765625 8842.372379018921 12637
650 0 0 0 296817.0900878906 0.1259765625 8842.372379018921 12637
660 0 0 0 296817.0900878906 0.1259765625 8842.372379018921 12637
670 0 0 0 296817.0900878906 0.1259765625 8842.372379018921 12637
680 0 0 0 296817.0900878906 0.1259765625 8842.372379018921 12637
690 0 0 0 296817.0900878906 0.1259765625 8842.372379018921 12637
700 0 0 0 296817.0900878906 0.1259765625 8842.372379018921 12637
710 0 0 0 296817.0900878906 0.1259765625 8842.372379018921 12637
720 0 0 0 296817.0900878906 0.1259765625 8842.372379018921 12637
730 0 0 0 296817.0900878906 0.1259765625 8842.372379018921 12637
740 0 0 0 296817.0900878906 0.1259765625 8842.372379018921 12637
750 0 0 0 296817.0900878906 0.1259765625 8842.372379018921 12637
760 0 0 0 296817.0900878906 0.1259765625 8842.372379018921 12637
770 0 0 0 296817.0900878906 0.1259765625 8842.372379018921 12637
780 0 0 0 296817.0900878906 0.1259765625 8842.372379018921 12637
790 0 0 0 296817.0900878906 0.1259765625 8842.372379018921 12637
800 0 0 0 296817.0900878906 0.1259765625 8842.372379018921 12637
810 0 0 0 296817.0900878906 0.1259765625 8842.372379018921 12637
820 0 0 0 296817.0900878906 0.1259765625 8842.372379018921 12637
830 0 0 0 296817.0900878906 0.1259765625 8842.372379018921 12637
840 0 0 0 296817.0900878906 0.1259765625 8842.372379018921 12637
850 0 0 0 296817.0900878906 0.1259765625 8842.372379018921 12637
860 0 0 0 296817.0900878906 0.1259765625 8842.372379018921 12637
870 0 0 0 296817.0900878906 0.1259765625 8842.372379018921 12637
880 0 0 0 296817.0900878906 0.1259765625 8842.372379018921 12637
890 0 0 0 296817.0900878906 0.1259765625 8842.372379018921 12637
900 0 0 0 296817.0900878906 0.1259765625 8842.372379018921 12637
910 0 0 0 296817.0900878906 0.1259765625 8842.372379018921 12637
920 0 0 0 296817.0900878906 0.1259765625 8842.372379018921 12637
930 0 0 0 296817.0900878906 0.1259765625 8842.372379018921 12637
940 0 0 0 296817.0900878906 0.1259765625 8842.372379018921 12637
950 0 0 0 296817.0900878906 0.1259765625 8842.372379018921 12637
960 0 0 0 296817.0900878906 0.1259765625 8842.372379018921 12637
970 0 0 0 296817.0900878906 0.1259765625 8842.372379018921 12637
980 0 0 0 296817.0900878906 0.1259765625 8842.372379018921 12637
990 0 0 0 296817.0900878906 0.1259765625 8842.372379018921 12637
1000 0 0 0 296817.0900878906 0.1259765625 8842.372379018921 12637
1010 0 0 0 296817.0900878906 0.1259765625 8842.372379018921 12637
1020 0 0 0 296817.0900878906 0.1259765625 8842.372379018921 12637
1030 0 0 0 296817.0900878906 0.1259765625 8842.372379018921 12637
1040 0 0 0 296817.0900878906 0.1259765625 8842.372379018921 12637
1050 0 0 0 296817.0900878906 0.1259765625 8842.372379018921 12637
1060 0 0 0 296817.0900878906 0.1259765625 8842.372379018921 12637
1070 0 0 0 296817.0900878906 0.1259765625 8842.372379018921 12637
1080 0 0 0 296817.0900878906 0.1259765625 8842.372379018921 12637
1090 0 0 0 296817.0900878906 0.1259765625 8842.372379018921 12637
1100 0 0 0 296817.0900878906 0.1259765625 8842.372379018921 12637
1110 0 0 0 296817.0900878906 0.1259765625 8842.372379018921 12637
1120 0 0 0 296817.0900878906 0.1259765625 8842.372379018921 12637
1130 0 0 0 296817.0900878906 0.1259765625 8842.372379018921 12637
1140 0 0 0 296817.0900878906 0.1259765625 8842.372379018921 12637
1150 0 0 0 296817.0900878906 0.1259765625 8842.372379018921 12637
1160 0 0 0 296817.0900878906 0.1259765625 8842.372379018921 12637
1170 0 0 0 296817.0900878906 0.1259765625 8842.372379018921 12637
1180 0 0 0 296817.0900878906 0.1259765625 8842.372379018921 12637
1190 0 0 0 296817.0900878906 0.1259765625 8842.372379018921 12637
1200 0 0 0 296817.0900878906 0.1259765625 8842.372379018921 12637
1210 0 0 0 296817.0900878906 0.1259765625 8842.372379018921 12637
1220 0 0 0 296817.0900878906 0.1259765625 8842.372379018921 12637
1230 0 0 0 296817.0900878906 0.1259765625 8842.372379018921 12637
1240 0 0 0 296817.0900878906 0.1259765625 8842.372379018921 12637
1250 0 0 0 296817.0900878906 0.1259765625 8842.372379018921 12637
1260 0 0 0 296817.0900878906 0.1259765625 8842.372379018921 12637
1270 0 0 0 296817.0900878906 0.1259765625 8842.372379018921 12637
1280 0 0 0 296817.0900878906 0.1259765625 8842.372379018921 12637
1290 0 0 0 296817.0900878906 0.1259765625 8842.372379018921 12637
1300 0 0 0 296817.0900878906 0.1259765625 8842.372379018921 12637
1310 0 0 0 296817.0900878906 0.1259765625 8842.372379018921 12637
1320 0 0 0 296817.0900878906 0.1259765625 8842.372379018921 12637
1330 0 0 0 296817.0900878906 0.1259765625 8842.372379018921 12637
1340 0 0 0 296817.0900878906 0.1259765625 8842.372379018921 12637
1350 0 0 0 296817.0900878906 0.1259765625 8842.372379018921 12637
1360 0 0 0 296817.0900878906 0.1259765625 8842.372379018921 12637
1370 0 0 0 296817.0900878906 0.1259765625 8842.372379018921 12637
1380 0 0 0 296817.0900878906 0.1259765625 8842.372379018921 12637
1390 0 0 0 296817.0900878906 0.1259765625 8842.372379018921 12637
1400 0 0 0 296817.0900878906 0.1259765625 8842.372379018921 12637
1410 0 0 0 296817.0900878906 0.1259765625 8842.372379018921 12637
1420 0 0 0 296817.0900878906 0.1259765625 8842.372379018921 12637
1430 0 0 0 296817.0900878906 0.1259765625 8842.372379018921 12637
1440 0 0 0 296817.0900878906 0.1259765625 8842.372379018921 12637
1450 0 0 0 296817.0900878906 0.1259765625 8842.372379018921 12637
1460 0 0 0 296817.0900878906 0.1259765625 8842.372379018921 12637
1470 0 0 0 296817.0900878906 0.1259765625 8842.372379018921 12637
1480 0 0 0 296817.0900878906 0.1259765625 8842.372379018921 12637
1490 0 0 0 296817.0900878906 0.1259765625 8842.372379018921 12637
1500 0 0 0 296817.0900878906 0.1259765625 8842.372379018921 12637
1510 0 0 0 296817.0900878906 0.1259765625 8842.372379018921 12637
1520 0 0 0 296817.0900878906 0.1259765625 8842.372379018921 12637
1530 0 0 0 296817.0900878906 0.1259765625 8842.372379018921 12637
1540 0 0 0 296817.0900878906 0.1259765625 8842.372379018921 12637
1550 0 0 0 296817.0900878906 0.1259765625 8842.372379018921 12637
1560 0 0 0 296817.0900878906 0.1259765625 8842.372379018921 12637
1570 0 0 0 296817.0900878906 0.1259765625 8842.372379018921 12637
1580 0 0 0 296817.0900878906 0.1259765625 8842.372379018921 12637
1590 0 0 0 296817.0900878906 0.1259765625 8842.372379018921 12637
1600 0 0 0 296817.0900878906 0.1259765625 8842.372379018921 12637
1610 0 0 0 296817.0900878906 0.1259765625 8842.372379018921 12637
1620 0 0 0 296817.0900878906 0.1259765625 8842.372379018921 12637
1630 0 0 0 296817.0900878906 0.1259765625 8842.372379018921 12637
1640 0 0 0 296817.0900878906 0.1259765625 8842.372379018921 12637
1650 0 0 0 296817.0900878906 0.1259765625 8842.372379018921 12637
1660 0 0 0 296817.0900878906 0.1259765625 8842.372379018921 12637
1670 0 0 0 296817.0900878906 0.1259765625 8842.372379018921 12637
1680 0 0 0 296817.0900878906 0.1259765625 8842.372379018921 12637
1690 0 0 0 296817.0900878906 0.1259765625 8842.372379018921 12637
