30 0.7 19127.75069754464 2177.112899667902 22732.9609375 16593.055908203125 0 0
40 1.1 22212.11219371449 3883.1966668638474 31704.90087890625 16593.055908203125 19127.75069754464 7
50 1.6 25249.671508789063 5861.559490867543 38391.6240234375 15913.32421875 21012.638278537328 18
60 1.5 32794.16756184896 6212.774039729409 43506.078125 15913.32421875 23006.536269244025 34
70 0.2 43124.701416015625 783.79345703125 43908.494873046875 15913.32421875 26002.749930245536 49
80 0.3 35617.68400065104 9913.903955948466 43908.494873046875 15913.32421875 26674.199008118874 51
90 0 0 0 43908.494873046875 15913.32421875 27171.05928548177 54
100 0.4 55917.85382080078 8615.712352127844 62903.448974609375 15913.32421875 27171.05928548177 54
110 0.4 67956.70422363281 3433.1974051074026 73307.02490234375 15913.32421875 29153.5968396417 58
120 0.9 63062.57297092014 24709.224825937363 90745.30004882813 15913.32421875 31657.023122479837 62
130 2.3 34403.514807659645 25001.773819379603 104715.44799804688 13932.9189453125 35638.008314535655 71
140 3.5 40218.71489257812 24821.94467786217 104715.44799804688 5475.9111328125 35335.95139264046 94
150 13.6 25763.219441133388 18848.129416787753 112295.56298828125 5475.9111328125 36660.73218719719 129
160 23.5 26895.916775058176 15619.213471387164 116038.74291992188 5475.9111328125 31068.04640053803 265
170 22.7 39219.686167443935 27550.06108240146 131719.4111328125 5475.9111328125 29107.1454765625 500
180 12.7 53435.42059470349 29616.64672450576 140585.36694335938 5475.9111328125 32264.70632502204 727
190 7.8 71961.02479279344 29979.923056934815 150732.63720703125 5475.9111328125 35413.04439557186 854
200 3.5 103497.87539760045 35661.6653431083 157936.79296875 5475.9111328125 38471.78095242088 932
210 7.2 91164.35813056098 32125.958013064996 168120.78686523438 5475.9111328125 40825.36244733431 967
220 6.9 107312.19134609941 28811.267648513753 179761.82299804688 5475.9111328125 44313.72403462239 1039
230 10.8 92852.58607539424 27415.681081533 183474.92407226563 5475.9111328125 48236.913785968885 1108
240 2.7 132486.5801775897 26689.841355667897 183474.92407226563 5475.9111328125 52199.48994325337 1216
250 2 141989.76342773438 30441.231949721827 200605.96801757813 5475.9111328125 53943.45730956639 1243
260 2.2 160632.35794344815 37876.136049607856 218268.84399414063 5475.9111328125 55337.69810320325 1263
270 1.4 180270.45577566963 24677.044035854087 218268.84399414063 5475.9111328125 57140.40823276386 1285
280 0.5 209385.12084960938 19304.3173483684 232672.63305664063 5475.9111328125 58467.444926836746 1299
290 0.3 214841.04191080728 14115.75569230246 234662.35498046875 5475.9111328125 59046.11699709278 1304
300 0.3 217155.9744466146 1198.6214778124522 234662.35498046875 5475.9111328125 59403.71820194446 1307
310 0.3 239315.2840169271 11924.192550671616 254892.42114257813 5475.9111328125 59764.982910901716 1310
320 1.1 223638.65849165482 31780.347730342655 272262.5261230469 5475.9111328125 60175.22731556134 1313
330 0.9 223464.11062282987 29123.16991991716 275377.80908203125 5475.9111328125 61533.30718182797 1324
340 2 239947.91188964844 31665.307744624246 284245.0078125 5475.9111328125 62626.61343161718 1333
350 2.1 246095.82219587054 16513.714551328754 284245.0078125 5475.9111328125 65247.77083676177 1353
360 3.8 250450.7744975843 23611.77175555859 302952.22705078125 5475.9111328125 68011.82402347303 1374
370 5.2 262157.9752244215 24585.48178672733 318795.6159667969 5475.9111328125 72921.65413538255 1412
380 6.8 278199.2376170438 22223.34687782389 318795.6159667969 5475.9111328125 79643.16280794404 1464
390 2.6 293339.6376014123 16580.071574469013 318795.6159667969 5475.9111328125 88456.35672897458 1532
400 0.7 295626.2870047433 21294.574047665614 333941.2009277344 5475.9111328125 91875.46154456084 1558
410 0.2 303102.0310058594 17418.0380859375 333941.2009277344 5475.9111328125 92786.80708975015 1565
420 0 0 0 333941.2009277344 5475.9111328125 93055.23749679049 1567
430 0 0 0 333941.2009277344 5475.9111328125 93055.23749679049 1567
440 0 0 0 333941.2009277344 5475.9111328125 93055.23749679049 1567
450 0 0 0 333941.2009277344 5475.9111328125 93055.23749679049 1567
460 0 0 0 333941.2009277344 5475.9111328125 93055.23749679049 1567
470 0 0 0 333941.2009277344 5475.9111328125 93055.23749679049 1567
480 0 0 0 333941.2009277344 5475.9111328125 93055.23749679049 1567
490 0 0 0 333941.2009277344 5475.9111328125 93055.23749679049 1567
500 0 0 0 333941.2009277344 5475.9111328125 93055.23749679049 1567
510 0 0 0 333941.2009277344 5475.9111328125 93055.23749679049 1567
520 0 0 0 333941.2009277344 5475.9111328125 93055.23749679049 1567
530 0 0 0 333941.2009277344 5475.9111328125 93055.23749679049 1567
540 0 0 0 333941.2009277344 5475.9111328125 93055.23749679049 1567
550 0 0 0 333941.2009277344 5475.9111328125 93055.23749679049 1567
560 0 0 0 333941.2009277344 5475.9111328125 93055.23749679049 1567
570 0 0 0 333941.2009277344 5475.9111328125 93055.23749679049 1567
580 0 0 0 333941.2009277344 5475.9111328125 93055.23749679049 1567
590 0 0 0 333941.2009277344 5475.9111328125 93055.23749679049 1567
600 0 0 0 333941.2009277344 5475.9111328125 93055.23749679049 1567
610 0 0 0 333941.2009277344 5475.9111328125 93055.23749679049 1567
620 0 0 0 333941.2009277344 5475.9111328125 93055.23749679049 1567
630 0 0 0 333941.2009277344 5475.9111328125 93055.23749679049 1567
640 0 0 0 333941.2009277344 5475.9111328125 93055.23749679049 1567
650 0 0 0 333941.2009277344 5475.9111328125 93055.23749679049 1567
660 0 0 0 333941.2009277344 5475.9111328125 93055.23749679049 1567
670 0 0 0 333941.2009277344 5475.9111328125 93055.23749679049 1567
680 0 0 0 333941.2009277344 5475.9111328125 93055.23749679049 1567
690 0 0 0 333941.2009277344 5475.9111328125 93055.23749679049 1567
700 0.1 615895.9738769531 0.0 615895.9738769531 5475.9111328125 93055.23749679049 1567
710 0.1 663269.9331054688 0.0 663269.9331054688 5475.9111328125 93388.68184397172 1568
720 0.1 664230.9150390625 0.0 664230.9150390625 5475.9111328125 93751.8948785552 1569
730 0.3 641650.9663085938 10972.918981718314 664230.9150390625 5475.9111328125 94115.25731177846 1570
740 0.1 675519.9658203125 0.0 675519.9658203125 5475.9111328125 95159.50850503368 1573
750 0.5 668992.8804199218 31045.62118083311 700600.7690429688 5475.9111328125 95528.22544106626 1574
760 0.5 675969.549609375 17949.30068490295 700600.7690429688 5475.9111328125 97344.13631813672 1579
770 0.1 653691.9470214844 0.0 700600.7690429688 5475.9111328125 99170.60542574796 1584
780 0.5 690728.3237304688 16317.477442178175 706408.9658203125 5475.9111328125 99520.46116177051 1585
790 0.3 672077.5865885416 6106.315039446755 706408.9658203125 5475.9111328125 101379.60538368465 1590
800 0.5 711736.3482910156 22972.513813285343 748068.9028320313 5475.9111328125 102454.36617691413 1593
810 0.1 688992.9780273438 0.0 748068.9028320313 5475.9111328125 104360.75535749643 1598
820 0.1 769338.87109375 0.0 769338.87109375 5475.9111328125 104726.37901144881 1599
830 0.2 759067.4339599609 7562.5059814453125 769338.87109375 5475.9111328125 105141.76181900024 1600
840 0.5 761112.3788085937 13453.579852264096 784660.9809570313 5475.9111328125 105958.1484259178 1602
850 0.2 733395.9759521484 26109.985961914063 784660.9809570313 5475.9111328125 107996.58722611281 1607
860 0.3 721325.232014974 10560.36711269939 784660.9809570313 5475.9111328125 108773.96371924647 1609
870 0.3 798735.9243164063 14609.254437344587 819071.9721679688 5475.9111328125 109913.94746917649 1612
880 0.1 793993.9260253906 0.0 819071.9721679688 5475.9111328125 111193.49293700416 1615
890 0.2 819627.9659423828 500.0130615234375 820127.9790039063 5475.9111328125 111616.01795747965 1616
900 0.1 827615.96484375 0.0 827615.96484375 5475.9111328125 112491.1872380543 1618
910 0 0 0 827615.96484375 5475.9111328125 112932.89494503745 1619
920 0 0 0 827615.96484375 5475.9111328125 112932.89494503745 1619
930 0 0 0 827615.96484375 5475.9111328125 112932.89494503745 1619
940 0 0 0 827615.96484375 5475.9111328125 112932.89494503745 1619
950 0 0 0 827615.96484375 5475.9111328125 112932.89494503745 1619
960 0 0 0 827615.96484375 5475.9111328125 112932.89494503745 1619
970 0 0 0 827615.96484375 5475.9111328125 112932.89494503745 1619
980 0 0 0 827615.96484375 5475.9111328125 112932.89494503745 1619
990 0 0 0 827615.96484375 5475.9111328125 112932.89494503745 1619
1000 0 0 0 827615.96484375 5475.9111328125 112932.89494503745 1619
1010 0 0 0 827615.96484375 5475.9111328125 112932.89494503745 1619
1020 0 0 0 827615.96484375 5475.9111328125 112932.89494503745 1619
1030 0 0 0 827615.96484375 5475.9111328125 112932.89494503745 1619
1040 0 0 0 827615.96484375 5475.9111328125 112932.89494503745 1619
1050 0 0 0 827615.96484375 5475.9111328125 112932.89494503745 1619
1060 0 0 0 827615.96484375 5475.9111328125 112932.89494503745 1619
1070 0 0 0 827615.96484375 5475.9111328125 112932.89494503745 1619
1080 0 0 0 827615.96484375 5475.9111328125 112932.89494503745 1619
1090 0 0 0 827615.96484375 5475.9111328125 112932.89494503745 1619
1100 0 0 0 827615.96484375 5475.9111328125 112932.89494503745 1619
1110 0 0 0 827615.96484375 5475.9111328125 112932.89494503745 1619
1120 0 0 0 827615.96484375 5475.9111328125 112932.89494503745 1619
1130 0.6 995506.7932942709 6835.558284878882 1004691.9318847656 5475.9111328125 112932.89494503745 1619
1140 0.7 991635.3957170759 11301.9337530927 1019274.087890625 5475.9111328125 116191.62933894231 1625
1150 2.9 1035062.711030105 15601.954854713724 1054423.580078125 5475.9111328125 119946.59647414263 1632
1160 0.8 1027242.1011962891 5641.936692219329 1054423.580078125 5475.9111328125 135923.93983484275 1661
1170 0 0 0 1054423.580078125 5475.9111328125 140196.28572513128 1669
1180 0.1 1084315.2419433594 0.0 1084315.2419433594 5475.9111328125 140196.28572513128 1669
1190 0 0 0 1084315.2419433594 5475.9111328125 140761.62641747753 1670
1200 0 0 0 1084315.2419433594 5475.9111328125 140761.62641747753 1670
1210 0 0 0 1084315.2419433594 5475.9111328125 140761.62641747753 1670
1220 0 0 0 1084315.2419433594 5475.9111328125 140761.62641747753 1670
1230 0 0 0 1084315.2419433594 5475.9111328125 140761.62641747753 1670
1240 0 0 0 1084315.2419433594 5475.9111328125 140761.62641747753 1670
1250 0 0 0 1084315.2419433594 5475.9111328125 140761.62641747753 1670
1260 0 0 0 1084315.2419433594 5475.9111328125 140761.62641747753 1670
1270 0 0 0 1084315.2419433594 5475.9111328125 140761.62641747753 1670
1280 0 0 0 1084315.2419433594 5475.9111328125 140761.62641747753 1670
1290 0 0 0 1084315.2419433594 5475.9111328125 140761.62641747753 1670
1300 0 0 0 1084315.2419433594 5475.9111328125 140761.62641747753 1670
1310 0 0 0 1084315.2419433594 5475.9111328125 140761.62641747753 1670
1320 0 0 0 1084315.2419433594 5475.9111328125 140761.62641747753 1670
1330 0 0 0 1084315.2419433594 5475.9111328125 140761.62641747753 1670
1340 0 0 0 1084315.2419433594 5475.9111328125 140761.62641747753 1670
1350 0 0 0 1084315.2419433594 5475.9111328125 140761.62641747753 1670
1360 0 0 0 1084315.2419433594 5475.9111328125 140761.62641747753 1670
1370 0 0 0 1084315.2419433594 5475.9111328125 140761.62641747753 1670
1380 0 0 0 1084315.2419433594 5475.9111328125 140761.62641747753 1670
1390 0 0 0 1084315.2419433594 5475.9111328125 140761.62641747753 1670
1400 0 0 0 1084315.2419433594 5475.9111328125 140761.62641747753 1670
1410 0 0 0 1084315.2419433594 5475.9111328125 140761.62641747753 1670
1420 0 0 0 1084315.2419433594 5475.9111328125 140761.62641747753 1670
1430 0 0 0 1084315.2419433594 5475.9111328125 140761.62641747753 1670
1440 0 0 0 1084315.2419433594 5475.9111328125 140761.62641747753 1670
1450 0 0 0 1084315.2419433594 5475.9111328125 140761.62641747753 1670
1460 0 0 0 1084315.2419433594 5475.9111328125 140761.62641747753 1670
1470 0 0 0 1084315.2419433594 5475.9111328125 140761.62641747753 1670
1480 0 0 0 1084315.2419433594 5475.9111328125 140761.62641747753 1670
1490 0 0 0 1084315.2419433594 5475.9111328125 140761.62641747753 1670
1500 0 0 0 1084315.2419433594 5475.9111328125 140761.62641747753 1670
1510 0 0 0 1084315.2419433594 5475.9111328125 140761.62641747753 1670
1520 0 0 0 1084315.2419433594 5475.9111328125 140761.62641747753 1670
1530 0 0 0 1084315.2419433594 5475.9111328125 140761.62641747753 1670
1540 0 0 0 1084315.2419433594 5475.9111328125 140761.62641747753 1670
1550 0 0 0 1084315.2419433594 5475.9111328125 140761.62641747753 1670
1560 0 0 0 1084315.2419433594 5475.9111328125 140761.62641747753 1670
1570 0 0 0 1084315.2419433594 5475.9111328125 140761.62641747753 1670
1580 0 0 0 1084315.2419433594 5475.9111328125 140761.62641747753 1670
1590 0 0 0 1084315.2419433594 5475.9111328125 140761.62641747753 1670
1600 0 0 0 1084315.2419433594 5475.9111328125 140761.62641747753 1670
1610 0 0 0 1084315.2419433594 5475.9111328125 140761.62641747753 1670
1620 0 0 0 1084315.2419433594 5475.9111328125 140761.62641747753 1670
1630 0 0 0 1084315.2419433594 5475.9111328125 140761.62641747753 1670
1640 0 0 0 1084315.2419433594 5475.9111328125 140761.62641747753 1670
1650 0 0 0 1084315.2419433594 5475.9111328125 140761.62641747753 1670
1660 0 0 0 1084315.2419433594 5475.9111328125 140761.62641747753 1670
1670 0 0 0 1084315.2419433594 5475.9111328125 140761.62641747753 1670
1680 0 0 0 1084315.2419433594 5475.9111328125 140761.62641747753 1670
1690 0 0 0 1084315.2419433594 5475.9111328125 140761.62641747753 1670
