10 52.725 52.725
20 30163.01640625 30215.74140625
30 90875.525 121091.26640625
40 109342.4359375 230433.70234375
50 60140.0703125 290573.77265625
60 62713.1734375 353286.94609375
70 57611.1375 410898.08359375
80 63058.8984375 473956.98203125
90 59159.15390625 533116.1359375
100 59489.29140625 592605.42734375
110 55653.3171875 648258.74453125
120 60915.31328125 709174.0578125
130 55183.5296875 764357.5875
140 66620.75390625 830978.34140625
150 54927.91796875 885906.259375
160 61964.54921875 947870.80859375
170 61775.85078125 1009646.659375
180 62035.3125 1071681.971875
190 62397.53984375 1134079.51171875
200 59526.184375 1193605.69609375
210 64047.9359375 1257653.63203125
220 62975.15234375 1320628.784375
230 64264.62421875 1384893.40859375
240 67101.54921875 1451994.9578125
250 66351.66875 1518346.6265625
260 65310.37578125 1583657.00234375
270 64472.88828125 1648129.890625
280 65211.99375 1713341.884375
290 64345.93046875 1777687.81484375
300 68303.1234375 1845990.93828125
310 64998.18828125 1910989.1265625
320 67576.3828125 1978565.509375
330 71377.23046875 2049942.73984375
340 68258.7515625 2118201.49140625
350 71309.0390625 2189510.53046875
360 75414.4 2264924.93046875
370 78125.88515625 2343050.815625
380 30680.53671875 2373731.35234375
390 1846.72109375 2375578.0734375
400 15.778125 2375593.8515625
410 1.18671875 2375595.03828125
420 0 2375595.03828125
430 0 2375595.03828125
440 0 2375595.03828125
450 0 2375595.03828125
460 0 2375595.03828125
470 0 2375595.03828125
480 0 2375595.03828125
490 0 2375595.03828125
500 0 2375595.03828125
510 0 2375595.03828125
520 0 2375595.03828125
530 0 2375595.03828125
540 0 2375595.03828125
550 0 2375595.03828125
560 0 2375595.03828125
570 0 2375595.03828125
580 0 2375595.03828125
590 0 2375595.03828125
600 0 2375595.03828125
610 0 2375595.03828125
620 0 2375595.03828125
630 0 2375595.03828125
640 0 2375595.03828125
650 0 2375595.03828125
660 0 2375595.03828125
670 0 2375595.03828125
680 0 2375595.03828125
690 0 2375595.03828125
700 0 2375595.03828125
710 0 2375595.03828125
720 0 2375595.03828125
730 0 2375595.03828125
740 0 2375595.03828125
750 0 2375595.03828125
760 0 2375595.03828125
770 0 2375595.03828125
780 0 2375595.03828125
790 0 2375595.03828125
800 0 2375595.03828125
810 0 2375595.03828125
820 0 2375595.03828125
830 0 2375595.03828125
840 0 2375595.03828125
850 0 2375595.03828125
860 0 2375595.03828125
870 0 2375595.03828125
880 0 2375595.03828125
890 0 2375595.03828125
900 0 2375595.03828125
910 0 2375595.03828125
920 0 2375595.03828125
930 0 2375595.03828125
940 0 2375595.03828125
950 0 2375595.03828125
960 0 2375595.03828125
970 0 2375595.03828125
980 0 2375595.03828125
990 0 2375595.03828125
1000 0 2375595.03828125
1010 0 2375595.03828125
1020 0 2375595.03828125
1030 0 2375595.03828125
1040 0 2375595.03828125
1050 0 2375595.03828125
1060 0 2375595.03828125
1070 0 2375595.03828125
1080 0 2375595.03828125
1090 0 2375595.03828125
1100 0 2375595.03828125
1110 0 2375595.03828125
1120 0 2375595.03828125
1130 0 2375595.03828125
1140 0 2375595.03828125
1150 0 2375595.03828125
1160 0 2375595.03828125
1170 0 2375595.03828125
1180 0 2375595.03828125
1190 0 2375595.03828125
1200 0 2375595.03828125
1210 0 2375595.03828125
1220 0 2375595.03828125
1230 0 2375595.03828125
1240 0 2375595.03828125
1250 0 2375595.03828125
1260 0 2375595.03828125
1270 0 2375595.03828125
1280 0 2375595.03828125
1290 0 2375595.03828125
1300 0 2375595.03828125
1310 0 2375595.03828125
1320 0 2375595.03828125
1330 0 2375595.03828125
1340 0 2375595.03828125
1350 0 2375595.03828125
1360 0 2375595.03828125
1370 0 2375595.03828125
1380 0 2375595.03828125
1390 0 2375595.03828125
1400 0 2375595.03828125
1410 0 2375595.03828125
1420 0 2375595.03828125
1430 0 2375595.03828125
1440 0 2375595.03828125
1450 0 2375595.03828125
1460 0 2375595.03828125
1470 0 2375595.03828125
1480 0 2375595.03828125
1490 0 2375595.03828125
1500 0 2375595.03828125
1510 0 2375595.03828125
1520 0 2375595.03828125
1530 0 2375595.03828125
1540 0 2375595.03828125
1550 0 2375595.03828125
1560 0 2375595.03828125
1570 0 2375595.03828125
1580 0 2375595.03828125
1590 0 2375595.03828125
1600 0 2375595.03828125
1610 0 2375595.03828125
1620 0 2375595.03828125
1630 0 2375595.03828125
1640 0 2375595.03828125
1650 0 2375595.03828125
1660 0 2375595.03828125
1670 0 2375595.03828125
1680 0 2375595.03828125
1690 0 2375595.03828125
