0 0 0
10 11 11
20 30 30
30 46 48
40 70 70
50 93 93
60 119 120
70 179 179
80 271 271
90 351 351
100 487 487
110 644 644
120 789 790
130 1035 1035
140 1326 1326
150 1532 1532
160 1346 1547
170 1119 1547
180 992 1547
190 914 1547
200 879 1547
210 807 1547
220 738 1547
230 630 1547
240 603 1547
250 583 1547
260 561 1547
270 547 1547
280 542 1547
290 539 1547
300 536 1547
310 533 1547
320 522 1547
330 513 1547
340 493 1547
350 472 1547
360 434 1547
370 382 1547
380 314 1547
390 288 1547
400 281 1547
410 279 1547
420 279 1547
430 279 1547
440 279 1547
450 279 1547
460 279 1547
470 279 1547
480 279 1547
490 279 1547
500 279 1547
510 279 1547
520 279 1547
530 279 1547
540 279 1547
550 279 1547
560 279 1547
570 279 1547
580 279 1547
590 279 1547
600 279 1547
610 279 1547
620 279 1547
630 279 1547
640 279 1547
650 279 1547
660 279 1547
670 279 1547
680 279 1547
690 279 1547
700 278 1547
710 277 1547
720 276 1547
730 273 1547
740 272 1547
750 267 1547
760 262 1547
770 261 1547
780 256 1547
790 253 1547
800 248 1547
810 247 1547
820 246 1547
830 244 1547
840 239 1547
850 237 1547
860 234 1547
870 231 1547
880 230 1547
890 228 1547
900 227 1547
910 227 1547
920 227 1547
930 227 1547
940 227 1547
950 227 1547
960 227 1547
970 227 1547
980 227 1547
990 227 1547
1000 227 1547
1010 227 1547
1020 227 1547
1030 227 1547
1040 227 1547
1050 227 1547
1060 227 1547
1070 227 1547
1080 227 1547
1090 227 1547
1100 227 1547
1110 227 1547
1120 227 1547
1130 221 1547
1140 214 1547
1150 185 1547
1160 177 1547
1170 177 1547
1180 176 1547
1190 176 1547
1200 176 1547
1210 176 1547
1220 176 1547
1230 176 1547
1240 176 1547
1250 176 1547
1260 176 1547
1270 176 1547
1280 176 1547
1290 176 1547
1300 176 1547
1310 176 1547
1320 176 1547
1330 176 1547
1340 176 1547
1350 176 1547
1360 176 1547
1370 176 1547
1380 176 1547
1390 176 1547
1400 176 1547
1410 176 1547
1420 176 1547
1430 176 1547
1440 176 1547
1450 176 1547
1460 176 1547
1470 176 1547
1480 176 1547
1490 176 1547
1500 176 1547
1510 176 1547
1520 176 1547
1530 176 1547
1540 176 1547
1550 176 1547
1560 176 1547
1570 176 1547
1580 176 1547
1590 176 1547
1600 176 1547
1610 176 1547
1620 176 1547
1630 176 1547
1640 176 1547
1650 176 1547
1660 176 1547
1670 176 1547
1680 176 1547
1690 176 1547
