10 0.5 208.653173828125 413.9110232361917 1036.47509765625 1.4619140625 0 0
20 1.6 1.7324981689453125 0.2716335561701764 1036.47509765625 1.161865234375 208.653173828125 5
30 2.3 1.6735202955163044 0.2498280122002695 1036.47509765625 1.161865234375 50.99932570684524 21
40 2.4 1.6968994140625 0.2809115156746129 1036.47509765625 1.135986328125 25.215381969105113 44
50 3.7 1.5619721283783783 0.26399389702096965 1036.47509765625 1.135986328125 16.914741067325366 68
60 3.9 1.5204827724358974 0.28137672479211984 1036.47509765625 1.052978515625 11.504717726934524 105
70 5.2 1.937082143930288 1.7312246509713571 1036.47509765625 1.052978515625 8.800654093424479 144
80 8.4 2.3092157273065474 2.060251115784627 1036.47509765625 1.052978515625 6.9797064333545915 196
90 8 2.3528076171875005 1.9674047538740365 1036.47509765625 1.052978515625 5.5785592215401785 280
100 12.7 2.099007674089567 1.9969804895904903 1036.47509765625 1.052978515625 4.861725531684028 360
110 17.5 2.282303292410713 2.2909210761439724 1036.47509765625 1.030029296875 4.1412631745700725 487
120 19.1 2.262031914676046 1.9996922029521051 1036.47509765625 0.903076171875 3.649846287292296 662
130 25.7 3.0091443488570038 3.3329423372889493 1036.47509765625 0.903076171875 3.3390930104227725 853
140 36.1 2.404191373788087 2.3282644944464694 1036.47509765625 0.903076171875 3.262699491483671 1110
150 39.8 2.3479132724167715 2.3151091542566147 1036.47509765625 0.903076171875 3.0520119112742177 1471
160 30.2 2.949567984271522 2.795202575354074 1036.47509765625 0.861083984375 2.902075443502541 1869
170 0.8 1.628387451171875 0.26661090869380827 1036.47509765625 0.861083984375 2.908681959998272 2171
180 0.1 1.8310546875 0.0 1036.47509765625 0.861083984375 2.903981475339892 2179
190 0 0 0 1036.47509765625 0.861083984375 2.903489307088589 2180
200 0 0 0 1036.47509765625 0.861083984375 2.903489307088589 2180
210 0 0 0 1036.47509765625 0.861083984375 2.903489307088589 2180
220 0 0 0 1036.47509765625 0.861083984375 2.903489307088589 2180
230 0.3 4.246988932291667 3.6217053246837754 1036.47509765625 0.861083984375 2.903489307088589 2180
240 0.1 1.80908203125 0.0 1036.47509765625 0.861083984375 2.9053356189876314 2183
250 0 0 0 1036.47509765625 0.861083984375 2.9048336713741985 2184
260 0 0 0 1036.47509765625 0.861083984375 2.9048336713741985 2184
270 0 0 0 1036.47509765625 0.861083984375 2.9048336713741985 2184
280 0 0 0 1036.47509765625 0.861083984375 2.9048336713741985 2184
290 0 0 0 1036.47509765625 0.861083984375 2.9048336713741985 2184
300 0 0 0 1036.47509765625 0.861083984375 2.9048336713741985 2184
310 0 0 0 1036.47509765625 0.861083984375 2.9048336713741985 2184
320 0 0 0 1036.47509765625 0.861083984375 2.9048336713741985 2184
330 0 0 0 1036.47509765625 0.861083984375 2.9048336713741985 2184
337 0 0 0 1036.47509765625 0.861083984375 2.9048336713741985 2184
