80 0.5 18544.805615234374 25490.756594549784 69489.13012695313 4413.748779296875 0 0
90 4.9 11903.15883091518 13854.65517894869 79272.94604492188 996.02978515625 18544.805615234374 5
100 6.2 23161.02034636467 25266.284859754775 91133.69604492188 996.02978515625 12518.126125759549 54
110 12.1 26831.23466352983 28214.02381488491 94423.41796875 996.02978515625 18206.569588496768 116
120 15.4 26624.829277533987 26064.594081148294 99981.19799804688 996.02978515625 22609.87960570774 237
130 18 30324.18890516493 28925.939615832503 115096.587890625 996.02978515625 24191.215282079203 391
140 24.1 24119.790114026844 25817.822870761527 128805.95385742188 893.2880859375 26124.551975871553 571
150 26.6 20158.237848955883 21870.81410576986 134338.99291992188 893.2880859375 25529.54260554572 812
160 34 16637.95478084788 16120.567835560689 135435.76611328125 893.2880859375 24204.15571755602 1078
170 24.1 22147.757487316838 22430.240611272897 151163.00415039063 893.2880859375 22389.9749569913 1418
180 11.5 24676.295616083567 6067.4594054085765 151163.00415039063 893.2880859375 22354.78845295782 1659
190 2.3 31449.36951214334 5009.92649783913 151163.00415039063 893.2880859375 22505.280743690324 1774
200 0 0 0 151163.00415039063 893.2880859375 22619.757116352772 1797
210 0 0 0 151163.00415039063 893.2880859375 22619.757116352772 1797
220 0 0 0 151163.00415039063 893.2880859375 22619.757116352772 1797
230 0.1 78188.63012695313 0.0 151163.00415039063 893.2880859375 22619.757116352772 1797
240 1.3 85501.88189227764 9381.313451656899 151163.00415039063 893.2880859375 22650.66305239871 1798
250 1.2 101047.38244628906 12883.195952831275 151163.00415039063 893.2880859375 23101.831382005796 1811
260 0.2 115423.1669921875 15765.912109375 151163.00415039063 893.2880859375 23614.912354453078 1823
270 0.1 141291.6708984375 0.0 151163.00415039063 893.2880859375 23715.524140357444 1825
280 0.2 119690.17651367188 3696.310546875 151163.00415039063 893.2880859375 23779.914144058475 1826
290 0 0 0 151163.00415039063 893.2880859375 23884.84878560072 1828
300 0 0 0 151163.00415039063 893.2880859375 23884.84878560072 1828
310 0 0 0 151163.00415039063 893.2880859375 23884.84878560072 1828
320 0 0 0 151163.00415039063 893.2880859375 23884.84878560072 1828
330 0 0 0 151163.00415039063 893.2880859375 23884.84878560072 1828
337 0 0 0 151163.00415039063 893.2880859375 23884.84878560072 1828
