10 18.7859375 18.7859375
20 13.790625 32.5765625
30 53.97890625 86.55546875
40 74.53828125 161.09375
50 0 161.09375
60 8604.78203125 8765.87578125
70 0 8765.87578125
80 129.14140625 8895.0171875
90 203.81171875 9098.82890625
100 339.21953125 9438.0484375
110 492.21875 9930.2671875
120 559.29453125 10489.56171875
130 678.45078125 11168.0125
140 917.94375 12085.95625
150 976.7421875 13062.6984375
160 900.7875 13963.4859375
170 235.640625 14199.1265625
180 71.7140625 14270.840625
190 11.99296875 14282.83359375
200 0 14282.83359375
210 0 14282.83359375
220 0.11015625 14282.94375
230 0.51328125 14283.45703125
240 4.64765625 14288.1046875
250 5.39765625 14293.50234375
260 0.58125 14294.08359375
270 0.34765625 14294.43125
280 0.23203125 14294.66328125
290 0.115625 14294.77890625
300 0 14294.77890625
310 0 14294.77890625
320 0 14294.77890625
330 0 14294.77890625
337 0 14294.77890625
