10 6.86484375 6.86484375
20 15.21953125 22.084375
30 56.39296875 78.47734375
40 36.22578125 114.703125
50 12.2265625 126.9296875
60 17.26015625 144.18984375
70 17.825 162.01484375
80 116.28515625 278.3
90 167.16796875 445.46796875
100 316.84609375 762.3140625
110 416.0625 1178.3765625
120 464.84609375 1643.22265625
130 560.95078125 2204.1734375
140 750.97109375 2955.14453125
150 797.96875 3753.11328125
160 730.73359375 4483.846875
170 185.1046875 4668.9515625
180 55.36171875 4724.31328125
190 10.48515625 4734.7984375
200 3.2859375 4738.084375
210 0.27109375 4738.35546875
220 0.1421875 4738.49765625
230 2.2953125 4740.79296875
240 9.78203125 4750.575
250 9.6640625 4760.2390625
260 3.215625 4763.4546875
270 1.984375 4765.4390625
280 1.3 4766.7390625
290 0.615625 4767.3546875
300 0 4767.3546875
310 0 4767.3546875
320 0 4767.3546875
330 0 4767.3546875
337 0 4767.3546875
