10 1 107.8662841796875 317.60082302790573 1060.655029296875 1.006103515625 0 0
20 2.5 1.1087109375 0.11551340274744935 1060.655029296875 0.932861328125 107.8662841796875 10
30 1.6 1.1266021728515625 0.05055464794983876 1060.655029296875 0.932861328125 31.610874720982142 35
40 4.6 1.0856827445652177 0.18159899531243984 1060.655029296875 0.870849609375 22.04718137254902 51
50 3.2 1.0877609252929688 0.1114697974453477 1060.655029296875 0.870849609375 12.1066768685567 97
60 4.9 1.1087272799744896 0.17667559343313333 1060.655029296875 0.85107421875 9.373302371002907 129
70 6 1.0845133463541667 0.23392949112506012 1060.655029296875 0.826904296875 7.098222711113062 178
80 7.8 1.3959021935096154 1.0333507752633329 1060.655029296875 0.791015625 5.582161526720063 238
90 11.2 1.067304338727679 0.39965079698996486 1060.655029296875 0.48193359375 4.548844349535206 316
100 15.4 1.1824031681209413 0.8282730903601057 1060.655029296875 0.48193359375 3.6377871504453854 428
110 20.1 1.3519511815920404 0.9739203167253736 1060.655029296875 0.48193359375 2.9880807358784365 582
120 20.4 2.0758678959865198 7.124179031477817 1060.655029296875 0.48193359375 2.568078129988825 783
130 37.5 1.3493645833333343 1.0400584706196434 1060.655029296875 0.447021484375 2.4663447077634246 987
140 38.6 2.7052602817357503 12.138814058618717 1060.655029296875 0.447021484375 2.158806127248532 1362
150 42.1 1.5613036529468527 1.652646894854348 1060.655029296875 0.447021484375 2.279476209417906 1748
160 10.5 1.3723958333333328 1.1309024294240708 1060.655029296875 0.447021484375 2.140079876419145 2169
170 0.7 2.004603794642857 2.348230640058119 1060.655029296875 0.447021484375 2.104632724033916 2274
180 0 0 0 1060.655029296875 0.447021484375 2.104325752308472 2281
190 0 0 0 1060.655029296875 0.447021484375 2.104325752308472 2281
200 0 0 0 1060.655029296875 0.447021484375 2.104325752308472 2281
210 0 0 0 1060.655029296875 0.447021484375 2.104325752308472 2281
212 0 0 0 1060.655029296875 0.447021484375 2.104325752308472 2281
