10 1.9 1028.6597964638158 1055.0387991439306 3879.43798828125 35.06787109375 0 0
20 5.9 648.198920815678 697.3719787402531 3879.43798828125 22.4599609375 1028.6597964638158 19
30 6 2191.685367838541 1077.3660598617207 4056.281005859375 22.4599609375 740.8752879607372 78
40 5.7 3519.2063459429824 1623.106239893734 6894.97412109375 22.4599609375 1371.6622792119563 138
50 7.6 6775.222004137543 2906.596211994836 12282.376953125 22.4599609375 1999.4059294871795 195
60 9.9 5100.624462397413 5507.702230645857 16675.9609375 0.507080078125 3338.7491828946618 271
70 18.7 2823.775623015543 6107.089817243816 24330.747802734375 0.507080078125 3810.1698657886413 370
80 33.4 5457.439643174587 8775.262229168648 27246.409912109375 0.507080078125 3479.010577819935 557
90 40.1 1421.0289413185787 4044.5398267609803 27246.409912109375 0.507080078125 4220.643919939412 891
100 48.7 1284.9289495636565 5634.999929943833 89879.59716796875 0.484130859375 3351.723171930933 1292
110 66.5 2097.419702699129 6466.936329748177 89879.59716796875 0.484130859375 2785.9397057741803 1779
120 78.4 2233.3849733313727 6877.525805115033 93845.31811523438 0.484130859375 2598.5969062468034 2444
130 115.6 469.5686052051796 2232.619795167175 93845.31811523438 0.484130859375 2509.8961146093507 3228
140 145.2 1433.8973245752097 5596.437607061889 105288.85595703125 0.484130859375 1971.890046892375 4384
150 157.1 646.0337245074296 1292.3919237420887 105288.85595703125 0.47607421875 1838.037162587282 5836
160 99.3 1044.470351542831 1567.6764936681573 105288.85595703125 0.467041015625 1585.2172083246319 7407
170 51.3 1703.488403558266 1823.4819958832281 105288.85595703125 0.467041015625 1521.2932048979262 8400
180 15.3 55.07476926317402 146.0242812558394 105288.85595703125 0.467041015625 1531.7797006808 8913
190 3.7 29.4710594383446 44.20988253685317 105288.85595703125 0.467041015625 1506.8584725198805 9066
200 1.1 55.56119051846591 81.41184988537091 105288.85595703125 0.467041015625 1500.853492372235 9103
210 0.1 4.30908203125 0.0 105288.85595703125 0.467041015625 1499.1091193943557 9114
212 0 0 0 105288.85595703125 0.467041015625 1498.9451259728128 9115
