10 3.9 504.3104279346955 883.461151200788 3879.43798828125 11.4169921875 0 0
20 12.3 310.8336310658028 562.6781181887942 3879.43798828125 9.586181640625 504.3104279346955 39
30 10.7 1390.3529588931074 611.5661471721226 3879.43798828125 9.586181640625 357.4113784601659 162
40 12.6 2418.5587758866563 819.7238952809083 3902.9228515625 9.586181640625 768.2840517178787 269
50 14.3 3816.7554479212195 585.8586779197445 5557.215087890625 9.586181640625 1294.7007991742482 395
60 18.9 3226.261310557209 3450.8064228343874 9132.089111328125 0.488037109375 1965.0610496776255 538
70 36.8 2672.1896329133397 4710.419902151843 12610.14990234375 0.340087890625 2292.938421488136 727
80 55.1 2337.0333599775963 3836.2666700805526 13757.171875 0.340087890625 2420.3945363780676 1095
90 67.7 993.8541229112816 2853.781962869576 13757.171875 0.31103515625 2392.48930661096 1646
100 84.6 986.7019418125734 4490.035668963733 89750.783203125 0.31103515625 1984.880172144889 2323
110 113.3 1328.493672168055 4175.014662669548 89750.783203125 0.31103515625 1718.405327442731 3169
120 131.8 1058.124754192254 3529.406405901404 89750.783203125 0.309814453125 1615.7159026574666 4302
130 199.7 297.15081912419436 1399.4584037918762 89750.783203125 0.309814453125 1484.9498646366212 5620
140 244.7 749.7291465793572 3486.3441731434377 98460.93896484375 0.309814453125 1173.536618753949 7617
150 261.9 400.2899392249249 788.3532166252869 98460.93896484375 0.301025390625 1070.4904259467921 10064
160 142.2 704.0527989297645 953.6149109612205 98460.93896484375 0.284912109375 932.0961127145465 12683
170 61.1 1352.2870554323076 1285.230737372837 98460.93896484375 0.284912109375 909.1058544939184 14105
180 16.4 51.37383586604421 138.9271155525979 98460.93896484375 0.284912109375 927.5064873950706 14716
190 3.8 28.69310880962171 43.87565858326666 98460.93896484375 0.284912109375 917.8501866658529 14880
200 1.1 55.56119051846591 81.41184988537091 98460.93896484375 0.284912109375 915.585273878714 14918
210 0.1 4.30908203125 0.0 98460.93896484375 0.284912109375 914.9515901144323 14929
212 0 0 0 98460.93896484375 0.284912109375 914.890595974574 14930
