20 0.2 7397.8446044921875 845.3294677734375 8243.174072265625 6552.51513671875 0 0
30 0.7 15913.625453404018 4715.252228406937 25135.3779296875 6552.51513671875 7397.8446044921875 2
40 0.8 20888.12725830078 4997.194588968569 28514.912841796875 6552.51513671875 14021.229709201389 9
50 1.2 31240.639322916668 7200.689186065766 46970.76513671875 6552.51513671875 17252.710908777575 17
60 0.7 32821.47705078125 6915.741350909425 46970.76513671875 6552.51513671875 23040.819218076507 29
70 1.5 33168.4865234375 10940.967720145867 51880.781005859375 6552.51513671875 24942.613796657984 36
80 4.7 28584.65752784242 15187.856850195387 53617.77099609375 3850.005126953125 27361.988128063724 51
90 5.8 24413.150697905443 14860.659269754311 54768.663818359375 3028.753173828125 27948.370391222896 98
100 7.4 26197.97590595967 18849.857679260764 98354.14794921875 3028.753173828125 26633.993838579227 156
110 11.3 25321.75502972898 20657.97211448776 98354.14794921875 3028.753173828125 26493.70980808424 230
120 13 23936.789565805288 18486.446429749893 98354.14794921875 2718.90380859375 26107.613919005104 343
130 17.7 21070.456835385776 14625.95415454343 107095.89404296875 2022.27197265625 25510.981432924815 473
140 23.3 20295.21430098244 18041.756924901656 119123.76000976563 2016.416015625 24301.792427133412 650
150 27.1 19494.070389075474 12890.975194420396 119123.76000976563 2016.416015625 23244.563997469562 883
160 27.8 19191.394759582938 9268.890667622336 119123.76000976563 1628.588134765625 22363.81549844461 1154
170 25.1 23694.780030269547 8354.238411852935 119123.76000976563 1628.588134765625 21747.94052260414 1432
180 10.1 29719.39463519106 7037.007689127216 119123.76000976563 1628.588134765625 22038.28913604681 1683
190 3.1 38601.17588363155 6892.438279074851 119123.76000976563 1628.588134765625 22473.149929440067 1784
200 0.7 44134.42128208705 3392.5355143859065 119123.76000976563 1628.588134765625 22748.614835544715 1815
210 0.1 53759.448974609375 0.0 119123.76000976563 1628.588134765625 22830.777648456788 1822
212 0 0 0 119123.76000976563 1628.588134765625 22847.74345829011 1823
