10 24.48671875 24.48671875
20 67.35 91.83671875
30 68.7 160.53671875
40 83.06015625 243.596875
50 84.04921875 327.64609375
60 97.31015625 424.95625
70 131.165625 556.121875
80 195.61953125 751.74140625
90 209.890625 961.63203125
100 226.49140625 1188.1234375
110 284.2296875 1472.353125
120 359.16484375 1831.51796875
130 539.4375 2370.95546875
140 683.24609375 3054.2015625
150 884.06953125 3938.27109375
160 561.69375 4499.96484375
170 237.82578125 4737.790625
180 79.4375 4817.228125
190 18.7265625 4835.9546875
200 5.15859375 4841.11328125
210 0.49609375 4841.609375
212 0 4841.609375
