10 4217.90703125 4217.90703125
20 14032.70390625 18250.6109375
30 17934.00390625 36184.61484375
40 11559.32890625 47743.94375
50 11417.61328125 59161.55703125
60 11842.91484375 71004.471875
70 11594.44921875 82598.92109375
80 10191.22890625 92790.15
90 10944.2484375 103734.3984375
100 3603.1421875 107337.540625
110 3828.63515625 111166.17578125
120 1971.84375 113138.01953125
130 4113.99921875 117252.01875
140 26956.659375 144208.678125
150 20338.84765625 164547.52578125
160 24954.33359375 189501.859375
170 19862.58984375 209364.44921875
180 2408.47421875 211772.9234375
190 31.71328125 211804.63671875
200 10.3984375 211815.03515625
210 0.115625 211815.15078125
212 0 211815.15078125
