10 1.3 81.5240009014423 275.87674686105424 1037.18896484375 1.593017578125 0 0
20 2.1 2.5008486793154763 2.931365784115755 1037.18896484375 1.490966796875 81.5240009014423 13
30 1.9 3.7535593133223686 4.44121217407609 1037.18896484375 1.47216796875 32.715583352481616 34
40 2.9 1.7447046740301724 0.12972638955534888 1037.18896484375 1.47216796875 22.332970961084907 53
50 4.2 1.9495849609375 0.32277587855407197 1037.18896484375 1.47216796875 15.051754835175306 82
60 5 1.9929833984375 1.090520085106085 1037.18896484375 1.465087890625 10.61392310357863 124
70 5.2 1.7523052509014423 0.29644409526761745 1037.18896484375 1.405029296875 8.136641579112787 174
80 8.2 2.059367854420732 1.7860584994385544 1037.18896484375 1.39208984375 6.667679238108407 226
90 8.1 2.338843074845679 2.234153678833467 1037.18896484375 1.364013671875 5.440791142451299 308
100 13.9 2.3656418615107913 2.967943274226421 1037.18896484375 1.360107421875 4.794884218348329 389
110 15.8 2.61361192147943 3.3718956448097948 1037.18896484375 1.360107421875 4.155367764559659 528
120 16.5 1.8279060132575757 1.4510490672943204 1037.18896484375 1.3349609375 3.800269480001822 686
130 27.3 2.0504253233745455 2.033755243871901 1037.18896484375 1.330078125 3.4178488313381314 851
140 36.4 2.024035107958447 1.921812401802734 1037.18896484375 0.962158203125 3.085725506005339 1124
150 39.7 1.6761981954502518 0.39745334899078527 1037.18896484375 0.962158203125 2.8260109193863414 1488
160 12.2 2.251126648949795 2.3601818687648155 1037.18896484375 0.962158203125 2.583848770101128 1885
170 0 0 0 1037.18896484375 0.962158203125 2.5636235091243154 2007
180 0 0 0 1037.18896484375 0.962158203125 2.5636235091243154 2007
190 0 0 0 1037.18896484375 0.962158203125 2.5636235091243154 2007
200 0 0 0 1037.18896484375 0.962158203125 2.5636235091243154 2007
210 0 0 0 1037.18896484375 0.962158203125 2.5636235091243154 2007
213 0 0 0 1037.18896484375 0.962158203125 2.5636235091243154 2007
