10 3.4 195.95529354319854 268.0427402482193 1378.255859375 8.2451171875 0 0
20 7.6 81.88252338610198 82.76371383099459 1378.255859375 5.35791015625 195.95529354319854 34
30 10 63.492551269531276 73.5785082742774 1378.255859375 5.2861328125 117.14137961647727 110
40 9.6 71.64383951822914 81.91645886101915 1378.255859375 5.2861328125 91.59431849888395 210
50 17.4 94.95416189610273 139.46575841387184 1378.255859375 5.157958984375 85.33534470103146 306
60 23 67.8999798318614 78.93672710790655 1378.255859375 5.157958984375 88.8221659342448 480
70 23.6 65.55790891485695 78.38817543965808 1378.255859375 5.157958984375 82.04455635178257 710
80 33.9 72.50117317132197 81.17257925204383 1378.255859375 5.157958984375 77.93160836540366 946
90 38.7 68.24268776748218 84.58915999842039 1378.255859375 5.157958984375 76.49898771887159 1285
100 52.6 92.66375709214589 98.6618676147325 1378.255859375 5.156005859375 74.58799006265885 1672
110 72 88.3526241726346 96.81914189414717 1378.255859375 5.156005859375 78.91367407426493 2198
120 77.9 101.75769998846677 105.23179321155327 1378.255859375 5.156005859375 81.24268163794765 2918
130 78.3 613.4632912900103 792.7723006296595 3549.833984375 1.041015625 85.5654296214625 3697
140 129.6 806.0517382209687 689.7060946905893 3549.833984375 1.041015625 177.8297210693359 4480
150 159.5 652.5804695153323 610.6746303236349 3549.833984375 1.041015625 318.78812380972994 5776
160 123.9 388.00904798161355 573.607938989445 3549.833984375 1.041015625 391.0169654052306 7371
170 41 12.6013916015625 16.63454988842643 3549.833984375 1.041015625 390.58411875158816 8610
180 13.7 8.999406577896899 10.77827669827558 3549.833984375 1.041015625 373.40308569931426 9020
190 2.1 6.914248511904762 1.3096530401570827 3549.833984375 1.041015625 367.9511577709934 9157
200 1 8.2859130859375 2.468543472463764 3549.833984375 1.041015625 367.1250763704224 9178
210 0.2 10.1405029296875 1.9625244140625 3549.833984375 1.041015625 366.73452438600305 9188
213 0 0 0 3549.833984375 1.041015625 366.65691959352074 9190
