10 6.6 100.86486076586175 163.37893781986315 1260.969970703125 8.2451171875 0 0
20 13.7 45.35112946224909 45.44169444172473 1260.969970703125 5.35791015625 100.86486076586175 66
30 16.9 37.50077864968564 39.710912394077766 1260.969970703125 5.2861328125 63.3999288023399 203
40 16.8 42.55477323986233 42.63169922247334 1260.969970703125 5.2861328125 51.633917039440526 372
50 30.1 54.48640517935006 81.47350333786576 1260.969970703125 5.157958984375 48.809294524016195 540
60 38.7 39.79630029170706 40.13939206973418 1260.969970703125 5.157958984375 50.84117360517611 841
70 39.5 39.1091852501978 41.5369136381375 1260.969970703125 5.157958984375 47.36041955606168 1228
80 58.1 42.48747277054652 43.0158587036132 1260.969970703125 5.157958984375 45.352263332515015 1623
90 63.4 41.38673068747529 43.247217258653215 1260.969970703125 5.157958984375 44.597071265135845 2204
100 93.7 51.97190350478587 48.62617330629289 1260.969970703125 5.156005859375 43.879891587110194 2838
110 120.9 52.94679329669407 45.50613736751775 1260.969970703125 5.156005859375 45.88842540614652 3775
120 130.2 60.52283296130955 47.74656236626731 1260.969970703125 5.156005859375 47.60061777766979 4984
130 139 380.66001889894335 407.8714324233935 1460.044189453125 0.85888671875 50.277156780071785 6286
140 225.3 458.4376048948622 299.60446934250086 1460.044189453125 0.85888671875 110.1041732398466 7676
150 269 390.49660798820867 301.9926792609887 1460.044189453125 0.85693359375 189.14488444125158 9929
160 182.4 236.95734566136449 283.94857064906137 1460.044189453125 0.85693359375 232.0671553296987 12619
170 47.6 10.790729939436709 10.264959172891812 1460.044189453125 0.85693359375 232.6847352760366 14443
180 14.5 8.49582098599138 6.419660499299163 1460.044189453125 0.85693359375 225.60506864018828 14919
190 2.1 6.914248511904762 1.3096530401570827 1460.044189453125 0.85693359375 223.51526241940635 15064
200 1.1 7.525190873579546 1.393355912720895 1460.044189453125 0.85693359375 223.2137296854284 15085
210 0.2 10.1405029296875 1.9625244140625 1460.044189453125 0.85693359375 223.05656395100007 15096
213 0 0 0 1460.044189453125 0.85693359375 223.02835941251533 15098
