20 0.9 10329.145209418402 2947.4487109714887 14863.93994140625 5992.238037109375 0 0
30 1.7 9650.42236328125 4972.401697812606 19638.007080078125 3547.218017578125 10329.145209418402 9
40 1.7 14481.827493106617 6338.447021007609 25069.758056640625 3176.59912109375 9885.364886944111 26
50 2.7 12905.936803747107 7789.228207199855 32772.48193359375 3176.59912109375 11702.571033566497 43
60 3.6 15258.18324110243 7470.502228830941 37342.85205078125 3176.59912109375 12166.726402064733 70
70 4 12592.057019042968 5662.187885631905 37342.85205078125 3176.59912109375 13216.65513985112 106
80 5 15120.976518554688 8715.573209902761 52651.06494140625 3176.59912109375 13045.53236702697 146
90 7.3 14676.375214041096 8257.384256724046 52651.06494140625 2886.489013671875 13574.982405682 196
100 7.1 15150.77850599692 8128.443891219545 52651.06494140625 2580.447021484375 13873.873390850082 269
110 12.1 13307.617469976756 7337.681765281724 52651.06494140625 1836.929931640625 14140.521223718979 340
120 14.1 14339.473494292995 7700.130526336802 52651.06494140625 1535.061767578125 13921.906572519827 461
130 13.4 16248.389741356694 8241.580469618233 52651.06494140625 1535.061767578125 14019.708791739125 602
140 17.6 16402.58566422896 7736.758721557309 52651.06494140625 1535.061767578125 14425.474073327106 736
150 26.6 15870.821613971451 6876.170498284024 52651.06494140625 1535.061767578125 14807.021924202902 912
160 33.4 16690.83214820358 7351.31127954387 53891.45703125 1535.061767578125 15047.234757376445 1178
170 21.4 20855.203180901346 8001.968006118897 54177.583984375 1535.061767578125 15410.30455138191 1512
180 8.8 27633.470736416904 6427.412444947235 54177.583984375 1535.061767578125 16085.396270221516 1726
190 1.5 37127.32560221354 4114.436177777739 54177.583984375 1535.061767578125 16645.611569573884 1814
200 0.7 51250.73824637277 11440.788380336602 71148.45483398438 1535.061767578125 16813.586260929595 1829
210 0.2 57907.20593261719 1845.9581298828125 71148.45483398438 1535.061767578125 16944.882592028778 1836
213 0 0 0 71148.45483398438 1535.061767578125 16989.455305130614 1838
