10 275.04453125 275.04453125
20 544.065625 819.11015625
30 736.2671875 1555.37734375
40 606.42734375 2161.8046875
50 1284.29765625 3446.10234375
60 1732.25546875 5178.3578125
70 1876.1140625 7054.471875
80 2704.40234375 9758.87421875
90 2861.37109375 12620.2453125
100 4272.4921875 16892.7375
110 5694.4921875 22587.2296875
120 6061.6109375 28648.840625
130 4643.76171875 33292.60234375
140 6153.74140625 39446.34375
150 6166.225 45612.56875
160 5254.08515625 50866.65390625
170 1212.38515625 52079.0390625
180 282.25625 52361.2953125
190 20.0484375 52381.34375
200 8.41015625 52389.75390625
210 1.33359375 52391.0875
213 0 52391.0875
