10 35.2078125 35.2078125
20 75.3640625 110.571875
30 91.59765625 202.16953125
40 90.721875 292.89140625
50 162.615625 455.50703125
60 208.5859375 664.09296875
70 212.08984375 876.1828125
80 313.7796875 1189.9625
90 340.83203125 1530.79453125
100 510.80859375 2041.603125
110 657.7015625 2699.3046875
120 695.41640625 3394.72109375
130 752.62578125 4147.346875
140 1116.60390625 5263.95078125
150 1319.3625 6583.31328125
160 882.67265625 7465.9859375
170 243.590625 7709.5765625
180 73.26796875 7782.84453125
190 10.578125 7793.42265625
200 5.53984375 7798.9625
210 0.98984375 7799.95234375
213 0 7799.95234375
