10 9 9
20 29 20
30 47 18
40 70 23
50 77 7
60 114 37
70 155 41
80 229 74
90 314 85
100 354 40
110 401 47
120 674 273
130 685 11
140 1149 464
150 1368 219
160 1210 -158
170 979 -231
180 872 -107
190 821 -51
200 783 -38
210 723 -60
220 634 -89
230 593 -41
240 579 -14
250 576 -3
260 560 -16
270 548 -12
280 542 -6
290 539 -3
300 536 -3
310 532 -4
320 522 -10
330 513 -9
340 493 -20
350 472 -21
360 434 -38
370 383 -51
380 316 -67
390 288 -28
400 281 -7
410 279 -2
420 279 0
430 279 0
440 279 0
450 279 0
460 279 0
470 279 0
480 279 0
490 279 0
500 279 0
510 279 0
520 279 0
530 279 0
540 279 0
550 279 0
560 279 0
570 279 0
580 279 0
590 279 0
600 279 0
610 279 0
620 279 0
630 279 0
640 279 0
650 279 0
660 279 0
670 279 0
680 279 0
690 279 0
700 278 -1
710 278 0
720 276 -2
730 273 -3
740 272 -1
750 267 -5
760 263 -4
770 261 -2
780 256 -5
790 253 -3
800 248 -5
810 247 -1
820 246 -1
830 244 -2
840 239 -5
850 237 -2
860 234 -3
870 232 -2
880 230 -2
890 228 -2
900 227 -1
910 227 0
920 227 0
930 227 0
940 227 0
950 227 0
960 227 0
970 227 0
980 227 0
990 227 0
1000 227 0
1010 227 0
1020 227 0
1030 227 0
1040 227 0
1050 227 0
1060 227 0
1070 227 0
1080 227 0
1090 227 0
1100 227 0
1110 227 0
1120 227 0
1130 221 -6
1140 214 -7
1150 185 -29
1160 177 -8
1170 177 0
1180 176 -1
1190 176 0
1200 176 0
1210 176 0
1220 176 0
1230 176 0
1240 176 0
1250 176 0
1260 176 0
1270 176 0
1280 176 0
1290 176 0
1300 176 0
1310 176 0
1320 176 0
1330 176 0
1340 176 0
1350 176 0
1360 176 0
1370 176 0
1380 176 0
1390 176 0
1400 176 0
1410 176 0
1420 176 0
1430 176 0
1440 176 0
1450 176 0
1460 176 0
1470 176 0
1480 176 0
1490 176 0
1500 176 0
1510 176 0
1520 176 0
1530 176 0
1540 176 0
1550 176 0
1560 176 0
1570 176 0
1580 176 0
1590 176 0
1600 176 0
1610 176 0
1620 176 0
1630 176 0
1640 176 0
1650 176 0
1660 176 0
1670 176 0
1680 176 0
1690 176 0
