200 0.2 2
210 0 2
220 0 2
230 7.2 74
240 0 74
250 0 74
260 0 74
270 0 74
280 0 74
290 0 74
300 0 74
310 0 74
320 0 74
330 0 74
340 0 74
350 0 74
360 0 74
370 0 74
380 0 74
390 0 74
400 0 74
410 0 74
420 0 74
430 0 74
440 0 74
450 0 74
460 0 74
470 0 74
480 0 74
490 0 74
500 0 74
510 0 74
520 0 74
530 0 74
540 0 74
550 0 74
560 0 74
570 0 74
580 0 74
590 0 74
600 0 74
610 0 74
620 0 74
630 0 74
640 0 74
650 0 74
660 0 74
670 0 74
680 0 74
690 0 74
700 0 74
710 0 74
720 0 74
730 0 74
740 0 74
750 0 74
760 0 74
770 0 74
780 0 74
790 0 74
800 0 74
810 0 74
820 0 74
830 0 74
840 0 74
850 0 74
860 0 74
870 0 74
880 0 74
890 0 74
900 0 74
910 0 74
920 0 74
930 0 74
940 0 74
950 0 74
960 0 74
970 0 74
980 0 74
990 0 74
1000 0 74
1010 0 74
1020 0 74
1030 0 74
1040 0 74
1050 0 74
1060 0 74
1070 0 74
1080 0 74
1090 0 74
1100 0 74
1110 0 74
1120 0 74
1130 0 74
1140 0 74
1150 0 74
1160 0 74
1170 0 74
1180 0 74
1190 0 74
1200 0 74
1210 0 74
1220 0 74
1230 0 74
1240 0 74
1250 0 74
1260 0 74
1270 0 74
1280 0 74
1290 0 74
1300 0 74
1310 0 74
1320 0 74
1330 0 74
1340 0 74
1350 0 74
1360 0 74
1370 0 74
1380 0 74
1390 0 74
1400 0 74
1410 0 74
1420 0 74
1430 0 74
1440 0 74
1450 0 74
1460 0 74
1470 0 74
1480 0 74
1490 0 74
1500 0 74
1510 0 74
1520 0 74
1530 0 74
1540 0 74
1550 0 74
1560 0 74
1570 0 74
1580 0 74
1590 0 74
1600 0 74
1610 0 74
1620 0 74
1630 0 74
1640 0 74
1650 0 74
1660 0 74
1670 0 74
1680 0 74
1690 0 74
