10 4 122.8692138671875 223.12683541793334 1402.2880859375 1.073974609375 0 0
20 2.9 3681.967276737608 5080.496744953734 16484.65087890625 1.073974609375 122.8692138671875 40
30 12.3 1903.183633447663 4119.60367481545 19471.9541015625 0.752197265625 1618.722022899683 69
40 4.3 2770.9183150890262 6899.680643258 33628.766845703125 0.695068359375 1800.9552421569824 192
50 0.8 14930.585968017578 9174.535070909997 37723.277099609375 0.695068359375 1978.4378469913563 235
60 2.1 4405.263555617559 9112.41446869421 44759.862060546875 0.695068359375 2404.8460155848124 243
70 0.5 50173.10703125 16557.34651871658 59960.906005859375 0.695068359375 2563.970138087417 264
80 1.8 42378.41700575087 13455.553190887136 59960.906005859375 0.695068359375 3448.898333127614 269
90 26.3 26491.147424734143 19068.849719649956 60845.309814453125 0.695068359375 5890.470932804334 287
100 53.2 6445.71754031074 10354.945078123288 60845.309814453125 0.572021484375 15741.33987349077 550
110 13.6 9678.394427131205 13931.594738805592 60845.309814453125 0.572021484375 11170.849040540885 1082
120 39.7 4463.178330889877 10977.129088057924 60845.309814453125 0.547119140625 11004.203862032087 1218
130 138 1297.2949791949718 6656.371247843104 60845.309814453125 0.517822265625 9396.286130847284 1615
140 231.1 658.4117874812388 5119.2599874678 60845.309814453125 0.517822265625 5664.530608550059 2995
150 269.5 1098.258915526438 5385.900048563056 60845.309814453125 0.110107421875 3484.14225659189 5306
160 245.6 8491.061086151421 20665.9319409998 60845.309814453125 0.10791015625 2680.4982615698436 8001
170 170.2 5872.469778058672 17701.381864146373 60845.309814453125 0.10791015625 4045.2053761507327 10457
180 90.2 5476.189668575037 17195.112047753977 60845.309814453125 0.10791015625 4300.983319406536 12159
190 87.4 8788.49151234224 21114.86130010888 60845.309814453125 0.10791015625 4382.143730320707 13061
200 26.9 1107.255942872909 8027.673701342889 60845.309814453125 0.10791015625 4658.508851345954 13935
210 11.4 11456.64115182977 23423.199775808855 60845.309814453125 0.10791015625 4591.254061682532 14204
220 41.3 15576.275017615966 26171.977065111565 60845.309814453125 0.10791015625 4645.916313971733 14318
230 15.5 17658.142743510583 27178.414892862667 60845.309814453125 0.10791015625 4952.3611001101535 14731
240 1.9 3160.4542429070725 13396.917155770278 60845.309814453125 0.10791015625 5084.659646041033 14886
250 1.6 18587.37840270996 27566.156436831257 60845.309814453125 0.10791015625 5082.206784406712 14905
260 0.7 34087.44370814732 29518.7037014655 60845.309814453125 0.10791015625 5096.688571545164 14921
270 0.5 35684.83842773437 29135.281463352272 60845.309814453125 0.10791015625 5110.282843112435 14928
280 1 53409.14846191406 17803.16795627161 60845.309814453125 0.10791015625 5120.520088001145 14933
290 2.6 38986.67571551984 28365.94407313753 60845.309814453125 0.10791015625 5152.835304740698 14943
300 1.6 55802.79959106445 14408.871355469772 60845.309814453125 0.10791015625 5211.602079453789 14969
310 0.5 59289.18247070313 270.3270620490915 60845.309814453125 0.10791015625 5265.6200414281475 14985
320 0.1 59210.994873046875 0.0 60845.309814453125 0.10791015625 5283.639908816165 14990
330 0.2 59921.223876953125 77.635009765625 60845.309814453125 0.10791015625 5287.237224203012 14991
340 0.2 59758.14807128906 122.2139892578125 60845.309814453125 0.10791015625 5294.52515679192 14993
350 0.4 53690.48272705078 10675.165963845899 60845.309814453125 0.10791015625 5301.789394593121 14995
360 0.7 59756.609165736605 324.2681142373344 60845.309814453125 0.10791015625 5314.693906449233 14999
370 0.3 59346.655029296875 444.7395454879222 60845.309814453125 0.10791015625 5340.089975142756 15006
380 0.1 59999.967041015625 0.0 60845.309814453125 0.10791015625 5350.884811251922 15009
390 0.3 18582.703369140625 14595.995689041054 60845.309814453125 0.10791015625 5354.5256561706265 15010
400 0.1 59250.16796875 0.0 60845.309814453125 0.10791015625 5357.16900081453 15013
410 0.1 59120.5390625 0.0 60845.309814453125 0.10791015625 5360.758517197101 15014
420 0.6 42311.68493652344 24219.461897900735 60845.309814453125 0.10791015625 5364.338922161824 15015
430 0 0 0 60845.309814453125 0.10791015625 5379.097198980023 15021
440 0.1 59106.072021484375 0.0 60845.309814453125 0.10791015625 5379.097198980023 15021
450 0 0 0 60845.309814453125 0.10791015625 5382.673751690881 15022
460 0 0 0 60845.309814453125 0.10791015625 5382.673751690881 15022
470 0.1 59835.905029296875 0.0 60845.309814453125 0.10791015625 5382.673751690881 15022
480 0.1 59316.951904296875 0.0 60845.309814453125 0.10791015625 5386.298409301052 15023
490 0.1 59767.7470703125 0.0 60845.309814453125 0.10791015625 5389.888042787141 15024
500 0 0 0 60845.309814453125 0.10791015625 5393.507201457857 15025
510 0.1 59994.6669921875 0.0 60845.309814453125 0.10791015625 5393.507201457857 15025
511 0 0 0 60845.309814453125 0.10791015625 5397.140980227373 15026
