10 61.44609375 61.44609375
20 4106.41875 4167.86484375
30 16532.06953125 20699.934375
40 8224.15859375 28924.09296875
50 4082.409375 33006.50234375
60 4141.3578125 37147.86015625
70 4081.8359375 41229.69609375
80 17602.878125 58832.57421875
90 27632.54609375 86465.1203125
100 1144.425 87609.5453125
110 244.034375 87853.5796875
120 207.80078125 88061.38046875
130 776.190625 88837.57109375
140 893.2203125 89730.79140625
150 1163.29921875 90894.090625
160 1024.9578125 91919.0484375
170 582.2796875 92501.328125
180 316.82734375 92818.15546875
190 283.8265625 93101.98203125
200 96.52578125 93198.5078125
210 34.55234375 93233.06015625
220 115.41328125 93348.4734375
230 41.9203125 93390.39375
240 6.63984375 93397.03359375
250 4.31484375 93401.3484375
260 1.33125 93402.6796875
270 0.90703125 93403.58671875
280 0.89296875 93404.4796875
290 4.28671875 93408.76640625
300 1.24453125 93410.0109375
310 0.29296875 93410.30390625
320 0.05859375 93410.3625
330 0.1171875 93410.4796875
340 0.1171875 93410.596875
350 1.39765625 93411.99453125
360 0.41015625 93412.4046875
370 0.17578125 93412.58046875
380 0.05859375 93412.6390625
390 0.3515625 93412.990625
400 0.05859375 93413.04921875
410 0.05859375 93413.1078125
420 0.46875 93413.5765625
430 0 93413.5765625
440 0.05859375 93413.63515625
450 0 93413.63515625
460 0 93413.63515625
470 0.05859375 93413.69375
480 0.05859375 93413.75234375
490 0.05859375 93413.8109375
500 0 93413.8109375
510 0.05859375 93413.86953125
511 0 93413.86953125
