10 1.7 143.54730583639707 278.5408102086171 1059.39404296875 1.18212890625 0 0
20 1.5 2.184440104166667 0.585491284267998 1059.39404296875 1.18212890625 143.54730583639707 17
30 2.7 2.443603515625 2.4733631555819207 1059.39404296875 1.06103515625 77.28346252441406 32
40 3.2 1.84857177734375 0.6008086962191086 1059.39404296875 1.05908203125 43.034713486493644 59
50 3.5 2.9511230468749994 3.23787351400966 1059.39404296875 1.05908203125 28.55167464371566 91
60 5.1 2.688356885723039 2.2034422465393484 1059.39404296875 1.05908203125 21.44041031125992 126
70 7.8 2.7587640224358987 2.8359618241724767 1059.39404296875 1.05908203125 16.03727627339336 177
80 9.6 4.2360382080078125 4.774457550463602 1059.39404296875 1.05908203125 11.975613702512254 255
90 8.4 3.5275762648809526 3.9854360294839224 1059.39404296875 1.054931640625 9.858806729656338 351
100 12.9 3.21980226501938 3.5277090357987673 1059.39404296875 1.004150390625 8.636224295079023 435
110 17.6 3.3849112770774146 3.7315632011452267 1059.39404296875 1.004150390625 7.397361809480275 564
120 17.2 3.057614348655523 3.604253066335088 1059.39404296875 0.98583984375 6.443049250422297 740
130 30.8 3.704834777039367 4.408197660393156 1059.39404296875 0.98583984375 5.804568106668038 912
140 37.3 3.5933736438086457 4.295772353788852 1059.39404296875 0.98583984375 5.274471495581455 1220
150 34.3 3.500109614158163 4.028387222800286 1059.39404296875 0.98583984375 4.8808434361268045 1593
160 9.9 3.6928735598169204 4.201078505283192 1059.39404296875 0.98583984375 4.636219623660253 1936
170 1.3 4.939978966346154 5.343603308759218 1059.39404296875 0.98583984375 4.5903271124462535 2035
180 0 0 0 1059.39404296875 0.98583984375 4.592546582221985 2048
190 0 0 0 1059.39404296875 0.98583984375 4.592546582221985 2048
200 0 0 0 1059.39404296875 0.98583984375 4.592546582221985 2048
210 0 0 0 1059.39404296875 0.98583984375 4.592546582221985 2048
211 0 0 0 1059.39404296875 0.98583984375 4.592546582221985 2048
