10 3.5 707.7950683593749 1036.0553294123251 3360.14697265625 14.278076171875 0 0
20 7 147.81293247767863 180.1698412299707 3360.14697265625 12.68310546875 707.7950683593749 35
30 10 150.50491210937497 149.4667964070745 3360.14697265625 11.387939453125 334.47364443824404 105
40 10.8 132.90895815248845 125.97354524544086 3360.14697265625 11.387939453125 244.73279939977135 205
50 14.1 130.47577120733598 142.03834499787524 3360.14697265625 11.387939453125 206.14821519943092 313
60 19.9 186.35909160058102 203.3605261463605 3360.14697265625 11.387939453125 182.6464209199477 454
70 23.4 314.758033687233 384.43252454902404 3360.14697265625 11.387939453125 183.7778473601407 653
80 24.2 1840.3414538675108 1151.4107560118955 4816.23095703125 11.387939453125 218.33180857833642 887
90 27.1 3185.624236047047 1728.3260265433385 7588.1279296875 11.387939453125 566.0079238661842 1129
100 31.1 3240.363685534315 2079.2887370518033 8359.60693359375 11.387939453125 1073.0907957240513 1400
110 48.6 3112.397262008102 4254.40781865501 13646.544189453125 1.35498046875 1467.0252602073897 1711
120 70.8 3440.606462209238 4367.269221249446 14362.325927734375 1.35498046875 1830.999221461439 2197
130 114.4 1952.4814672936923 3125.703963910634 14362.325927734375 1.31396484375 2223.2890412374945 2905
140 143 1526.194061919527 2726.9673941592287 14362.325927734375 1.31396484375 2146.775367591728 4049
150 144.6 1519.5848555822115 2458.6254130415537 14362.325927734375 1.30517578125 1984.8057988545045 5479
160 111.7 2196.7769971009157 2651.5438444543424 14362.325927734375 1.30517578125 1887.6636351040731 6925
170 75.7 440.5841082191219 753.1066723098364 14362.325927734375 1.30517578125 1930.5981819021922 8042
180 17.9 18.15244195181564 15.31408058374076 14362.325927734375 1.30517578125 1802.4085406045351 8799
190 4.9 17.765286192602037 12.894601651306896 14362.325927734375 1.30517578125 1766.834711059109 8978
200 1.2 16.948872884114582 6.229440316378005 14362.325927734375 1.30517578125 1757.3404824318286 9027
210 0.1 17.203857421875 0.0 14362.325927734375 1.30517578125 1755.0299724954891 9039
211 0 0 0 14362.325927734375 1.30517578125 1754.8377350933793 9040
