10 7.2 348.61341349283845 466.6122679677301 1985.22412109375 1.422119140625 0 0
20 11.3 88.29709969579649 101.82467393594793 1985.22412109375 1.422119140625 348.61341349283845 72
30 17.7 84.62502068988353 90.39572623385912 1985.22412109375 0.566162109375 189.6093947951858 185
40 19.4 73.61471714924294 69.3557903791465 1985.22412109375 0.505126953125 138.27725607518994 362
50 23.5 78.43216734541227 77.59428828529974 1985.22412109375 0.505126953125 115.7151471693739 556
60 34.5 107.19743404664857 123.50594225501152 1985.22412109375 0.505126953125 104.63866138096559 791
70 40.9 192.07836794678337 234.64348784087971 1985.22412109375 0.5029296875 105.41575343172318 1136
80 47.2 1080.658015881555 428.14283564256874 2238.583984375 0.5029296875 128.3575070476841 1545
90 49.2 2022.5627089089494 453.92687931847234 3500.659912109375 0.5029296875 351.20621313077135 2017
100 52 1967.191756028396 698.0112356198216 3738.113037109375 0.5029296875 678.9492964001471 2509
110 95.7 2082.6021913470645 2528.5226833501724 6749.35107421875 0.5029296875 900.106800198988 3029
120 119.9 1724.21395698401 1783.4961096089596 6749.35107421875 0.5029296875 1184.012492454058 3986
130 197.4 1124.1945949195003 1777.5895802873408 6749.35107421875 0.5029296875 1308.9308253318618 5185
140 241.2 880.2547946506072 1506.2447505014534 6749.35107421875 0.5029296875 1257.992241893672 7159
150 238.8 932.1993732292652 1448.342479524713 6749.35107421875 0.100830078125 1162.7981427660707 9571
160 165.6 1349.11635733342 1384.4165830909772 6749.35107421875 0.100830078125 1116.7516621528177 11959
170 91.6 291.2110486426213 389.23283970259706 6749.35107421875 0.100830078125 1145.0143088820926 13615
180 19.4 16.73977755517075 10.918751900426585 6749.35107421875 0.100830078125 1091.1925632087489 14531
190 5.2 16.733708308293274 8.235845535425813 6749.35107421875 0.100830078125 1077.036784572634 14725
200 1.2 16.948872884114582 6.229440316378005 6749.35107421875 0.100830078125 1073.3055969184588 14777
210 0.1 17.203857421875 0.0 6749.35107421875 0.100830078125 1072.4484544011545 14789
211 0 0 0 6749.35107421875 0.100830078125 1072.377105882089 14790
