10 0.1 5706.408935546875 0 5706.408935546875 5706.408935546875 0 0
20 1.1 11020.541859019886 3656.772753701639 16686.901123046875 4837.322021484375 5706.408935546875 1
30 1.6 10755.931884765625 6172.049620954808 26607.991943359375 4502.64501953125 10577.697448730469 12
40 1.7 10861.375674977022 7871.582983160109 28988.532958984375 2917.98583984375 10679.545697893414 28
50 2.5 15289.16150390625 7040.158899584748 29321.14501953125 2748.222900390625 10748.237022569445 45
60 2.5 12489.72568359375 7814.3331958584995 39329.517822265625 2748.222900390625 12369.995765904017 70
70 4.7 14642.927064286901 6377.1231765624625 39329.517822265625 2748.222900390625 12401.503638980263 95
80 2.2 16005.946655273438 6443.679987696439 39329.517822265625 2748.222900390625 13143.383223412742 142
90 4 20490.907684326172 5557.879361955109 39329.517822265625 2748.222900390625 13527.385635003811 164
100 5.6 24711.659763881147 5457.495553211613 43165.8330078125 2748.222900390625 14892.782115263097 204
110 5.9 27877.993710275423 5614.327450722441 43546.0400390625 2748.222900390625 17007.61730111929 260
120 8 26731.701550292968 11811.34565962186 79415.52001953125 2748.222900390625 19018.12579058704 319
130 15.6 25192.904007349265 11553.045765948566 79415.52001953125 2339.471923828125 20564.707396543115 399
140 25.1 24636.408570794938 11788.1817479653 79415.52001953125 1735.652099609375 21865.605903364303 555
150 26 22423.365476637613 11329.901873258576 79415.52001953125 1735.652099609375 22728.473731559203 806
160 26.7 23271.34358175327 10442.35121083765 79415.52001953125 1735.652099609375 22654.057084017353 1066
170 32.4 24620.024553463798 9377.717079883321 79415.52001953125 1735.652099609375 22777.699615821923 1333
180 10.6 31054.897025630158 7771.190471382032 79415.52001953125 1735.652099609375 23137.93696029746 1657
190 3.6 39033.779174804695 6922.023934036165 79415.52001953125 1735.652099609375 23613.942500243724 1763
200 0.8 53664.54376220703 5360.4512731591385 79415.52001953125 1735.652099609375 23922.510660490636 1799
210 0.1 50981.3369140625 0.0 79415.52001953125 1735.652099609375 24054.185405821976 1807
211 0 0 0 79415.52001953125 1735.652099609375 24069.07874183317 1808
