10 299.8984375 299.8984375
20 514.1375 814.0359375
30 836.946875 1650.9828125
40 853.55078125 2504.53359375
50 1063.73046875 3568.2640625
60 1607.9375 5176.2015625
70 1729.2578125 6905.459375
80 2146.0328125 9051.4921875
90 1984.6703125 11036.1625
100 2449.290625 13485.453125
110 1428.046875 14913.5
120 2080.11484375 16993.61484375
130 2180.95625 19174.57109375
140 1754.875 20929.44609375
150 1752.27734375 22681.7234375
160 2201.8390625 24883.5625
170 2339.73125 27223.29375
180 256.8921875 27480.1859375
190 75.296875 27555.4828125
200 8.04140625 27563.52421875
210 1.221875 27564.74609375
211 0 27564.74609375
