10 48.01640625 48.01640625
20 70.9234375 118.93984375
30 114.58125 233.52109375
40 125.0609375 358.58203125
50 151.00078125 509.5828125
60 222.28671875 731.86953125
70 270.49375 1002.36328125
80 331.9875 1334.35078125
90 351.82734375 1686.178125
100 357.12578125 2043.30390625
110 503.1421875 2546.44609375
120 665.02265625 3211.46875
130 966.8359375 4178.3046875
140 1162.12578125 5340.43046875
150 1187.41484375 6527.8453125
160 868.2625 7396.1078125
170 492.728125 7888.8359375
180 120.18046875 8009.01640625
190 32.58125 8041.59765625
200 7.7875 8049.38515625
210 0.615625 8050.00078125
211 0 8050.00078125
