10 0.3 3
20 0 3
30 2.9 32
40 0 32
50 0 32
60 0.3 35
70 0 35
80 0 35
90 0 35
100 0.5 40
110 0 40
120 0 40
130 0 40
140 0.2 42
150 0 42
160 0 42
170 0 42
180 0.2 44
190 0.3 47
200 0.2 49
210 0 49
220 0 49
230 0.1 50
240 0 50
250 0 50
260 0.2 52
270 0.1 53
280 0.2 55
290 0 55
300 0.1 56
310 0 56
320 0 56
330 0 56
340 0.2 58
350 0.1 59
360 0.1 60
370 0.5 65
380 0.7 72
390 1.1 83
400 3.7 120
410 5 170
420 0.4 174
430 0 174
440 0 174
450 0 174
460 0 174
470 0.2 176
480 0.4 180
490 0.2 182
500 0 182
510 0 182
520 0 182
530 0 182
540 0 182
550 0.2 184
560 0.4 188
570 0.1 189
580 0 189
590 0 189
600 0 189
610 0 189
620 0 189
630 0.3 192
640 0.1 193
650 0.3 196
660 0 196
670 0 196
680 0 196
690 0 196
700 0 196
710 0 196
720 0.6 202
730 0.2 204
740 0.1 205
750 0 205
760 0 205
770 0 205
780 0 205
790 0 205
800 0.4 209
810 0 209
820 0.1 210
830 0.1 211
840 0 211
850 0 211
860 0 211
870 0 211
880 0 211
890 0.4 215
900 0.3 218
910 0 218
920 0.2 220
930 0 220
940 0 220
950 0 220
960 0 220
970 0.3 223
980 0.4 227
990 0 227
1000 0.1 228
1010 0 228
1020 0 228
1030 0 228
1040 0 228
1050 0.1 229
1060 0.5 234
1070 0 234
1080 0 234
1090 0.1 235
1100 0 235
1110 0 235
1120 0 235
1130 0.1 236
1140 0.4 240
1150 0.1 241
1160 0 241
1170 0.1 242
1180 0.3 245
1190 0 245
1200 0 245
1210 0.1 246
1220 0.2 248
1230 0.4 252
1240 0 252
1250 0.1 253
1260 0 253
1270 0 253
1280 0 253
1290 0.1 254
1300 0.3 257
1310 0.4 261
1320 0.1 262
1330 0.6 268
1340 0.5 273
1350 0.4 277
1360 0.7 284
1370 0.4 288
1380 0.5 293
1390 0.8 301
1400 0.6 307
1410 0.7 314
1420 0.5 319
1430 0.9 328
1440 0.7 335
1450 7.4 409
1460 1.4 423
1470 0 423
1480 0 423
1490 0 423
1500 0 423
1510 0 423
1520 0 423
1530 6.4 487
1540 1.3 500
1550 0 500
1560 0.6 506
1570 0.1 507
1580 0 507
1590 0 507
1592 0 507
