10 0.1 1
20 0 1
30 0 1
40 0 1
50 0.1 2
60 0.5 7
70 0.9 16
80 1.4 30
90 1.5 45
100 2.3 68
110 2.7 95
120 3.4 129
130 4.9 178
140 7.1 249
150 6.3 312
160 3.6 348
170 0.1 349
180 0 349
190 0.1 350
200 0 350
210 0 350
220 0 350
230 0 350
240 0 350
250 0 350
260 0 350
270 0 350
280 0 350
290 0 350
300 0 350
310 0 350
320 0 350
330 0 350
340 0 350
350 0 350
360 0 350
370 0 350
380 0 350
390 0 350
400 0 350
410 0 350
420 0.1 351
430 0 351
440 0 351
450 0 351
460 0 351
470 0 351
480 0 351
490 0 351
500 0 351
510 0 351
520 0 351
530 0 351
540 0 351
550 0 351
560 0 351
570 0 351
580 0 351
590 0 351
600 0 351
610 0 351
620 0 351
630 0 351
640 0 351
650 0 351
660 0 351
670 0 351
680 0 351
690 0 351
700 0 351
710 0 351
720 0.1 352
730 0 352
740 0 352
750 0 352
760 0 352
770 0 352
780 0 352
790 0 352
800 0 352
810 0 352
820 0 352
830 0 352
840 0 352
850 0 352
860 0 352
870 0 352
880 0 352
890 0 352
900 0 352
910 0 352
920 0 352
930 0 352
940 0 352
950 0 352
960 0 352
970 0 352
980 0 352
990 0 352
1000 0 352
1010 0 352
1020 0 352
1030 0 352
1040 0 352
1050 0 352
1060 0 352
1070 0 352
1080 0 352
1090 0 352
1100 0 352
1110 0 352
1120 0 352
1130 0 352
1140 0 352
1150 0 352
1160 0 352
1170 0 352
1180 0 352
1190 0 352
1200 0 352
1210 0 352
1220 0.1 353
1230 0 353
1240 0 353
1250 0 353
1260 0 353
1270 0 353
1280 0 353
1290 0 353
1300 0 353
1310 0 353
1320 0 353
1330 0 353
1340 0 353
1350 0 353
1360 0 353
1370 0 353
1380 0 353
1390 0 353
1400 0 353
1410 0 353
1420 0 353
1430 0 353
1440 0 353
1450 0.8 361
1460 0 361
1470 0 361
1480 0 361
1490 0 361
1500 0 361
1510 0 361
1520 0 361
1530 0 361
1540 0 361
1550 0 361
1560 0 361
1570 0 361
1580 0 361
1590 0 361
1592 0 361
