10 1.1 95.475830078125 297.90496719024645 1037.533935546875 1.095947265625 0 0
20 1.8 1.3455946180555556 0.1914186057987423 1037.533935546875 0.986083984375 95.475830078125 11
30 1.7 1.3459759880514706 0.15364302886801137 1037.533935546875 0.986083984375 37.05016668911638 29
40 4.1 1.2118664253048783 0.15328954264463884 1037.533935546875 0.968017578125 23.85513969089674 46
50 4.2 1.298107328869048 0.29487401093223786 1037.533935546875 0.9560546875 13.184171830100574 87
60 5.1 1.1795534620098043 0.28023190747271964 1037.533935546875 0.72021484375 9.314290364583334 129
70 7.1 1.0520707251320423 0.20849811173599456 1037.533935546875 0.64208984375 7.0094482421875 180
80 10.5 1.1299502418154759 0.20129786621755624 1037.533935546875 0.64208984375 5.324293645729582 251
90 9.9 1.0571806936553043 0.10823375393860078 1037.533935546875 0.64208984375 4.087197978844803 356
100 16.1 1.2913234544836956 0.705339387799643 1037.533935546875 0.64208984375 3.4279194926167587 455
110 21.4 1.0028680819217286 0.11575427830917176 1037.533935546875 0.64208984375 2.869490982650163 616
120 21.9 1.0014882544948627 0.11828472491087241 1037.533935546875 0.64208984375 2.388217126317772 830
130 31.7 0.966166884365142 0.19059033488689878 1037.533935546875 0.64208984375 2.098709382819948 1049
140 40.8 1.1784201229319844 0.8502197792347339 1037.533935546875 0.626953125 1.835886562900348 1366
150 43.2 0.9616524025245949 0.1319225172327567 1037.533935546875 0.5458984375 1.684676693956102 1774
160 12.8 0.9759616851806641 0.11151577336263419 1037.533935546875 0.47900390625 1.5430871681635312 2206
170 0.2 1.1490478515625 0.1090087890625 1037.533935546875 0.47900390625 1.511985170810572 2334
180 0 0 0 1037.533935546875 0.47900390625 1.5116744368043664 2336
190 0.2 1.6175537109375 0.7105712890625 1037.533935546875 0.47900390625 1.5116744368043664 2336
200 0 0 0 1037.533935546875 0.47900390625 1.511765009322872 2338
210 0 0 0 1037.533935546875 0.47900390625 1.511765009322872 2338
220 0 0 0 1037.533935546875 0.47900390625 1.511765009322872 2338
230 0 0 0 1037.533935546875 0.47900390625 1.511765009322872 2338
240 0 0 0 1037.533935546875 0.47900390625 1.511765009322872 2338
250 0 0 0 1037.533935546875 0.47900390625 1.511765009322872 2338
260 0 0 0 1037.533935546875 0.47900390625 1.511765009322872 2338
270 0 0 0 1037.533935546875 0.47900390625 1.511765009322872 2338
280 0 0 0 1037.533935546875 0.47900390625 1.511765009322872 2338
290 0 0 0 1037.533935546875 0.47900390625 1.511765009322872 2338
300 0 0 0 1037.533935546875 0.47900390625 1.511765009322872 2338
310 0 0 0 1037.533935546875 0.47900390625 1.511765009322872 2338
320 0 0 0 1037.533935546875 0.47900390625 1.511765009322872 2338
330 0 0 0 1037.533935546875 0.47900390625 1.511765009322872 2338
340 0 0 0 1037.533935546875 0.47900390625 1.511765009322872 2338
350 0 0 0 1037.533935546875 0.47900390625 1.511765009322872 2338
360 0 0 0 1037.533935546875 0.47900390625 1.511765009322872 2338
370 0 0 0 1037.533935546875 0.47900390625 1.511765009322872 2338
380 0 0 0 1037.533935546875 0.47900390625 1.511765009322872 2338
390 0 0 0 1037.533935546875 0.47900390625 1.511765009322872 2338
400 0 0 0 1037.533935546875 0.47900390625 1.511765009322872 2338
410 0 0 0 1037.533935546875 0.47900390625 1.511765009322872 2338
420 0.1 2.632080078125 0.0 1037.533935546875 0.47900390625 1.511765009322872 2338
430 0 0 0 1037.533935546875 0.47900390625 1.5122439811351005 2339
440 0 0 0 1037.533935546875 0.47900390625 1.5122439811351005 2339
450 0 0 0 1037.533935546875 0.47900390625 1.5122439811351005 2339
460 0 0 0 1037.533935546875 0.47900390625 1.5122439811351005 2339
470 0 0 0 1037.533935546875 0.47900390625 1.5122439811351005 2339
480 0 0 0 1037.533935546875 0.47900390625 1.5122439811351005 2339
490 0 0 0 1037.533935546875 0.47900390625 1.5122439811351005 2339
500 0 0 0 1037.533935546875 0.47900390625 1.5122439811351005 2339
510 0 0 0 1037.533935546875 0.47900390625 1.5122439811351005 2339
520 0 0 0 1037.533935546875 0.47900390625 1.5122439811351005 2339
530 0 0 0 1037.533935546875 0.47900390625 1.5122439811351005 2339
540 0 0 0 1037.533935546875 0.47900390625 1.5122439811351005 2339
550 0 0 0 1037.533935546875 0.47900390625 1.5122439811351005 2339
560 0 0 0 1037.533935546875 0.47900390625 1.5122439811351005 2339
570 0 0 0 1037.533935546875 0.47900390625 1.5122439811351005 2339
580 0 0 0 1037.533935546875 0.47900390625 1.5122439811351005 2339
590 0 0 0 1037.533935546875 0.47900390625 1.5122439811351005 2339
600 0 0 0 1037.533935546875 0.47900390625 1.5122439811351005 2339
610 0 0 0 1037.533935546875 0.47900390625 1.5122439811351005 2339
620 0 0 0 1037.533935546875 0.47900390625 1.5122439811351005 2339
630 0 0 0 1037.533935546875 0.47900390625 1.5122439811351005 2339
640 0 0 0 1037.533935546875 0.47900390625 1.5122439811351005 2339
650 0 0 0 1037.533935546875 0.47900390625 1.5122439811351005 2339
660 0 0 0 1037.533935546875 0.47900390625 1.5122439811351005 2339
670 0 0 0 1037.533935546875 0.47900390625 1.5122439811351005 2339
680 0 0 0 1037.533935546875 0.47900390625 1.5122439811351005 2339
690 0 0 0 1037.533935546875 0.47900390625 1.5122439811351005 2339
700 0 0 0 1037.533935546875 0.47900390625 1.5122439811351005 2339
710 0 0 0 1037.533935546875 0.47900390625 1.5122439811351005 2339
720 0.1 3.231201171875 0.0 1037.533935546875 0.47900390625 1.5122439811351005 2339
730 0 0 0 1037.533935546875 0.47900390625 1.5129785782251604 2340
740 0 0 0 1037.533935546875 0.47900390625 1.5129785782251604 2340
750 0 0 0 1037.533935546875 0.47900390625 1.5129785782251604 2340
760 0 0 0 1037.533935546875 0.47900390625 1.5129785782251604 2340
770 0 0 0 1037.533935546875 0.47900390625 1.5129785782251604 2340
780 0 0 0 1037.533935546875 0.47900390625 1.5129785782251604 2340
790 0 0 0 1037.533935546875 0.47900390625 1.5129785782251604 2340
800 0 0 0 1037.533935546875 0.47900390625 1.5129785782251604 2340
810 0 0 0 1037.533935546875 0.47900390625 1.5129785782251604 2340
820 0 0 0 1037.533935546875 0.47900390625 1.5129785782251604 2340
830 0 0 0 1037.533935546875 0.47900390625 1.5129785782251604 2340
840 0 0 0 1037.533935546875 0.47900390625 1.5129785782251604 2340
850 0 0 0 1037.533935546875 0.47900390625 1.5129785782251604 2340
860 0 0 0 1037.533935546875 0.47900390625 1.5129785782251604 2340
870 0 0 0 1037.533935546875 0.47900390625 1.5129785782251604 2340
880 0 0 0 1037.533935546875 0.47900390625 1.5129785782251604 2340
890 0 0 0 1037.533935546875 0.47900390625 1.5129785782251604 2340
900 0 0 0 1037.533935546875 0.47900390625 1.5129785782251604 2340
910 0 0 0 1037.533935546875 0.47900390625 1.5129785782251604 2340
920 0 0 0 1037.533935546875 0.47900390625 1.5129785782251604 2340
930 0 0 0 1037.533935546875 0.47900390625 1.5129785782251604 2340
940 0 0 0 1037.533935546875 0.47900390625 1.5129785782251604 2340
950 0 0 0 1037.533935546875 0.47900390625 1.5129785782251604 2340
960 0 0 0 1037.533935546875 0.47900390625 1.5129785782251604 2340
970 0 0 0 1037.533935546875 0.47900390625 1.5129785782251604 2340
980 0 0 0 1037.533935546875 0.47900390625 1.5129785782251604 2340
990 0 0 0 1037.533935546875 0.47900390625 1.5129785782251604 2340
1000 0 0 0 1037.533935546875 0.47900390625 1.5129785782251604 2340
1010 0 0 0 1037.533935546875 0.47900390625 1.5129785782251604 2340
1020 0 0 0 1037.533935546875 0.47900390625 1.5129785782251604 2340
1030 0 0 0 1037.533935546875 0.47900390625 1.5129785782251604 2340
1040 0 0 0 1037.533935546875 0.47900390625 1.5129785782251604 2340
1050 0 0 0 1037.533935546875 0.47900390625 1.5129785782251604 2340
1060 0 0 0 1037.533935546875 0.47900390625 1.5129785782251604 2340
1070 0 0 0 1037.533935546875 0.47900390625 1.5129785782251604 2340
1080 0 0 0 1037.533935546875 0.47900390625 1.5129785782251604 2340
1090 0 0 0 1037.533935546875 0.47900390625 1.5129785782251604 2340
1100 0 0 0 1037.533935546875 0.47900390625 1.5129785782251604 2340
1110 0 0 0 1037.533935546875 0.47900390625 1.5129785782251604 2340
1120 0 0 0 1037.533935546875 0.47900390625 1.5129785782251604 2340
1130 0 0 0 1037.533935546875 0.47900390625 1.5129785782251604 2340
1140 0 0 0 1037.533935546875 0.47900390625 1.5129785782251604 2340
1150 0 0 0 1037.533935546875 0.47900390625 1.5129785782251604 2340
1160 0 0 0 1037.533935546875 0.47900390625 1.5129785782251604 2340
1170 0 0 0 1037.533935546875 0.47900390625 1.5129785782251604 2340
1180 0 0 0 1037.533935546875 0.47900390625 1.5129785782251604 2340
1190 0 0 0 1037.533935546875 0.47900390625 1.5129785782251604 2340
1200 0 0 0 1037.533935546875 0.47900390625 1.5129785782251604 2340
1210 0 0 0 1037.533935546875 0.47900390625 1.5129785782251604 2340
1220 0.1 2.466064453125 0.0 1037.533935546875 0.47900390625 1.5129785782251604 2340
1230 0 0 0 1037.533935546875 0.47900390625 1.5133857058949167 2341
1240 0 0 0 1037.533935546875 0.47900390625 1.5133857058949167 2341
1250 0 0 0 1037.533935546875 0.47900390625 1.5133857058949167 2341
1260 0 0 0 1037.533935546875 0.47900390625 1.5133857058949167 2341
1270 0 0 0 1037.533935546875 0.47900390625 1.5133857058949167 2341
1280 0 0 0 1037.533935546875 0.47900390625 1.5133857058949167 2341
1290 0 0 0 1037.533935546875 0.47900390625 1.5133857058949167 2341
1300 0 0 0 1037.533935546875 0.47900390625 1.5133857058949167 2341
1310 0 0 0 1037.533935546875 0.47900390625 1.5133857058949167 2341
1320 0 0 0 1037.533935546875 0.47900390625 1.5133857058949167 2341
1330 0 0 0 1037.533935546875 0.47900390625 1.5133857058949167 2341
1340 0 0 0 1037.533935546875 0.47900390625 1.5133857058949167 2341
1350 0 0 0 1037.533935546875 0.47900390625 1.5133857058949167 2341
1360 0 0 0 1037.533935546875 0.47900390625 1.5133857058949167 2341
1370 0 0 0 1037.533935546875 0.47900390625 1.5133857058949167 2341
1380 0 0 0 1037.533935546875 0.47900390625 1.5133857058949167 2341
1390 0 0 0 1037.533935546875 0.47900390625 1.5133857058949167 2341
1400 0 0 0 1037.533935546875 0.47900390625 1.5133857058949167 2341
1410 0 0 0 1037.533935546875 0.47900390625 1.5133857058949167 2341
1420 0 0 0 1037.533935546875 0.47900390625 1.5133857058949167 2341
1430 0 0 0 1037.533935546875 0.47900390625 1.5133857058949167 2341
1440 0 0 0 1037.533935546875 0.47900390625 1.5133857058949167 2341
1450 0.8 1.314361572265625 0.4435669826733505 1037.533935546875 0.47900390625 1.5133857058949167 2341
1460 0 0 0 1037.533935546875 0.47900390625 1.5127078884964347 2349
1470 0 0 0 1037.533935546875 0.47900390625 1.5127078884964347 2349
1480 0 0 0 1037.533935546875 0.47900390625 1.5127078884964347 2349
1490 0 0 0 1037.533935546875 0.47900390625 1.5127078884964347 2349
1500 0 0 0 1037.533935546875 0.47900390625 1.5127078884964347 2349
1510 0 0 0 1037.533935546875 0.47900390625 1.5127078884964347 2349
1520 0 0 0 1037.533935546875 0.47900390625 1.5127078884964347 2349
1530 0 0 0 1037.533935546875 0.47900390625 1.5127078884964347 2349
1540 0 0 0 1037.533935546875 0.47900390625 1.5127078884964347 2349
1550 0 0 0 1037.533935546875 0.47900390625 1.5127078884964347 2349
1560 0 0 0 1037.533935546875 0.47900390625 1.5127078884964347 2349
1570 0 0 0 1037.533935546875 0.47900390625 1.5127078884964347 2349
1580 0 0 0 1037.533935546875 0.47900390625 1.5127078884964347 2349
1590 0 0 0 1037.533935546875 0.47900390625 1.5127078884964347 2349
1592 0 0 0 1037.533935546875 0.47900390625 1.5127078884964347 2349
