0 0 0
10 0 0
20 0 0
30 0 0
40 0 0
50 0 0
60 1.2 12
70 3.5 47
80 5.1 98
90 6.8 166
100 8.6 252
110 11.3 365
120 14.2 507
130 17.1 678
140 22 898
150 26.9 1167
160 29.8 1465
170 16.4 1629
180 5.7 1686
190 1.3 1699
200 0.2 1701
210 0.3 1704
220 0.2 1706
230 0 1706
240 0 1706
250 0 1706
260 0 1706
270 0 1706
280 0 1706
290 0 1706
300 0 1706
310 0 1706
320 0 1706
330 0 1706
340 0 1706
350 0 1706
360 0 1706
370 0.3 1709
380 0 1709
390 0 1709
400 0.3 1712
410 0 1712
420 0.1 1713
430 0 1713
440 0 1713
450 0 1713
460 0 1713
470 0 1713
480 0 1713
490 0 1713
500 0 1713
510 0 1713
520 0 1713
530 0 1713
540 0 1713
550 0 1713
560 0 1713
570 0 1713
580 0 1713
590 0 1713
600 0 1713
610 0 1713
620 0 1713
630 0 1713
640 0 1713
650 0 1713
660 0 1713
670 0 1713
680 0 1713
690 0 1713
700 0 1713
710 0 1713
720 0 1713
730 0 1713
740 0 1713
750 0 1713
760 0 1713
770 0 1713
780 0 1713
790 0 1713
800 0 1713
810 0 1713
820 0 1713
830 0 1713
840 0 1713
850 0 1713
860 0 1713
870 0 1713
880 0 1713
890 0 1713
900 0 1713
910 0 1713
920 0 1713
930 0 1713
940 0 1713
950 0 1713
960 0 1713
970 0 1713
980 0 1713
990 0 1713
1000 0 1713
1010 0 1713
1020 0 1713
1030 0 1713
1040 0 1713
1050 0 1713
1060 0 1713
1070 0 1713
1080 0 1713
1090 0 1713
1100 0 1713
1110 0 1713
1120 0 1713
1130 0 1713
1140 0 1713
1150 0 1713
1160 0 1713
1170 0 1713
1180 0 1713
1190 0 1713
1200 0 1713
1210 0 1713
1220 0 1713
1230 0 1713
1240 0 1713
1250 0 1713
1260 0 1713
1270 0 1713
1280 0 1713
1290 0 1713
1300 0.1 1714
1310 0.2 1716
1320 0 1716
1330 0.1 1717
1340 0 1717
1350 0 1717
1360 0.1 1718
1370 0 1718
1380 0 1718
1390 0 1718
1400 0.1 1719
1410 0.1 1720
1420 0.1 1721
1430 0.6 1727
1440 0.4 1731
1450 0.2 1733
1460 0 1733
1470 0 1733
1480 0 1733
1490 0 1733
1500 0 1733
1510 0 1733
1520 0 1733
1530 2 1753
1540 5.4 1807
1550 0.2 1809
1560 0.2 1811
1570 0.1 1812
1580 0 1812
1590 0 1812
1592 0 1812
