60 1.2 8738.236267089844 2824.204693941224 12756.10205078125 3342.1728515625 0 0
70 3.5 13536.488385881696 8591.096390230912 42155.078125 3342.1728515625 8738.236267089844 12
80 5.1 12004.246744791666 6466.115542856526 42155.078125 2611.23095703125 12311.402738530585 47
90 6.8 13211.31979190602 6799.309944319884 42155.078125 2611.23095703125 12151.556251992984 98
100 8.6 15481.53041537972 7866.611884884316 42155.078125 2051.745849609375 12585.67625629471 166
110 11.3 14809.357832376936 15063.578252928985 98346.73193359375 1927.802978515625 13573.943945506262 252
120 14.2 14486.092266243948 12870.711779984535 105980.69287109375 1927.802978515625 13956.4145460991 365
130 17.1 14069.050141630118 7723.459067024021 105980.69287109375 1597.68701171875 14104.766096908901 507
140 22 13247.220665394172 7979.359266140533 105980.69287109375 1242.767822265625 14095.758090489031 678
150 26.9 14232.69034618959 10434.179071191753 124164.6611328125 944.7099609375 13887.875870532607 898
160 29.8 14847.212592412961 7997.51770598884 124164.6611328125 944.7099609375 13967.357527732032 1167
170 16.4 21310.626202839176 12228.395355299232 147910.705078125 944.7099609375 14146.33145897771 1465
180 5.7 29518.361769291394 6190.234718399725 147910.705078125 944.7099609375 14867.598701453633 1629
190 1.3 48828.98600886418 37258.02425046385 177051.27001953125 944.7099609375 15362.909196629644 1686
200 0.2 52280.28405761719 6226.8909912109375 177051.27001953125 944.7099609375 15618.976882656158 1699
210 0.3 100434.61189778645 62891.9174380851 189373.47290039063 944.7099609375 15662.082476042355 1701
220 0.2 196779.65747070313 5848.240478515625 202627.89794921875 944.7099609375 15811.32988699613 1704
230 0 0 0 202627.89794921875 944.7099609375 16023.485018981719 1706
240 0 0 0 202627.89794921875 944.7099609375 16023.485018981719 1706
250 0 0 0 202627.89794921875 944.7099609375 16023.485018981719 1706
260 0 0 0 202627.89794921875 944.7099609375 16023.485018981719 1706
270 0 0 0 202627.89794921875 944.7099609375 16023.485018981719 1706
280 0 0 0 202627.89794921875 944.7099609375 16023.485018981719 1706
290 0 0 0 202627.89794921875 944.7099609375 16023.485018981719 1706
300 0 0 0 202627.89794921875 944.7099609375 16023.485018981719 1706
310 0 0 0 202627.89794921875 944.7099609375 16023.485018981719 1706
320 0 0 0 202627.89794921875 944.7099609375 16023.485018981719 1706
330 0 0 0 202627.89794921875 944.7099609375 16023.485018981719 1706
340 0 0 0 202627.89794921875 944.7099609375 16023.485018981719 1706
350 0 0 0 202627.89794921875 944.7099609375 16023.485018981719 1706
360 0 0 0 202627.89794921875 944.7099609375 16023.485018981719 1706
370 0.3 219193.16276041666 2287.064676886351 220864.72900390625 944.7099609375 16023.485018981719 1706
380 0 0 0 220864.72900390625 944.7099609375 16380.131615368087 1709
390 0 0 0 220864.72900390625 944.7099609375 16380.131615368087 1709
400 0.3 358442.8741048177 41338.59101283601 391561.47509765625 944.7099609375 16380.131615368087 1709
410 0 0 0 391561.47509765625 944.7099609375 16979.54062673979 1712
420 0.1 284762.33203125 0.0 391561.47509765625 944.7099609375 16979.54062673979 1712
430 0 0 0 391561.47509765625 944.7099609375 17135.864497962502 1713
440 0 0 0 391561.47509765625 944.7099609375 17135.864497962502 1713
450 0 0 0 391561.47509765625 944.7099609375 17135.864497962502 1713
460 0 0 0 391561.47509765625 944.7099609375 17135.864497962502 1713
470 0 0 0 391561.47509765625 944.7099609375 17135.864497962502 1713
480 0 0 0 391561.47509765625 944.7099609375 17135.864497962502 1713
490 0 0 0 391561.47509765625 944.7099609375 17135.864497962502 1713
500 0 0 0 391561.47509765625 944.7099609375 17135.864497962502 1713
510 0 0 0 391561.47509765625 944.7099609375 17135.864497962502 1713
520 0 0 0 391561.47509765625 944.7099609375 17135.864497962502 1713
530 0 0 0 391561.47509765625 944.7099609375 17135.864497962502 1713
540 0 0 0 391561.47509765625 944.7099609375 17135.864497962502 1713
550 0 0 0 391561.47509765625 944.7099609375 17135.864497962502 1713
560 0 0 0 391561.47509765625 944.7099609375 17135.864497962502 1713
570 0 0 0 391561.47509765625 944.7099609375 17135.864497962502 1713
580 0 0 0 391561.47509765625 944.7099609375 17135.864497962502 1713
590 0 0 0 391561.47509765625 944.7099609375 17135.864497962502 1713
600 0 0 0 391561.47509765625 944.7099609375 17135.864497962502 1713
610 0 0 0 391561.47509765625 944.7099609375 17135.864497962502 1713
620 0 0 0 391561.47509765625 944.7099609375 17135.864497962502 1713
630 0 0 0 391561.47509765625 944.7099609375 17135.864497962502 1713
640 0 0 0 391561.47509765625 944.7099609375 17135.864497962502 1713
650 0 0 0 391561.47509765625 944.7099609375 17135.864497962502 1713
660 0 0 0 391561.47509765625 944.7099609375 17135.864497962502 1713
670 0 0 0 391561.47509765625 944.7099609375 17135.864497962502 1713
680 0 0 0 391561.47509765625 944.7099609375 17135.864497962502 1713
690 0 0 0 391561.47509765625 944.7099609375 17135.864497962502 1713
700 0 0 0 391561.47509765625 944.7099609375 17135.864497962502 1713
710 0 0 0 391561.47509765625 944.7099609375 17135.864497962502 1713
720 0 0 0 391561.47509765625 944.7099609375 17135.864497962502 1713
730 0 0 0 391561.47509765625 944.7099609375 17135.864497962502 1713
740 0 0 0 391561.47509765625 944.7099609375 17135.864497962502 1713
750 0 0 0 391561.47509765625 944.7099609375 17135.864497962502 1713
760 0 0 0 391561.47509765625 944.7099609375 17135.864497962502 1713
770 0 0 0 391561.47509765625 944.7099609375 17135.864497962502 1713
780 0 0 0 391561.47509765625 944.7099609375 17135.864497962502 1713
790 0 0 0 391561.47509765625 944.7099609375 17135.864497962502 1713
800 0 0 0 391561.47509765625 944.7099609375 17135.864497962502 1713
810 0 0 0 391561.47509765625 944.7099609375 17135.864497962502 1713
820 0 0 0 391561.47509765625 944.7099609375 17135.864497962502 1713
830 0 0 0 391561.47509765625 944.7099609375 17135.864497962502 1713
840 0 0 0 391561.47509765625 944.7099609375 17135.864497962502 1713
850 0 0 0 391561.47509765625 944.7099609375 17135.864497962502 1713
860 0 0 0 391561.47509765625 944.7099609375 17135.864497962502 1713
870 0 0 0 391561.47509765625 944.7099609375 17135.864497962502 1713
880 0 0 0 391561.47509765625 944.7099609375 17135.864497962502 1713
890 0 0 0 391561.47509765625 944.7099609375 17135.864497962502 1713
900 0 0 0 391561.47509765625 944.7099609375 17135.864497962502 1713
910 0 0 0 391561.47509765625 944.7099609375 17135.864497962502 1713
920 0 0 0 391561.47509765625 944.7099609375 17135.864497962502 1713
930 0 0 0 391561.47509765625 944.7099609375 17135.864497962502 1713
940 0 0 0 391561.47509765625 944.7099609375 17135.864497962502 1713
950 0 0 0 391561.47509765625 944.7099609375 17135.864497962502 1713
960 0 0 0 391561.47509765625 944.7099609375 17135.864497962502 1713
970 0 0 0 391561.47509765625 944.7099609375 17135.864497962502 1713
980 0 0 0 391561.47509765625 944.7099609375 17135.864497962502 1713
990 0 0 0 391561.47509765625 944.7099609375 17135.864497962502 1713
1000 0 0 0 391561.47509765625 944.7099609375 17135.864497962502 1713
1010 0 0 0 391561.47509765625 944.7099609375 17135.864497962502 1713
1020 0 0 0 391561.47509765625 944.7099609375 17135.864497962502 1713
1030 0 0 0 391561.47509765625 944.7099609375 17135.864497962502 1713
1040 0 0 0 391561.47509765625 944.7099609375 17135.864497962502 1713
1050 0 0 0 391561.47509765625 944.7099609375 17135.864497962502 1713
1060 0 0 0 391561.47509765625 944.7099609375 17135.864497962502 1713
1070 0 0 0 391561.47509765625 944.7099609375 17135.864497962502 1713
1080 0 0 0 391561.47509765625 944.7099609375 17135.864497962502 1713
1090 0 0 0 391561.47509765625 944.7099609375 17135.864497962502 1713
1100 0 0 0 391561.47509765625 944.7099609375 17135.864497962502 1713
1110 0 0 0 391561.47509765625 944.7099609375 17135.864497962502 1713
1120 0 0 0 391561.47509765625 944.7099609375 17135.864497962502 1713
1130 0 0 0 391561.47509765625 944.7099609375 17135.864497962502 1713
1140 0 0 0 391561.47509765625 944.7099609375 17135.864497962502 1713
1150 0 0 0 391561.47509765625 944.7099609375 17135.864497962502 1713
1160 0 0 0 391561.47509765625 944.7099609375 17135.864497962502 1713
1170 0 0 0 391561.47509765625 944.7099609375 17135.864497962502 1713
1180 0 0 0 391561.47509765625 944.7099609375 17135.864497962502 1713
1190 0 0 0 391561.47509765625 944.7099609375 17135.864497962502 1713
1200 0 0 0 391561.47509765625 944.7099609375 17135.864497962502 1713
1210 0 0 0 391561.47509765625 944.7099609375 17135.864497962502 1713
1220 0 0 0 391561.47509765625 944.7099609375 17135.864497962502 1713
1230 0 0 0 391561.47509765625 944.7099609375 17135.864497962502 1713
1240 0 0 0 391561.47509765625 944.7099609375 17135.864497962502 1713
1250 0 0 0 391561.47509765625 944.7099609375 17135.864497962502 1713
1260 0 0 0 391561.47509765625 944.7099609375 17135.864497962502 1713
1270 0 0 0 391561.47509765625 944.7099609375 17135.864497962502 1713
1280 0 0 0 391561.47509765625 944.7099609375 17135.864497962502 1713
1290 0 0 0 391561.47509765625 944.7099609375 17135.864497962502 1713
1300 0.1 1197815.7719726563 0.0 1197815.7719726563 944.7099609375 17135.864497962502 1713
1310 0.2 1223147.7314453125 68376.91748046875 1291524.6489257813 944.7099609375 17824.70925144832 1714
1320 0 0 0 1291524.6489257813 944.7099609375 19229.514638620654 1716
1330 0.1 1303971.3859863281 0.0 1303971.3859863281 944.7099609375 19229.514638620654 1716
1340 0 0 0 1303971.3859863281 944.7099609375 19977.76267085578 1717
1350 0 0 0 1303971.3859863281 944.7099609375 19977.76267085578 1717
1360 0.1 1333779.7680664063 0.0 1333779.7680664063 944.7099609375 19977.76267085578 1717
1370 0 0 0 1333779.7680664063 944.7099609375 20742.49026421757 1718
1380 0 0 0 1333779.7680664063 944.7099609375 20742.49026421757 1718
1390 0 0 0 1333779.7680664063 944.7099609375 20742.49026421757 1718
1400 0.1 1383543.6179199219 0.0 1383543.6179199219 944.7099609375 20742.49026421757 1718
1410 0.1 1395002.0209960938 0.0 1395002.0209960938 944.7099609375 21535.27742399401 1719
1420 0.1 1396178.9020996094 0.0 1396178.9020996094 944.7099609375 22333.804600489417 1720
1430 0.6 1398167.8024495442 34284.08153108759 1419953.0998535156 944.7099609375 23132.08763215654 1721
1440 0.4 1382384.8724975586 50033.22750533039 1426454.8359375 944.7099609375 27909.28177743988 1727
1450 0.2 1430093.642578125 1965.04345703125 1432058.6860351563 944.7099609375 31039.208041380072 1731
1460 0 0 0 1432058.6860351563 944.7099609375 32653.812120476145 1733
1470 0 0 0 1432058.6860351563 944.7099609375 32653.812120476145 1733
1480 0 0 0 1432058.6860351563 944.7099609375 32653.812120476145 1733
1490 0 0 0 1432058.6860351563 944.7099609375 32653.812120476145 1733
1500 0 0 0 1432058.6860351563 944.7099609375 32653.812120476145 1733
1510 0 0 0 1432058.6860351563 944.7099609375 32653.812120476145 1733
1520 0 0 0 1432058.6860351563 944.7099609375 32653.812120476145 1733
1530 2 1495911.9928344726 15099.05476844665 1516321.1040039063 944.7099609375 32653.812120476145 1733
1540 5.4 1494928.341588903 10244.650227683756 1516321.1040039063 944.7099609375 49348.14390272368 1753
1550 0.2 1503567.8220214844 1110.550048828125 1516321.1040039063 944.7099609375 92547.55213462944 1807
1560 0.2 1514095.9090576172 2746.4901123046875 1516842.3991699219 944.7099609375 94107.5524330118 1809
1570 0.1 1527219.1071777344 0.0 1527219.1071777344 944.7099609375 95675.7339422604 1811
1580 0 0 0 1527219.1071777344 944.7099609375 96465.76891645217 1812
1590 0 0 0 1527219.1071777344 944.7099609375 96465.76891645217 1812
1592 0 0 0 1527219.1071777344 944.7099609375 96465.76891645217 1812
