10 7.34765625 7.34765625
20 10.1203125 17.46796875
30 61.4125 78.88046875
40 13.39375 92.27421875
50 29.7125 121.98671875
60 61.97109375 183.9578125
70 82.55078125 266.50859375
80 126.81953125 393.328125
90 127.06953125 520.39765625
100 187.92109375 708.31875
110 265.77265625 974.09140625
120 271.4375 1245.52890625
130 359.8 1605.32890625
140 473.1515625 2078.48046875
150 529.24765625 2607.728125
160 236.47421875 2844.20234375
170 49.60546875 2893.8078125
180 14.534375 2908.3421875
190 5.37578125 2913.71796875
200 7.14609375 2920.8640625
210 1.89921875 2922.76328125
220 1.60546875 2924.36875
230 0.49375 2924.8625
240 0 2924.8625
250 0 2924.8625
260 0.49375 2925.35625
270 0.49375 2925.85
280 1.63125 2927.48125
290 2.33203125 2929.81328125
300 0 2929.81328125
310 1.2359375 2931.04921875
320 0 2931.04921875
330 0 2931.04921875
340 6.72265625 2937.771875
350 8.5015625 2946.2734375
360 15.96640625 2962.23984375
370 25.00546875 2987.2453125
380 5.52734375 2992.77265625
390 19.8109375 3012.58359375
400 38.3953125 3050.97890625
410 46.95234375 3097.93125
420 3.7515625 3101.6828125
430 0 3101.6828125
440 0 3101.6828125
450 0 3101.6828125
460 0 3101.6828125
470 0 3101.6828125
480 1.975 3103.6578125
490 1.11328125 3104.77109375
500 0.49375 3105.26484375
510 0.49375 3105.75859375
520 0 3105.75859375
530 0 3105.75859375
540 0 3105.75859375
550 0.49375 3106.25234375
560 2.10078125 3108.353125
570 0.49375 3108.846875
580 0.49375 3109.340625
590 0 3109.340625
600 0 3109.340625
610 0 3109.340625
620 0 3109.340625
630 0.49375 3109.834375
640 0.9875 3110.821875
650 0.9875 3111.809375
660 0.9875 3112.796875
670 0 3112.796875
680 0 3112.796875
690 0 3112.796875
700 0 3112.796875
710 0 3112.796875
720 2.98828125 3115.78515625
730 0.49375 3116.27890625
740 2.10078125 3118.3796875
750 0 3118.3796875
760 0 3118.3796875
770 0 3118.3796875
780 0 3118.3796875
790 0 3118.3796875
800 0.49375 3118.8734375
810 0.9875 3119.8609375
820 0.9875 3120.8484375
830 0 3120.8484375
840 0.49375 3121.3421875
850 0 3121.3421875
860 0 3121.3421875
870 0 3121.3421875
880 0 3121.3421875
890 1.11328125 3122.45546875
900 2.59453125 3125.05
910 0 3125.05
920 0.49375 3125.54375
930 0.49375 3126.0375
940 0 3126.0375
950 0 3126.0375
960 0 3126.0375
970 0.9875 3127.025
980 1.11328125 3128.13828125
990 1.48125 3129.61953125
1000 0 3129.61953125
1010 0.49375 3130.11328125
1020 0 3130.11328125
1030 0 3130.11328125
1040 0 3130.11328125
1050 0.49375 3130.60703125
1060 1.48125 3132.08828125
1070 0.9875 3133.07578125
1080 0 3133.07578125
1090 0.49375 3133.56953125
1100 0 3133.56953125
1110 0 3133.56953125
1120 0 3133.56953125
1130 0 3133.56953125
1140 0.9875 3134.55703125
1150 0.98984375 3135.546875
1160 1.48125 3137.028125
1170 0 3137.028125
1180 1.48125 3138.509375
1190 0 3138.509375
1200 0.490625 3139
1210 0.49375 3139.49375
1220 0.64921875 3140.14296875
1230 0.9875 3141.13046875
1240 1.975 3143.10546875
1250 0 3143.10546875
1260 0 3143.10546875
1270 0 3143.10546875
1280 0.49375 3143.59921875
1290 0 3143.59921875
1300 1.48046875 3145.0796875
1310 0.9875 3146.0671875
1320 2.99609375 3149.06328125
1330 2.82109375 3151.884375
1340 3.31484375 3155.19921875
1350 2.1 3157.29921875
1360 4.0671875 3161.36640625
1370 2.29609375 3163.6625
1380 2.228125 3165.890625
1390 3.64375 3169.534375
1400 4.78828125 3174.32265625
1410 3.675 3177.99765625
1420 2.625 3180.62265625
1430 4.86875 3185.49140625
1440 4.1375 3189.62890625
1450 25.0265625 3214.65546875
1460 20.70078125 3235.35625
1470 4.428125 3239.784375
1480 0 3239.784375
1490 0 3239.784375
1500 0 3239.784375
1510 0 3239.784375
1520 0 3239.784375
1530 20.69921875 3260.48359375
1540 12.809375 3273.29296875
1550 0.9875 3274.28046875
1560 2.7796875 3277.06015625
1570 0.4890625 3277.54921875
1580 0 3277.54921875
1590 0 3277.54921875
1592 0 3277.54921875
