10 11.93203125 11.93203125
20 0.6984375 12.63046875
30 124.0359375 136.66640625
40 0 136.66640625
50 36.81484375 173.48125
60 4451.93515625 4625.41640625
70 141.20859375 4766.625
80 225.1015625 4991.7265625
90 231.56953125 5223.29609375
100 22039.69765625 27262.99375
110 466.40390625 27729.39765625
120 487.5484375 28216.94609375
130 631.73359375 28848.6796875
140 5141.5546875 33990.234375
150 940.92890625 34931.16328125
160 493.171875 35424.33515625
170 119.08046875 35543.415625
180 6587.240625 42130.65625
190 3011.23671875 45141.89296875
200 12288.33671875 57430.2296875
210 1.828125 57432.0578125
220 1.096875 57433.1546875
230 4366.6734375 61799.828125
240 0 61799.828125
250 0 61799.828125
260 8722.70625 70522.534375
270 0 70522.534375
280 10374.34375 80896.878125
290 2730.28515625 83627.16328125
300 0 83627.16328125
310 4367.54765625 87994.7109375
320 0 87994.7109375
330 0 87994.7109375
340 8729.071875 96723.7828125
350 1230.19375 97953.9765625
360 7508.0859375 105462.0625
370 4445.8390625 109907.9015625
380 2070.83125 111978.7328125
390 6603.9421875 118582.675
400 3059.82578125 121642.50078125
410 770.3484375 122412.84921875
420 4932.18125 127345.03046875
430 0 127345.03046875
440 0 127345.03046875
450 0 127345.03046875
460 0 127345.03046875
470 5630.42890625 132975.459375
480 14822.43125 147797.890625
490 5938.290625 153736.18125
500 0 153736.18125
510 0 153736.18125
520 0 153736.18125
530 0 153736.18125
540 0 153736.18125
550 8803.45078125 162539.63203125
560 13191.390625 175731.02265625
570 4390.03046875 180121.053125
580 0 180121.053125
590 0 180121.053125
600 0 180121.053125
610 0 180121.053125
620 0 180121.053125
630 10840.265625 190961.31875
640 6751.11796875 197712.43671875
650 8806.29765625 206518.734375
660 0 206518.734375
670 0 206518.734375
680 0 206518.734375
690 0 206518.734375
700 0 206518.734375
710 0 206518.734375
720 17573.45078125 224092.18515625
730 6040.05234375 230132.2375
740 2764.88828125 232897.12578125
750 0 232897.12578125
760 0 232897.12578125
770 0 232897.12578125
780 0 232897.12578125
790 0 232897.12578125
800 14824.403125 247721.52890625
810 2758.93359375 250480.4625
820 4398.978125 254879.440625
830 4401.03203125 259280.47265625
840 0 259280.47265625
850 0 259280.47265625
860 0 259280.47265625
870 0 259280.47265625
880 0 259280.47265625
890 13210.18046875 272490.653125
900 8806.096875 281296.75
910 0 281296.75
920 4405.596875 285702.346875
930 0 285702.346875
940 0 285702.346875
950 0 285702.346875
960 0 285702.346875
970 13199.93203125 298902.27890625
980 8811.58125 307713.86015625
990 0 307713.86015625
1000 4404.7515625 312118.61171875
1010 0 312118.61171875
1020 0 312118.61171875
1030 0 312118.61171875
1040 0 312118.61171875
1050 4402.8765625 316521.48828125
1060 16891.9765625 333413.46484375
1070 714.2140625 334127.67890625
1080 0 334127.67890625
1090 4401.83984375 338529.51875
1100 0 338529.51875
1110 0 338529.51875
1120 0 338529.51875
1130 2867.2 341396.71875
1140 14028.8625 355425.58125
1150 5122.675 360548.25625
1160 0 360548.25625
1170 2867.2 363415.45625
1180 1557.221875 364972.678125
1190 0 364972.678125
1200 0 364972.678125
1210 4407.8921875 369380.5703125
1220 5222.8671875 374603.4375
1230 12412.91015625 387016.34765625
1240 0 387016.34765625
1250 1638.4 388654.74765625
1260 2770.27265625 391425.0203125
1270 0 391425.0203125
1280 0 391425.0203125
1290 2048 393473.0203125
1300 6784.10390625 400257.12421875
1310 13217.63359375 413474.7578125
1320 551.18203125 414025.93984375
1330 5077.12265625 419103.0625
1340 3745.765625 422848.828125
1350 2205.64921875 425054.47734375
1360 2764.6953125 427819.17265625
1370 1658.68984375 429477.8625
1380 10443.9921875 439921.8546875
1390 3726.89921875 443648.75390625
1400 2359.20625 446007.96015625
1410 3861.33359375 449869.29375
1420 2757.39140625 452626.68515625
1430 8265.48515625 460892.1703125
1440 3313.88515625 464206.05546875
1450 4256.18671875 468462.2421875
1460 1171.0265625 469633.26875
1470 0 469633.26875
1480 0 469633.26875
1490 0 469633.26875
1500 0 469633.26875
1510 0 469633.26875
1520 0 469633.26875
1530 26616.2765625 496249.5453125
1540 569.7796875 496819.325
1550 0.221875 496819.546875
1560 8971.41328125 505790.96015625
1570 3.975 505794.93515625
1580 0 505794.93515625
1590 0 505794.93515625
1592 0 505794.93515625
