10 0.9 275.69984266493054 324.6302761907393 1185.47412109375 129.737060546875 0 0
20 2.8 7260.980433872765 2336.9011013674985 11656.19482421875 129.737060546875 275.69984266493054 9
30 1 12064.540209960938 2928.9672786252095 17749.64794921875 129.737060546875 5561.858127903292 37
40 0.7 18569.632428850447 2081.428469280958 21620.68408203125 129.737060546875 6945.407507064493 47
50 8 1360.960699462891 5930.37972430645 28642.677001953125 0.611083984375 8452.251478407117 54
60 16.7 1698.7258841691614 7595.918094174286 39721.135986328125 0.55419921875 4218.645043216535 134
70 33 10681.754029060136 16141.097988840747 49196.4609375 0.52001953125 2820.550360289919 301
80 33.2 382.60257583066635 2183.5851254310232 49196.4609375 0.52001953125 6931.797920819509 631
90 37.3 334.75835183478523 2446.0953715354262 49196.4609375 0.52001953125 4673.923720885661 963
100 56.3 433.3676397889375 3390.522011661317 49196.4609375 0.52001953125 3462.4651260832834 1336
110 67.5 463.6946607349538 4221.913661225733 49196.4609375 0.501953125 2564.4230593198727 1899
120 78 437.65799278846174 4570.040974621029 51135.034912109375 0.501953125 2013.5327450056457 2574
130 111.5 416.41230490646 4868.16737861847 60452.289794921875 0.501953125 1647.0502444900214 3354
140 139.2 346.90844919489746 4839.694242879695 72415.93286132813 0.501953125 1340.0103468315585 4469
150 156 1751.5827020107172 11405.861627125907 83444.45483398438 0.498046875 1104.14652811287 5861
160 94.3 4562.780836799102 16189.452037301764 89241.57397460938 0.498046875 1240.2468422592979 7421
170 33.5 3495.1181779092794 5430.511083545457 89241.57397460938 0.498046875 1614.846263212315 8364
180 14.6 5737.032880391158 7237.753043629176 89241.57397460938 0.498046875 1687.2558610308556 8699
190 5.5 13659.60897993608 8452.351731097526 89241.57397460938 0.498046875 1754.103508834881 8845
200 10.9 12801.03860109662 6669.499026472985 89241.57397460938 0.498046875 1827.6768572517985 8900
210 7 3532.1123744419638 7413.5975941917095 89241.57397460938 0.498046875 1960.4436937574137 9009
220 1.3 76.87047400841347 181.2287290525748 89241.57397460938 0.498046875 1972.5614168158913 9079
230 0.5 312.5919921875 364.823890449344 89241.57397460938 0.498046875 1969.850904029211 9092
240 0.2 14.689453125 2.814453125 89241.57397460938 0.498046875 1968.940021918712 9097
250 0.1 15.3759765625 0.0 89241.57397460938 0.498046875 1968.51046909559 9099
260 0 0 0 89241.57397460938 0.498046875 1968.2958389315754 9100
270 0 0 0 89241.57397460938 0.498046875 1968.2958389315754 9100
271 0 0 0 89241.57397460938 0.498046875 1968.2958389315754 9100
