10 1.8 67.48158094618056 241.13074170994952 1057.572998046875 1.10498046875 0 0
20 2.9 1.3121127424568966 0.1656570929300104 1057.572998046875 1.06689453125 67.48158094618056 18
30 1.5 1.3133463541666666 0.1440618054273682 1057.572998046875 1.06689453125 26.653611203457448 47
40 3.2 1.613677978515625 0.778887736326216 1057.572998046875 1.032958984375 20.522901965725808 62
50 5 1.4174658203125003 0.21836907822779633 1057.572998046875 0.994140625 14.085719331781915 94
60 3.8 1.314041940789474 0.19177563734245365 1057.572998046875 0.994140625 9.687020195855034 144
70 7 1.4227120535714286 1.049473900734362 1057.572998046875 0.994140625 7.9388159447973905 182
80 9.5 1.2754805715460524 0.4514788557660975 1057.572998046875 0.984130859375 6.128787086123512 252
90 8 1.80914306640625 1.2093781333828533 1057.572998046875 0.984130859375 4.80007204610951 347
100 18.7 1.8733066824030749 1.9732163508085796 1057.572998046875 0.66796875 4.2397106447599535 427
110 20.9 1.788317228618421 1.2451657648359244 1057.572998046875 0.66796875 3.518998037332044 614
120 20.8 1.6167074350210338 1.1063351170338724 1057.572998046875 0.66796875 3.079493433418135 823
130 34.9 1.6258282593123206 1.200885731760101 1057.572998046875 0.66796875 2.7843823881547043 1031
140 38.6 1.6842066315171635 1.1964098918381538 1057.572998046875 0.66796875 2.4913857280344205 1380
150 35.7 1.5534360228466386 1.0176747346627606 1057.572998046875 0.66796875 2.314958133891917 1766
160 8 14.11905517578125 110.72954619850992 1057.572998046875 0.66796875 2.186901895718029 2123
170 3 35.753336588541664 178.92476224013961 1057.572998046875 0.66796875 2.620207507340842 2203
180 0.4 1.33758544921875 0.16584071875145828 1057.572998046875 0.66796875 3.0653458290766347 2233
190 0 0 0 1057.572998046875 0.66796875 3.062256405062584 2237
200 0 0 0 1057.572998046875 0.66796875 3.062256405062584 2237
210 0.6 2.9418538411458335 3.3598190056090727 1057.572998046875 0.66796875 3.062256405062584 2237
220 0 0 0 1057.572998046875 0.66796875 3.0619343295460877 2243
230 0 0 0 1057.572998046875 0.66796875 3.0619343295460877 2243
240 0 0 0 1057.572998046875 0.66796875 3.0619343295460877 2243
250 0 0 0 1057.572998046875 0.66796875 3.0619343295460877 2243
260 0 0 0 1057.572998046875 0.66796875 3.0619343295460877 2243
270 0 0 0 1057.572998046875 0.66796875 3.0619343295460877 2243
271 0 0 0 1057.572998046875 0.66796875 3.0619343295460877 2243
