10 0.4 1378.082763671875 513.8585362922113 2225.14599609375 846.322998046875 0 0
20 2 7982.129504394531 4824.792189560673 13777.442138671875 1.345947265625 1378.082763671875 4
30 0 0 0 13777.442138671875 1.345947265625 6881.455047607422 24
40 0 0 0 13777.442138671875 1.345947265625 6881.455047607422 24
50 0 0 0 13777.442138671875 1.345947265625 6881.455047607422 24
60 0.2 54425.77990722656 78.1690673828125 54503.948974609375 1.345947265625 6881.455047607422 24
70 4 4535.860192871094 14077.772545379774 58871.52099609375 1.345947265625 10538.710806039664 26
80 15.2 4662.686012669615 15552.287272591504 59952.2529296875 1.325927734375 6900.619525331439 66
90 16.4 2042.0816322884905 8762.777290127175 59952.2529296875 1.325927734375 5340.225516503011 218
100 65.6 7698.37908898331 16598.74570676365 80891.03686523438 1.325927734375 3924.2684562643167 382
110 78.1 2994.6106610365305 11534.490771391273 96977.98803710938 1.325927734375 6309.448201026995 1038
120 90.3 5811.783901210377 17435.899758774052 114199.64111328125 1.305908203125 4886.200197325757 1819
130 110.2 5623.163778038507 17384.250786389955 114199.64111328125 1.1318359375 5193.254600194166 2722
140 132.9 3348.226586013922 9300.818796361693 114199.64111328125 1.1318359375 5317.145791089685 3824
150 127.4 3803.5978062987506 6384.738909781458 114199.64111328125 1.1318359375 4809.3457477080265 5153
160 98.8 4706.007407493433 7581.1289017811405 114987.7958984375 1.1318359375 4609.980121855308 6427
170 90.2 5475.946686670678 7647.444202746435 121041.56396484375 1.1318359375 4622.775126334131 7415
180 41.9 1422.380576777857 7170.727684275452 121041.56396484375 1.1318359375 4715.303772170799 8317
190 20.8 11888.21554800181 13695.858274910817 121041.56396484375 1.1318359375 4557.367094186636 8736
200 0.6 59565.172607421875 277.94717754849034 121041.56396484375 1.1318359375 4727.85194194978 8944
210 14.2 20606.968504140073 19964.60381312684 121041.56396484375 1.131103515625 4764.614391557917 8950
220 4.4 1362.4543235085227 6229.8066429215405 121041.56396484375 1.131103515625 5012.042271450863 9092
230 5.8 24983.04821356412 10171.590516041793 121041.56396484375 1.131103515625 4994.465446832927 9136
240 4.3 4914.600620003634 3976.2474289447136 121041.56396484375 1.131103515625 5120.562662459468 9194
250 1 1248.4364501953125 2434.811322116393 121041.56396484375 1.131103515625 5119.603869796742 9237
260 0.3 20.796630859375 9.210960694451824 121041.56396484375 1.131103515625 5115.417466185191 9247
270 0 0 0 121041.56396484375 1.131103515625 5113.765156725085 9250
271 0 0 0 121041.56396484375 1.131103515625 5113.765156725085 9250
