10 1.4 1211.2816685267858 1928.837474469381 6874.47802734375 68.81103515625 0 0
20 4.9 3769.153873365753 4993.721816867613 14151.55810546875 0.611083984375 1211.2816685267858 14
30 0.4 19956.250732421875 2351.021019720334 22235.424072265625 0.611083984375 3200.737827845983 63
40 0.4 24285.874755859375 2624.0227576540715 28407.156982421875 0.611083984375 4201.066956477379 67
50 0.3 34327.06396484375 1869.7366966452853 36448.98291015625 0.611083984375 5332.605424048195 71
60 1.9 38166.06886050576 1725.142669155361 41002.139892578125 0.611083984375 6508.056445972339 74
70 9.8 6892.051105110013 12417.309713386994 41002.139892578125 0.554931640625 12975.822423135081 93
80 28.8 4884.0785225762265 15836.060487202714 59991.93603515625 0.5068359375 9854.30624948871 191
90 28.4 2858.9796684157677 11737.12302723924 59991.93603515625 0.5 6865.943858359701 479
100 130.2 3353.460397840459 9777.104162901558 59991.93603515625 0.487060546875 5374.49191872133 763
110 138.4 2286.3803599804123 9924.829022472712 59991.93603515625 0.448974609375 4100.21441742017 2065
120 156.1 3590.947518054834 11474.894720834569 59997.967041015625 0.448974609375 3372.3668281199025 3449
130 194.8 2489.358417487488 8680.301625031761 59997.967041015625 0.448974609375 3440.471510153521 5010
140 229.8 1555.688331013043 3574.761914014183 59997.967041015625 0.448974609375 3174.192650637362 6958
150 215.9 2275.5221873959654 4179.5791459820275 59997.967041015625 0.448974609375 2772.3643310072102 9256
160 147.3 2915.9594955288953 4868.770294528153 59997.967041015625 0.448974609375 2678.3930486544573 11415
170 123.8 3832.7493584899407 5532.266049281 59997.967041015625 0.448974609375 2705.545079710171 12888
180 47.3 1037.6996930951052 6087.474437920118 59997.967041015625 0.448974609375 2804.333052039872 14126
190 23.4 9365.772380600632 11758.199240994267 59997.967041015625 0.448974609375 2747.0950508904184 14599
200 0.9 59671.24275716146 274.8259837724021 59997.967041015625 0.448974609375 2851.508891324059 14833
210 18.1 15351.267529566649 17941.151337091174 59997.967041015625 0.448974609375 2885.963655155924 14842
220 5.2 1724.7177405724158 6960.063087929654 59997.967041015625 0.448974609375 3036.1480391849686 15023
230 6.8 20120.42955824908 12690.926378940903 59997.967041015625 0.448974609375 3031.6243658497874 15075
240 4.4 4802.902493563565 3995.761880297227 59997.967041015625 0.448974609375 3108.362050131842 15143
250 1.2 1040.3469645182292 2257.086718195383 59997.967041015625 0.448974609375 3113.271497653472 15187
260 0.3 20.796630859375 9.210960694451824 59997.967041015625 0.448974609375 3111.634870612376 15199
270 0 0 0 59997.967041015625 0.448974609375 3111.0249170063203 15202
271 0 0 0 59997.967041015625 0.448974609375 3111.0249170063203 15202
