10 16.88359375 16.88359375
20 30.6390625 47.52265625
30 9.19296875 56.715625
40 14.68671875 71.40234375
50 19.43515625 90.8375
60 27.64921875 118.48671875
70 62.6734375 181.16015625
80 117.4140625 298.57421875
90 114.71796875 413.2921875
100 411.08984375 824.38203125
110 490.94453125 1315.3265625
120 494.9546875 1810.28125
130 690.02421875 2500.30546875
140 794.9765625 3295.28203125
150 808.98515625 4104.2671875
160 518.9640625 4623.23125
170 366.66953125 4989.90078125
180 155.58671875 5145.4875
190 63.340625 5208.828125
200 34.36328125 5243.19140625
210 28.98359375 5272.175
220 16.05234375 5288.22734375
230 22.5375 5310.76484375
240 15.26796875 5326.0328125
250 5.79375 5331.8265625
260 1.853125 5333.6796875
270 0 5333.6796875
271 0 5333.6796875
