10 17.353125 17.353125
20 13.5359375 30.8890625
30 0.49296875 31.38203125
40 1.4984375 32.88046875
50 0.38046875 33.2609375
60 12.896875 46.1578125
70 40.990625 87.1484375
80 105.43671875 192.58515625
90 99.3390625 291.92421875
100 463.00390625 754.928125
110 511.978125 1266.90625
120 535.559375 1802.465625
130 722.4171875 2524.8828125
140 790.43671875 3315.31953125
150 786.62578125 4101.9453125
160 532.825 4634.7703125
170 391.11015625 5025.88046875
180 169.63125 5195.51171875
190 71.271875 5266.78359375
200 0.52734375 5267.3109375
210 54.5015625 5321.8125
220 13.32734375 5335.13984375
230 16.75546875 5351.8953125
240 586.76875 5938.6640625
250 1102.0578125 7040.721875
260 4.89921875 7045.62109375
270 0 7045.62109375
271 0 7045.62109375
