10 27.734375 27.734375
20 52.8640625 80.5984375
30 40.12421875 120.72265625
40 79.365625 200.08828125
50 62.54140625 262.6296875
60 174.2671875 436.896875
70 43.49765625 480.39453125
80 140.77421875 621.16875
90 209.30390625 830.47265625
100 319.959375 1150.43203125
110 451.89296875 1602.325
120 669.99921875 2272.32421875
130 667.60078125 2939.925
140 836.50078125 3776.42578125
150 908.97890625 4685.4046875
160 506.7875 5192.1921875
170 314.8875 5507.0796875
180 136.31015625 5643.38984375
190 51.5140625 5694.90390625
200 75.06328125 5769.9671875
210 41.23671875 5811.20390625
220 53.82734375 5865.03125
230 17.4875 5882.51875
240 2.459375 5884.978125
250 0 5884.978125
260 0 5884.978125
270 0 5884.978125
273 0 5884.978125
