70 0.1 3942.257080078125 0 3942.257080078125 3942.257080078125 0 0
80 0.8 18997.712463378906 21063.944973209185 65164.373046875 3942.257080078125 3942.257080078125 1
90 2.4 11708.716278076172 4600.396195060012 65164.373046875 3942.257080078125 17324.884087456598 9
100 3.4 19810.916417738972 13007.683677558778 65164.373046875 2193.613037109375 13240.398407907196 33
110 10.1 30290.198621693224 25413.76116068297 105422.00708007813 1840.697998046875 16574.691129314364 67
120 17.1 35860.53690235518 26827.30711678299 110204.75708007813 1840.697998046875 24820.323609851657 168
130 14.9 29558.349155502838 25245.795608811313 118414.61987304688 1840.697998046875 30389.280757397682 339
140 21.4 34443.051088137036 27784.195384714258 134509.39599609375 1840.697998046875 30135.57418222897 488
150 21.5 34595.203286246346 32800.66071528152 143551.48803710938 1760.824951171875 31448.679677762197 702
160 23.1 40384.32311219054 32227.041061627246 149836.26293945313 1760.824951171875 32186.414220645613 917
170 25.1 42449.7662115211 27187.774300860736 155247.32592773438 1760.824951171875 33835.99344882234 1148
180 19.8 38476.52258670691 17143.94295183126 155247.32592773438 1760.824951171875 35381.423730049915 1399
190 9.9 50629.0577281605 21746.69624420155 155247.32592773438 1760.824951171875 35765.16172229668 1597
200 0.4 121113.63952636719 30154.9740964829 155247.32592773438 1760.824951171875 36632.806595280475 1696
210 6.8 74149.03991340185 24791.358723929854 163116.35498046875 1760.824951171875 36831.58502570656 1700
220 2.3 81545.89720618207 22594.589521305414 170004.73413085938 1760.824951171875 38266.87175215638 1768
230 2 79248.4068359375 6748.850766686167 170004.73413085938 1760.824951171875 38822.66046541299 1791
240 3.2 94297.77855682373 15208.893991811006 171915.92797851563 1760.824951171875 39269.1071398528 1811
250 0.5 97026.27958984375 2368.864199902367 171915.92797851563 1760.824951171875 40224.569692941826 1843
260 0.2 117468.1494140625 9842.021484375 171915.92797851563 1760.824951171875 40378.25397296591 1848
270 0 0 0 171915.92797851563 1760.824951171875 40461.594400469796 1850
271 0 0 0 171915.92797851563 1760.824951171875 40461.594400469796 1850
