10 1 10
20 0.1 11
30 4 51
40 2.3 74
50 1.6 90
60 0.4 94
70 3.3 127
80 3 157
90 1.6 173
100 2.4 197
110 2.9 226
120 2.4 250
130 2.5 275
140 1.7 292
150 2.3 315
160 3.2 347
170 2.4 371
180 2.3 394
190 1 404
200 5 454
210 1.1 465
220 2.2 487
230 1.6 503
240 0.7 510
250 0 510
260 0 510
270 0 510
280 0 510
290 0 510
300 0 510
310 0 510
320 0 510
330 0 510
340 0 510
350 0 510
360 0 510
370 0 510
380 0 510
390 0 510
400 0 510
410 0 510
420 0 510
430 0 510
440 0 510
450 0 510
460 0 510
470 0 510
480 0 510
490 0 510
500 0 510
510 0 510
520 0 510
530 0 510
540 0 510
550 0 510
560 0 510
570 0 510
580 0 510
590 0.1 511
600 0 511
610 0 511
620 0 511
630 0 511
631 0 511
