30 1.1 11
40 0.7 18
50 0.6 24
60 0.9 33
70 1.2 45
80 1.5 60
90 1.1 71
100 1.2 83
110 0.5 88
120 0.6 94
130 1.2 106
140 3.4 140
150 4.6 186
160 3.2 218
170 1.5 233
180 1 243
190 1.4 257
200 0.6 263
210 0.7 270
220 0 270
230 0 270
240 0 270
250 0.2 272
260 0.6 278
270 0.3 281
280 0 281
290 0 281
300 0 281
310 0 281
320 0 281
330 0 281
340 0 281
350 0 281
360 0 281
370 0 281
380 0 281
390 0 281
400 0 281
410 0 281
420 0 281
430 0.1 282
440 0 282
450 0 282
460 0 282
470 0 282
480 0 282
490 0 282
500 0 282
510 0 282
520 0 282
530 0 282
540 0 282
550 0 282
560 0 282
570 0 282
580 0 282
590 0 282
600 0 282
610 0 282
620 0 282
630 0 282
631 0 282
