30 7.5 75
40 20 275
50 26.4 539
60 31.7 856
70 29.5 1151
80 54 1691
90 51.3 2204
100 73.3 2937
110 26 3197
120 31.2 3509
130 27.4 3783
140 50.8 4291
150 56.4 4855
160 73.3 5588
170 26.6 5854
180 31.6 6170
190 24.9 6419
200 53.5 6954
210 44.8 7402
220 6.2 7464
230 0.1 7465
240 0 7465
250 0 7465
260 0 7465
270 0 7465
280 0 7465
290 0 7465
300 0 7465
310 0 7465
320 0 7465
330 0 7465
340 0 7465
350 0 7465
360 0 7465
370 0 7465
380 0 7465
390 0 7465
400 0 7465
410 0 7465
420 0 7465
430 0 7465
440 0 7465
450 0 7465
460 0 7465
470 0 7465
480 0 7465
490 0 7465
500 0 7465
510 0 7465
520 0 7465
530 0 7465
540 0 7465
550 0 7465
560 0 7465
570 0 7465
580 0 7465
590 0 7465
600 0 7465
610 0 7465
620 0 7465
630 0 7465
631 0 7465
