130 13.7 137
140 60 737
150 104.7 1784
160 64.9 2433
170 23.9 2672
180 8.4 2756
190 9 2846
200 0 2846
210 0 2846
220 0 2846
230 0 2846
240 0 2846
250 2.9 2875
260 18.4 3059
270 9.7 3156
280 1 3166
290 0 3166
300 0 3166
310 0 3166
320 0 3166
330 0.3 3169
340 0.8 3177
350 0 3177
360 0 3177
370 0 3177
380 0 3177
390 0 3177
400 0 3177
410 0 3177
420 0 3177
430 0 3177
440 0 3177
450 0 3177
460 0 3177
470 0 3177
480 0 3177
490 0 3177
500 0 3177
510 0 3177
520 0 3177
530 0 3177
540 0 3177
550 0 3177
560 0 3177
570 0 3177
580 0 3177
590 0 3177
600 0 3177
610 0 3177
620 0 3177
630 0 3177
631 0 3177
