10 13 13
20 35 22
30 51 16
40 78 27
50 96 18
60 94 -2
70 114 20
80 144 30
90 142 -2
100 205 63
110 317 112
120 388 71
130 677 289
140 921 244
150 1117 196
160 1038 -79
170 924 -114
180 782 -142
190 712 -70
200 504 -208
210 256 -248
220 151 -105
230 117 -34
240 106 -11
250 101 -5
260 69 -32
270 42 -27
280 36 -6
290 36 0
300 36 0
310 36 0
320 36 0
330 27 -9
340 13 -14
350 11 -2
360 10 -1
370 10 0
380 10 0
390 10 0
400 10 0
410 6 -4
420 5 -1
430 5 0
440 5 0
450 5 0
460 5 0
470 5 0
480 4 -1
490 3 -1
500 3 0
510 3 0
520 3 0
530 3 0
540 3 0
550 3 0
560 2 -1
570 2 0
580 2 0
590 0 -2
600 0 0
610 0 0
620 0 0
630 0 0
631 0 0
