0 0 0
10 0 0
20 0 0
30 0.5 5
40 1.2 17
50 2.9 46
60 4.2 88
70 3.9 127
80 5.9 186
90 7.3 259
100 6.7 326
110 4.5 371
120 5.8 429
130 2.5 454
140 6.6 520
150 10.8 628
160 13.6 764
170 11.8 882
180 14.1 1023
190 7.3 1096
200 20.7 1303
210 24.8 1551
220 10.3 1654
230 3.4 1688
240 1.2 1700
250 0.5 1705
260 3.1 1736
270 2.9 1765
280 0.4 1769
290 0 1769
300 0 1769
310 0 1769
320 0 1769
330 0.9 1778
340 1.4 1792
350 0.2 1794
360 0.1 1795
370 0 1795
380 0 1795
390 0 1795
400 0 1795
410 0.4 1799
420 0.1 1800
430 0 1800
440 0 1800
450 0 1800
460 0 1800
470 0 1800
480 0.1 1801
490 0.1 1802
500 0 1802
510 0 1802
520 0 1802
530 0 1802
540 0 1802
550 0 1802
560 0.1 1803
570 0 1803
580 0 1803
590 0.2 1805
600 0 1805
610 0 1805
620 0 1805
630 0 1805
631 0 1805
