10 1 418.6429931640625 338.2830090319079 1421.385009765625 212.62890625 0 0
20 0 0 0 1421.385009765625 212.62890625 418.6429931640625 10
30 9 3763.7328125 5649.705149615004 22139.35693359375 14.14208984375 418.6429931640625 10
40 14 1282.7946393694197 4884.442528839334 33145.43603515625 8.860107421875 3429.2238305664064 100
50 20.9 203.4367407109749 1351.9839314468434 33145.43603515625 6.15185546875 2177.1401357014975 240
60 21.2 720.4347637824293 4963.437075354622 42659.010986328125 5.7080078125 1258.4229652047954 449
70 23.7 1722.2189137905457 7741.793159460827 45185.787109375 5.7080078125 1085.8760685307536 661
80 36.8 742.5378072987427 5372.728704305738 57188.612060546875 5.7080078125 1253.8195588721464 898
90 37.9 1512.556822281084 8988.949881421628 60600.10986328125 5.7080078125 1105.200534718108 1266
100 47.1 836.3416138991176 6071.077130578938 60600.10986328125 5.7080078125 1199.053442308605 1645
110 21.9 2891.559937080836 5662.39782538263 60600.10986328125 5.7080078125 1118.3174918450566 2116
120 31.1 5918.594418835409 7591.9447413251855 60600.10986328125 5.7080078125 1284.6301665802325 2335
130 27.5 7091.024529474432 9139.413800224413 60600.10986328125 2.0419921875 1829.2873405981309 2646
140 58.9 3908.65517934596 6112.480886958466 60600.10986328125 1.50390625 2324.658010553962 2921
150 100.4 5826.718395704292 9733.677113440506 60600.10986328125 1.474853515625 2590.462663664642 3510
160 103.1 7830.200370070775 9849.26831649091 60600.10986328125 1.474853515625 3310.267881867524 4514
170 58.9 8391.238095968403 11205.80233815522 67647.9599609375 1.474853515625 4150.673724128579 5545
180 52.3 13861.709950667724 14807.184131787331 75292.2841796875 1.3818359375 4557.861923511308 6134
190 38.8 19972.84065734235 18978.855722458284 84653.31787109375 1.3818359375 5288.808674029981 6657
200 72.8 13754.107065389435 18838.491149853973 89477.47680664063 1.3818359375 6097.524700932068 7045
210 61.3 5566.021320685287 11805.887940250801 89477.47680664063 1.3818359375 6814.621312449495 7773
220 17.7 2489.0518364340573 10980.84880628628 89477.47680664063 1.3818359375 6723.351124642262 8386
230 5.4 3785.571361400464 13387.569118846224 89477.47680664063 1.3818359375 6635.826778733953 8563
240 2.1 9800.413771856398 20888.95708704079 89477.47680664063 1.3818359375 6617.965134015836 8617
250 3.7 36301.29779217694 42280.05608287036 135462.77880859375 1.3818359375 6625.7020431840065 8638
260 19.5 31298.587322215546 47329.80073238715 139068.27612304688 1.3818359375 6752.272307473659 8675
270 7.9 5981.334846593156 19549.654556452002 139068.27612304688 1.3818359375 7291.9038100525395 8870
280 1 3.151171875 0.6811565247547534 139068.27612304688 1.3818359375 7280.334366750127 8949
290 0 0 0 139068.27612304688 1.3818359375 7272.211603947498 8959
300 0 0 0 139068.27612304688 1.3818359375 7272.211603947498 8959
310 0.3 119748.69677734375 48802.43138484983 179414.08520507813 1.3818359375 7272.211603947498 8959
320 0 0 0 179414.08520507813 1.3818359375 7309.86273712315 8962
330 1.8 56284.91271972656 31310.272259194593 179414.08520507813 1.3818359375 7309.86273712315 8962
340 1.9 34410.02330900494 29343.350282082058 179414.08520507813 1.3818359375 7408.030988758657 8980
350 0.3 59355.50431315104 236.64761063368093 179414.08520507813 1.3818359375 7465.041529272567 8999
360 0.4 89552.10223388672 30104.461764394826 179414.08520507813 1.3818359375 7482.3345073165165 9002
370 0.2 59683.095458984375 49.524658203125 179414.08520507813 1.3818359375 7518.785658871733 9006
380 0 0 0 179414.08520507813 1.3818359375 7530.367432806039 9008
390 0 0 0 179414.08520507813 1.3818359375 7530.367432806039 9008
400 0 0 0 179414.08520507813 1.3818359375 7530.367432806039 9008
410 0.4 59577.459045410156 337.39426830455005 179414.08520507813 1.3818359375 7530.367432806039 9008
420 0.3 59453.05859375 180.37649275331006 179414.08520507813 1.3818359375 7553.468671870665 9012
430 0.1 119552.32202148438 0.0 179414.08520507813 1.3818359375 7570.739750047664 9015
440 0 0 0 179414.08520507813 1.3818359375 7583.16006751344 9016
450 0 0 0 179414.08520507813 1.3818359375 7583.16006751344 9016
460 0 0 0 179414.08520507813 1.3818359375 7583.16006751344 9016
470 0 0 0 179414.08520507813 1.3818359375 7583.16006751344 9016
480 0.1 59520.947021484375 0.0 179414.08520507813 1.3818359375 7583.16006751344 9016
490 0.2 59480.471923828125 252.8349609375 179414.08520507813 1.3818359375 7588.920052758418 9017
500 0.1 119354.73901367188 0.0 179414.08520507813 1.3818359375 7600.427215829949 9019
510 0 0 0 179414.08520507813 1.3818359375 7612.816829111306 9020
520 0 0 0 179414.08520507813 1.3818359375 7612.816829111306 9020
530 0 0 0 179414.08520507813 1.3818359375 7612.816829111306 9020
540 0 0 0 179414.08520507813 1.3818359375 7612.816829111306 9020
550 0.1 178755.57202148438 0.0 179414.08520507813 1.3818359375 7612.816829111306 9020
560 0.2 59149.04052734375 135.197509765625 179414.08520507813 1.3818359375 7631.788423745202 9021
570 0 0 0 179414.08520507813 1.3818359375 7643.207519855941 9023
580 0 0 0 179414.08520507813 1.3818359375 7643.207519855941 9023
590 0.2 34841.396484375 7143.986572265625 179414.08520507813 1.3818359375 7643.207519855941 9023
600 0 0 0 179414.08520507813 1.3818359375 7649.234819349464 9025
610 0 0 0 179414.08520507813 1.3818359375 7649.234819349464 9025
620 0 0 0 179414.08520507813 1.3818359375 7649.234819349464 9025
630 0 0 0 179414.08520507813 1.3818359375 7649.234819349464 9025
631 0 0 0 179414.08520507813 1.3818359375 7649.234819349464 9025
