10 2.9 144.16439082704744 239.81676689545228 1320.3408203125 19.2529296875 0 0
20 0 0 0 1320.3408203125 19.2529296875 144.16439082704744 29
30 19.9 1755.0136375235547 4141.59999928298 22139.35693359375 0.52099609375 144.16439082704744 29
40 25.9 655.7804383973818 3543.5921004983697 33145.43603515625 0.52099609375 1550.1249175489988 228
50 35.7 118.8564042804622 1035.944812242034 33145.43603515625 0.52099609375 1074.48791528972 487
60 34.5 442.4032898833785 3906.546842146251 42659.010986328125 0.51220703125 670.2693733106856 844
70 41.2 993.408043722504 5932.068732329378 45185.787109375 0.51220703125 604.1517965382541 1189
80 62.9 431.05754188816564 4100.317469243439 57188.612060546875 0.51220703125 704.322673390166 1601
90 60.8 994.1706751773227 7163.691925290707 59609.9990234375 0.51220703125 627.244750648122 2230
100 81.8 517.228333862602 4679.761634654123 59661.15087890625 0.51220703125 705.8532644302762 2838
110 42.9 2341.402861624049 4688.652729571885 59661.15087890625 0.51220703125 663.6499840133293 3656
120 58.9 3953.0275514146056 5285.934342038773 59661.15087890625 0.51220703125 839.8448394588614 4085
130 60.9 4701.784954202588 6243.801946602756 59661.15087890625 0.4931640625 1232.1564820223903 4674
140 127.9 3251.242557624055 4639.046279773659 59661.15087890625 0.4931640625 1632.1193325917145 5283
150 192.6 3518.231042974836 5310.343553024424 59960.93798828125 0.4931640625 1947.7027834933242 6562
160 172.7 4450.189838915256 5099.43745506094 59960.93798828125 0.156005859375 2304.0691156989546 8488
170 81.9 5812.617268880206 8608.639868476166 59960.93798828125 0.156005859375 2666.9032311169235 10215
180 74 11937.761333073793 13654.307898882496 59960.93798828125 0.110107421875 2900.3942404451936 11034
190 56 13783.377376011435 15822.153257103919 59970.038818359375 0.110107421875 3468.3959092531745 11774
200 91.7 8784.006327688361 10384.417377788322 59970.038818359375 0.110107421875 3936.7265093330047 12334
210 72.1 3009.613653725293 7017.770842965921 59970.038818359375 0.110107421875 4272.169539551996 13251
220 19 2212.53960731908 10213.73660304447 60143.35205078125 0.110107421875 4207.017607567954 13972
230 6.2 3297.094155588458 12556.22029774961 60143.35205078125 0.110107421875 4180.259323423957 14162
240 2.4 8568.888600667318 19775.429825034385 60143.35205078125 0.110107421875 4176.409756466293 14224
250 5.5 21683.795960582385 28680.464058229685 60143.35205078125 0.110107421875 4183.808654014078 14248
260 26 15798.913244628893 26281.81049836079 60143.35205078125 0.110107421875 4251.102179977949 14303
270 11 4867.357790305397 16296.834622338509 60143.35205078125 0.110107421875 4457.270612087354 14563
280 1 3.151171875 0.6811565247547534 60143.35205078125 0.110107421875 4460.344938374002 14673
290 0 0 0 60143.35205078125 0.110107421875 4457.3093231955645 14683
300 0.2 59656.16540527344 218.6214599609375 60143.35205078125 0.110107421875 4457.3093231955645 14683
310 0.3 59957.751708984375 59.51695817719589 60143.35205078125 0.110107421875 4464.827042784544 14685
320 0 0 0 60143.35205078125 0.110107421875 4476.161381972902 14688
330 1.8 49668.58006456163 22212.74972290525 60143.35205078125 0.110107421875 4476.161381972902 14688
340 1.9 34410.02330900494 29343.350282082058 60143.35205078125 0.110107421875 4531.476459919767 14706
350 0.3 59355.50431315104 236.64761063368093 60143.35205078125 0.110107421875 4570.0294235960055 14725
360 0.4 59723.93426513672 276.03543353580676 60143.35205078125 0.110107421875 4581.188876656072 14728
370 0.3 59639.639322916664 73.56629235341445 60143.35205078125 0.110107421875 4596.161112710507 14732
380 0 0 0 60143.35205078125 0.110107421875 4607.36779303834 14735
390 0 0 0 60143.35205078125 0.110107421875 4607.36779303834 14735
400 0 0 0 60143.35205078125 0.110107421875 4607.36779303834 14735
410 0.4 59577.459045410156 337.39426830455005 60143.35205078125 0.110107421875 4607.36779303834 14735
420 0.3 59453.05859375 180.37649275331006 60143.35205078125 0.110107421875 4622.286061917469 14739
430 0.3 39918.29638671875 28225.88001833064 60143.35205078125 0.110107421875 4633.44413528577 14742
440 0.1 59354.505126953125 0.0 60143.35205078125 0.110107421875 4640.623148968666 14745
450 0 0 0 60143.35205078125 0.110107421875 4644.3335709121075 14746
460 0 0 0 60143.35205078125 0.110107421875 4644.3335709121075 14746
470 0 0 0 60143.35205078125 0.110107421875 4644.3335709121075 14746
480 0.1 59520.947021484375 0.0 60143.35205078125 0.110107421875 4644.3335709121075 14746
490 0.3 59620.37361653646 285.94051635522345 60143.35205078125 0.110107421875 4648.054776136938 14747
500 0.1 60000.051025390625 0.0 60143.35205078125 0.110107421875 4659.235586748545 14750
510 0 0 0 60143.35205078125 0.110107421875 4662.987252089108 14751
520 0 0 0 60143.35205078125 0.110107421875 4662.987252089108 14751
530 0 0 0 60143.35205078125 0.110107421875 4662.987252089108 14751
540 0 0 0 60143.35205078125 0.110107421875 4662.987252089108 14751
550 0.1 59088.3359375 0.0 60143.35205078125 0.110107421875 4662.987252089108 14751
560 0.2 59149.04052734375 135.197509765625 60143.35205078125 0.110107421875 4666.676605985895 14752
570 0 0 0 60143.35205078125 0.110107421875 4674.062042331477 14754
580 0 0 0 60143.35205078125 0.110107421875 4674.062042331477 14754
590 0.2 34841.396484375 7143.986572265625 60143.35205078125 0.110107421875 4674.062042331477 14754
600 0 0 0 60143.35205078125 0.110107421875 4678.150865107574 14756
610 0 0 0 60143.35205078125 0.110107421875 4678.150865107574 14756
620 0 0 0 60143.35205078125 0.110107421875 4678.150865107574 14756
630 0 0 0 60143.35205078125 0.110107421875 4678.150865107574 14756
631 0 0 0 60143.35205078125 0.110107421875 4678.150865107574 14756
