10 45.22421875 45.22421875
20 2048 2093.22421875
30 15374.55390625 17467.778125
40 20217.9328125 37685.7109375
50 5234.2375 42919.9484375
60 17602.89140625 60522.83984375
70 47766.3890625 108289.22890625
80 22167.546875 130456.77578125
90 12825.675 143282.45078125
100 24729.98671875 168012.4375
110 20606.809375 188619.246875
120 25267.03125 213886.278125
130 31409.515625 245295.79375
140 12355.07109375 257650.86484375
150 28750.50234375 286401.3671875
160 11963.27421875 298364.64140625
170 20415.78359375 318780.425
180 26527.9921875 345308.4171875
190 20299.29609375 365607.71328125
200 25574.24609375 391181.959375
210 7826.77421875 399008.73359375
220 30521.0171875 429529.75078125
230 12853.3765625 442383.12734375
240 5730.9546875 448114.08203125
250 14.2328125 448128.31484375
260 72.84921875 448201.1640625
270 37.36953125 448238.53359375
280 3.65625 448242.18984375
290 0 448242.18984375
300 0.1171875 448242.30703125
310 0.17578125 448242.4828125
320 0 448242.4828125
330 1.97578125 448244.45859375
340 3.56953125 448248.028125
350 0.17578125 448248.20390625
360 0.234375 448248.43828125
370 0.17578125 448248.6140625
380 0 448248.6140625
390 0 448248.6140625
400 0 448248.6140625
410 0.234375 448248.8484375
420 0.17578125 448249.02421875
430 0.16875 448249.19296875
440 0.05859375 448249.2515625
450 0 448249.2515625
460 0 448249.2515625
470 0 448249.2515625
480 0.05859375 448249.31015625
490 0.17578125 448249.4859375
500 0.05859375 448249.54453125
510 0 448249.54453125
520 0 448249.54453125
530 0 448249.54453125
540 0 448249.54453125
550 0.05859375 448249.603125
560 0.1171875 448249.7203125
570 0 448249.7203125
580 0 448249.7203125
590 4.0984375 448253.81875
600 0 448253.81875
610 0 448253.81875
620 0 448253.81875
630 0 448253.81875
631 0 448253.81875
