0 0 0
10 14 14
20 35 35
30 52 53
40 83 83
50 99 100
60 93 108
70 121 121
80 146 146
90 144 158
100 211 211
110 319 319
120 391 391
130 692 692
140 922 923
150 1130 1130
160 1041 1159
170 923 1159
180 782 1159
190 709 1159
200 502 1159
210 254 1159
220 151 1159
230 117 1159
240 105 1159
250 100 1159
260 69 1159
270 40 1159
280 36 1159
290 36 1159
300 36 1159
310 36 1159
320 36 1159
330 27 1159
340 13 1159
350 11 1159
360 10 1159
370 10 1159
380 10 1159
390 10 1159
400 10 1159
410 6 1159
420 5 1159
430 5 1159
440 5 1159
450 5 1159
460 5 1159
470 5 1159
480 4 1159
490 3 1159
500 3 1159
510 3 1159
520 3 1159
530 3 1159
540 3 1159
550 3 1159
560 2 1159
570 2 1159
580 2 1159
590 0 1159
600 0 1159
610 0 1159
620 0 1159
630 0 1159
631 0 1159
