10 1 10
20 6.2 72
30 11 182
40 9 272
50 7.1 343
60 4.4 387
70 6.5 452
80 6.6 518
90 7.3 591
100 5.7 648
110 6.4 712
120 10.7 819
130 11.2 931
140 12.1 1052
150 23.5 1287
160 6.1 1348
170 4.3 1391
180 6.2 1453
190 8 1533
200 6.9 1602
210 5.8 1660
220 5 1710
230 4.3 1753
240 3.1 1784
250 3.2 1816
260 4.1 1857
270 5.5 1912
280 6.7 1979
290 12.8 2107
300 10.1 2208
310 1.4 2222
320 0.3 2225
330 0 2225
340 0 2225
350 0 2225
360 0 2225
370 0 2225
380 0 2225
390 0 2225
400 0 2225
410 0 2225
420 0 2225
430 0 2225
440 0 2225
450 0 2225
460 0 2225
470 0 2225
480 0 2225
490 0 2225
500 0 2225
510 0 2225
520 0 2225
530 0 2225
540 0 2225
550 0 2225
560 0 2225
570 0 2225
580 0 2225
590 0 2225
600 0 2225
610 0 2225
620 0 2225
630 0 2225
640 0 2225
650 0 2225
660 0 2225
670 0 2225
680 0 2225
690 0 2225
700 0 2225
710 0 2225
720 0 2225
730 0 2225
740 0 2225
750 0 2225
760 0 2225
770 0 2225
780 0 2225
790 0 2225
800 0 2225
810 0 2225
820 0 2225
830 0 2225
840 0 2225
850 0 2225
860 0 2225
870 0 2225
880 0 2225
890 0 2225
900 0 2225
910 0 2225
920 0 2225
930 0 2225
940 0 2225
950 0 2225
960 0 2225
970 0 2225
980 0 2225
990 0 2225
1000 0 2225
1010 0 2225
1020 0 2225
1030 0 2225
1040 0 2225
1050 0 2225
1060 0 2225
1070 0 2225
1080 0 2225
1090 0 2225
1100 0 2225
1110 0 2225
1120 0 2225
1130 0 2225
1140 0 2225
1150 0 2225
1160 0 2225
1170 0 2225
1180 0 2225
1190 0 2225
1200 0 2225
1210 0 2225
1220 0 2225
1230 0 2225
1240 0 2225
1250 0 2225
1260 0 2225
1270 0 2225
1280 0 2225
1290 0 2225
1300 0 2225
1310 0 2225
1320 0 2225
1330 0 2225
1340 0 2225
1350 0 2225
1360 0 2225
1370 0 2225
1380 0 2225
1390 0 2225
1400 0 2225
1410 0 2225
1420 0 2225
1430 0 2225
1440 0 2225
1450 0 2225
1460 0 2225
1470 0 2225
1480 0 2225
1490 0 2225
1500 0 2225
1510 0 2225
1520 0 2225
1530 0 2225
1540 0 2225
1550 0 2225
1560 0 2225
1570 0 2225
1580 0 2225
1590 0 2225
1600 0 2225
1610 0 2225
1620 0 2225
1630 0 2225
1640 0 2225
1650 0 2225
1660 0 2225
1670 0 2225
1680 0 2225
1690 0 2225
1700 0 2225
1710 0 2225
1720 0 2225
1730 0 2225
1740 0 2225
1750 0 2225
1760 0 2225
1770 0 2225
1780 0 2225
1790 0 2225
1800 0 2225
1810 0 2225
1820 0 2225
1830 0 2225
1840 0 2225
1850 0 2225
1860 0 2225
1870 0 2225
1880 0 2225
1890 0 2225
1900 0 2225
1910 0 2225
1920 0 2225
1930 0 2225
1940 0 2225
1950 0 2225
1960 0 2225
1970 0 2225
1980 0 2225
1990 0 2225
2000 0 2225
2010 0 2225
2020 0 2225
2030 0 2225
2040 0 2225
2050 0 2225
2060 0 2225
2070 0 2225
2080 0 2225
2090 0 2225
2100 0 2225
2110 0 2225
2120 0 2225
2130 0 2225
2140 0 2225
2150 0 2225
2160 0 2225
2170 0 2225
2180 0 2225
2190 0 2225
2200 0 2225
2210 0 2225
2220 0 2225
2230 0 2225
2240 0 2225
2250 0 2225
2260 0 2225
2270 0 2225
2280 0 2225
2290 0 2225
2300 0 2225
2310 0 2225
2320 0 2225
2330 0 2225
2340 0 2225
2350 0 2225
2360 0 2225
2370 0 2225
2380 0 2225
2390 0 2225
2400 0 2225
2410 0 2225
2420 0 2225
2430 0 2225
2440 0 2225
2450 0 2225
2460 0 2225
2470 0 2225
2480 0 2225
2490 0 2225
2500 0 2225
2510 0 2225
2520 0 2225
2530 0 2225
2540 0 2225
2550 0 2225
2560 0 2225
2570 0 2225
2580 0 2225
2590 0 2225
2600 0 2225
2610 0 2225
2620 0 2225
2630 0 2225
2640 0 2225
2650 0 2225
2660 0 2225
2670 0 2225
2680 0 2225
2690 0 2225
2700 0 2225
2710 0 2225
2720 0 2225
2730 0 2225
2740 0 2225
2750 0 2225
2760 0 2225
2770 0 2225
2780 0 2225
2790 0 2225
2800 0 2225
2810 0 2225
2820 0 2225
2830 0 2225
2840 0 2225
2850 0 2225
2860 0 2225
2870 0 2225
2880 0 2225
2890 0 2225
2900 0 2225
2910 0 2225
2920 0 2225
2930 0 2225
2940 0 2225
2950 0 2225
2960 0 2225
2970 0 2225
2980 0 2225
2990 0 2225
3000 0 2225
3010 0 2225
3020 0 2225
3030 0 2225
3040 0 2225
3050 0 2225
3060 0 2225
3070 0 2225
3080 0 2225
3090 0 2225
3100 0 2225
3110 0 2225
3120 0 2225
3130 0 2225
3140 0 2225
3150 0 2225
3160 0 2225
3170 0 2225
3180 0 2225
3190 0 2225
3200 0 2225
3210 0 2225
3220 0 2225
3230 0 2225
3240 0 2225
3250 0 2225
3260 0 2225
3270 0 2225
3280 0 2225
3290 0 2225
3300 0 2225
3310 0 2225
3320 0 2225
3330 0 2225
3340 0 2225
3350 0 2225
3360 0 2225
3370 0 2225
3380 0 2225
3390 0 2225
3400 0 2225
3410 0 2225
3420 0 2225
3430 0 2225
3440 0 2225
3450 0 2225
3460 0 2225
3470 0 2225
3480 0 2225
3490 0 2225
3500 0 2225
3510 0 2225
3520 0 2225
3530 0 2225
3540 0 2225
3550 0 2225
3560 0 2225
3570 0 2225
3580 0 2225
3590 0 2225
3600 0 2225
3610 0 2225
3620 0 2225
3630 0 2225
3640 0 2225
3650 0 2225
3660 0 2225
3670 0 2225
3680 0 2225
3690 0 2225
3700 0 2225
3710 0 2225
3720 0 2225
3730 0 2225
3740 0 2225
3750 0 2225
3760 0 2225
3770 0 2225
3780 0 2225
3790 0 2225
3800 0 2225
3810 0 2225
3820 0 2225
3830 0 2225
3840 0 2225
3850 0 2225
3860 0 2225
3870 0 2225
3880 0 2225
3890 0 2225
3900 0 2225
3910 0 2225
3920 0 2225
3930 0 2225
3940 0 2225
3950 0 2225
3960 0 2225
3970 0 2225
3980 0 2225
3990 0 2225
4000 0 2225
4010 0 2225
4020 0 2225
4030 0 2225
4040 0 2225
4050 0 2225
4060 0 2225
4070 0 2225
4080 0 2225
4090 0 2225
4100 0 2225
4110 0 2225
4120 0 2225
4130 0 2225
4140 0 2225
4150 0 2225
4160 0 2225
4170 0 2225
4180 0 2225
4190 0 2225
4200 0 2225
4210 0 2225
4220 0 2225
4230 0 2225
4240 0 2225
4250 0 2225
4260 0 2225
4270 0 2225
4280 0 2225
4290 0 2225
4300 0 2225
4310 0 2225
4320 0 2225
4330 0 2225
4340 0 2225
4350 0 2225
4360 0 2225
4370 0 2225
4380 0 2225
4390 0 2225
4400 0 2225
4410 0 2225
4420 0 2225
4430 0 2225
4440 0 2225
4450 0 2225
4460 0 2225
4470 0 2225
4480 0 2225
4490 0 2225
4500 0 2225
4510 0 2225
4520 0 2225
4530 0 2225
4540 0 2225
4550 0 2225
4560 0 2225
4570 0 2225
4580 0 2225
4590 0 2225
4600 0 2225
4610 0 2225
4620 0 2225
4630 0 2225
4640 0 2225
4650 0 2225
4660 0 2225
4670 0 2225
4680 0 2225
4690 0 2225
4700 0 2225
4710 0 2225
4720 0 2225
4730 0 2225
4740 0 2225
4750 0 2225
4760 0 2225
4770 0 2225
4780 0 2225
4790 0 2225
4800 0 2225
4810 0 2225
4820 0 2225
4830 0 2225
4840 0 2225
4850 0 2225
4860 0 2225
4870 0 2225
4880 0 2225
4890 0 2225
4900 0 2225
4910 0 2225
4920 0 2225
4930 0 2225
4940 0 2225
4950 0 2225
4960 0 2225
4970 0 2225
4980 0 2225
4990 0 2225
5000 0 2225
5010 0 2225
5020 0 2225
5030 0 2225
5040 0 2225
5050 0 2225
5060 0 2225
5070 0 2225
5080 0 2225
5090 0 2225
5100 0 2225
5110 0 2225
5120 0 2225
5130 0 2225
5140 0 2225
5150 0 2225
5160 0 2225
5170 0 2225
5180 0 2225
5190 0 2225
5200 0 2225
5210 0 2225
5220 0 2225
5230 0 2225
5240 0 2225
5250 0 2225
5260 0 2225
5270 0 2225
5280 0 2225
5290 0 2225
5300 0 2225
5310 0 2225
5320 0 2225
5330 0 2225
5340 0 2225
5350 0 2225
5360 0 2225
5370 0 2225
5380 0 2225
5390 0 2225
5400 0 2225
5410 0 2225
5420 0 2225
5430 0 2225
5440 0 2225
5450 0 2225
5460 0 2225
5470 0 2225
5480 0 2225
5490 0 2225
5500 0 2225
5510 0 2225
5520 0 2225
5530 0 2225
5540 0 2225
5550 0 2225
5560 0 2225
5570 0 2225
5580 0 2225
5590 0 2225
5600 0 2225
5610 0 2225
5620 0 2225
5630 0 2225
5640 0 2225
5650 0 2225
5660 0 2225
5670 0 2225
5680 0 2225
5690 0 2225
5700 0 2225
5710 0 2225
5720 0 2225
5730 0 2225
5740 0 2225
5750 0 2225
5760 0 2225
5770 0 2225
5780 0 2225
5790 0 2225
5800 0 2225
5810 0 2225
5820 0 2225
5830 0 2225
5840 0 2225
5850 0 2225
5860 0 2225
5870 0 2225
5880 0 2225
5890 0 2225
5900 0 2225
5910 0 2225
5920 0 2225
5930 0 2225
5940 0 2225
5950 0 2225
5960 0 2225
5970 0 2225
5980 0 2225
5990 0 2225
6000 0 2225
6010 0 2225
6020 0 2225
6030 0 2225
6040 0 2225
6050 0 2225
6060 0 2225
6070 0 2225
6080 0 2225
6090 0 2225
6100 0 2225
6110 0 2225
6120 0 2225
6130 0 2225
6140 0 2225
6150 0 2225
6160 0 2225
6170 0 2225
6180 0 2225
6190 0 2225
6200 0 2225
6210 0 2225
6220 0 2225
6230 0 2225
6240 0 2225
6250 0 2225
6260 0 2225
6270 0 2225
6280 0 2225
6290 0 2225
6300 0 2225
6310 0 2225
6320 0 2225
6330 0 2225
6340 0 2225
6350 0 2225
6360 0 2225
6370 0 2225
6380 0 2225
6390 0 2225
6400 0 2225
6410 0 2225
6420 0 2225
6430 0 2225
6440 0 2225
6450 0 2225
6460 0 2225
6470 0 2225
6480 0 2225
6490 0 2225
6500 0 2225
6510 0 2225
6520 0 2225
6530 0 2225
6540 0 2225
6550 0 2225
6560 0 2225
6570 0 2225
6580 0 2225
6590 0 2225
6600 0 2225
6610 0 2225
6620 0 2225
6630 0 2225
6640 0 2225
6650 0 2225
6660 0 2225
6670 0 2225
6680 0 2225
6690 0 2225
6700 0 2225
6710 0 2225
6720 0 2225
6730 0 2225
6740 0 2225
6750 0 2225
6760 0 2225
6770 0 2225
6780 0 2225
6790 0 2225
6800 0 2225
6810 0 2225
6820 0 2225
6830 0 2225
6840 0 2225
6850 0 2225
6860 0 2225
6870 0 2225
6880 0 2225
6890 0 2225
6900 0 2225
6910 0 2225
6920 0 2225
6930 0 2225
6940 0 2225
6950 0 2225
6960 0 2225
6970 0 2225
6980 0 2225
6990 0 2225
7000 0 2225
7010 0 2225
7020 0 2225
7030 0 2225
7040 0 2225
7050 0 2225
7060 0 2225
7070 0 2225
7080 0 2225
7090 0 2225
7100 0 2225
7110 0 2225
7120 0 2225
7130 0 2225
7140 0 2225
7150 0 2225
7160 0 2225
7170 0 2225
7180 0 2225
7190 0 2225
7200 0 2225
7210 0 2225
7220 0 2225
7230 0 2225
7240 0 2225
7250 0 2225
7260 0 2225
7270 0 2225
7280 0 2225
7290 0 2225
7300 0 2225
7310 0 2225
7320 0 2225
7330 0 2225
7340 0 2225
7350 0 2225
7360 0 2225
7370 0 2225
7380 0 2225
7390 0 2225
7400 0 2225
7410 0 2225
7420 0 2225
7430 0 2225
7440 0 2225
7450 0 2225
7460 0 2225
7470 0 2225
7480 0 2225
7490 0 2225
7500 0 2225
7510 0 2225
7520 0 2225
7530 0 2225
7540 0 2225
7550 0 2225
7560 0 2225
7570 0 2225
7580 0 2225
7590 0 2225
7600 0 2225
7610 0 2225
7620 0 2225
7630 0 2225
7640 0 2225
7650 0 2225
7660 0 2225
7670 0 2225
7680 0 2225
7690 0 2225
7700 0 2225
7710 0 2225
7720 0 2225
7730 0 2225
7740 0 2225
7750 0 2225
7760 0 2225
7770 0 2225
7780 0 2225
7790 0 2225
7800 0 2225
7810 0 2225
7820 0 2225
7830 0 2225
7840 0 2225
7850 0 2225
7860 0 2225
7870 0 2225
7880 0 2225
