10 0.1 1
20 0.2 3
30 0.3 6
40 0.4 10
50 0.6 16
60 0 16
70 0.9 25
80 2.2 47
90 0.5 52
100 0 52
110 1 62
120 0.9 71
130 4.7 118
140 4.4 162
150 2.5 187
160 2.9 216
170 2.7 243
180 1.5 258
190 1.8 276
200 0.4 280
210 0.4 284
220 0.3 287
230 0.1 288
240 0 288
250 0 288
260 0 288
270 0 288
280 0 288
290 0 288
300 0 288
310 0 288
320 0 288
330 0 288
340 0 288
350 0 288
360 0 288
370 0 288
380 0 288
390 0 288
400 0 288
410 0 288
420 0 288
430 0 288
440 0 288
450 0 288
460 0 288
470 0 288
480 0 288
490 0 288
500 0 288
510 0 288
520 0 288
530 0 288
540 0 288
550 0 288
560 0 288
570 0 288
580 0 288
590 0 288
600 0 288
610 0 288
620 0 288
630 0 288
640 0 288
650 0 288
660 0 288
670 0 288
680 0 288
690 0 288
700 0 288
710 0 288
720 0 288
730 0 288
740 0 288
750 0 288
760 0 288
770 0 288
780 0 288
790 0 288
800 0 288
810 0 288
820 0 288
830 0 288
840 0 288
850 0 288
860 0 288
870 0 288
880 0 288
890 0 288
900 0 288
910 0 288
920 0 288
930 0 288
940 0 288
950 0 288
960 0 288
970 0 288
980 0 288
990 0 288
1000 0 288
1010 0 288
1020 0 288
1030 0 288
1040 0 288
1050 0 288
1060 0 288
1070 0 288
1080 0 288
1090 0 288
1100 0 288
1110 0 288
1120 0 288
1130 0 288
1140 0 288
1150 0 288
1160 0 288
1170 0 288
1180 0 288
1190 0 288
1200 0 288
1210 0 288
1220 0 288
1230 0 288
1240 0 288
1250 0 288
1260 0 288
1270 0 288
1280 0 288
1290 0 288
1300 0 288
1310 0 288
1320 0 288
1330 0 288
1340 0 288
1350 0 288
1360 0 288
1370 0 288
1380 0 288
1390 0 288
1400 0 288
1410 0 288
1420 0 288
1430 0 288
1440 0 288
1450 0 288
1460 0 288
1470 0 288
1480 0 288
1490 0 288
1500 0 288
1510 0 288
1520 0 288
1530 0 288
1540 0 288
1550 0 288
1560 0 288
1570 0 288
1580 0 288
1590 0 288
1600 0 288
1610 0 288
1620 0 288
1630 0 288
1640 0 288
1650 0 288
1660 0 288
1670 0 288
1680 0 288
1690 0 288
1700 0 288
1710 0 288
1720 0 288
1730 0 288
1740 0 288
1750 0 288
1760 0 288
1770 0 288
1780 0 288
1790 0 288
1800 0 288
1810 0 288
1820 0 288
1830 0 288
1840 0 288
1850 0 288
1860 0 288
1870 0 288
1880 0 288
1890 0 288
1900 0 288
1910 0 288
1920 0 288
1930 0 288
1940 0 288
1950 0 288
1960 0 288
1970 0 288
1980 0 288
1990 0 288
2000 0 288
2010 0 288
2020 0 288
2030 0 288
2040 0 288
2050 0 288
2060 0 288
2070 0 288
2080 0 288
2090 0 288
2100 0 288
2110 0 288
2120 0 288
2130 0 288
2140 0 288
2150 0 288
2160 0 288
2170 0 288
2180 0 288
2190 0 288
2200 0 288
2210 0 288
2220 0 288
2230 0 288
2240 0 288
2250 0 288
2260 0 288
2270 0 288
2280 0 288
2290 0 288
2300 0 288
2310 0 288
2320 0 288
2330 0 288
2340 0 288
2350 0 288
2360 0 288
2370 0 288
2380 0 288
2390 0 288
2400 0 288
2410 0 288
2420 0 288
2430 0 288
2440 0 288
2450 0 288
2460 0 288
2470 0 288
2480 0 288
2490 0 288
2500 0 288
2510 0 288
2520 0 288
2530 0 288
2540 0 288
2550 0 288
2560 0 288
2570 0 288
2580 0 288
2590 0 288
2600 0 288
2610 0 288
2620 0 288
2630 0 288
2640 0 288
2650 0 288
2660 0 288
2670 0 288
2680 0 288
2690 0 288
2700 0 288
2710 0 288
2720 0 288
2730 0 288
2740 0 288
2750 0 288
2760 0 288
2770 0 288
2780 0 288
2790 0 288
2800 0 288
2810 0 288
2820 0 288
2830 0 288
2840 0 288
2850 0 288
2860 0 288
2870 0 288
2880 0 288
2890 0 288
2900 0 288
2910 0 288
2920 0 288
2930 0 288
2940 0 288
2950 0 288
2960 0 288
2970 0 288
2980 0 288
2990 0 288
3000 0 288
3010 0 288
3020 0 288
3030 0 288
3040 0 288
3050 0 288
3060 0 288
3070 0 288
3080 0 288
3090 0 288
3100 0 288
3110 0 288
3120 0 288
3130 0 288
3140 0 288
3150 0 288
3160 0 288
3170 0 288
3180 0 288
3190 0 288
3200 0 288
3210 0 288
3220 0 288
3230 0 288
3240 0 288
3250 0 288
3260 0 288
3270 0 288
3280 0 288
3290 0 288
3300 0 288
3310 0 288
3320 0 288
3330 0 288
3340 0 288
3350 0 288
3360 0 288
3370 0 288
3380 0 288
3390 0 288
3400 0 288
3410 0 288
3420 0 288
3430 0 288
3440 0 288
3450 0 288
3460 0 288
3470 0 288
3480 0 288
3490 0 288
3500 0 288
3510 0 288
3520 0 288
3530 0 288
3540 0 288
3550 0 288
3560 0 288
3570 0 288
3580 0 288
3590 0 288
3600 0 288
3610 0 288
3620 0 288
3630 0 288
3640 0 288
3650 0 288
3660 0 288
3670 0 288
3680 0 288
3690 0 288
3700 0 288
3710 0 288
3720 0 288
3730 0 288
3740 0 288
3750 0 288
3760 0 288
3770 0 288
3780 0 288
3790 0 288
3800 0 288
3810 0 288
3820 0 288
3830 0 288
3840 0 288
3850 0 288
3860 0 288
3870 0 288
3880 0 288
3890 0 288
3900 0 288
3910 0 288
3920 0 288
3930 0 288
3940 0 288
3950 0 288
3960 0 288
3970 0 288
3980 0 288
3990 0 288
4000 0 288
4010 0 288
4020 0 288
4030 0 288
4040 0 288
4050 0 288
4060 0 288
4070 0 288
4080 0 288
4090 0 288
4100 0 288
4110 0 288
4120 0 288
4130 0 288
4140 0 288
4150 0 288
4160 0 288
4170 0 288
4180 0 288
4190 0 288
4200 0 288
4210 0 288
4220 0 288
4230 0 288
4240 0 288
4250 0 288
4260 0 288
4270 0 288
4280 0 288
4290 0 288
4300 0 288
4310 0 288
4320 0 288
4330 0 288
4340 0 288
4350 0 288
4360 0 288
4370 0 288
4380 0 288
4390 0 288
4400 0 288
4410 0 288
4420 0 288
4430 0 288
4440 0 288
4450 0 288
4460 0 288
4470 0 288
4480 0 288
4490 0 288
4500 0 288
4510 0 288
4520 0 288
4530 0 288
4540 0 288
4550 0 288
4560 0 288
4570 0 288
4580 0 288
4590 0 288
4600 0 288
4610 0 288
4620 0 288
4630 0 288
4640 0 288
4650 0 288
4660 0 288
4670 0 288
4680 0 288
4690 0 288
4700 0 288
4710 0 288
4720 0 288
4730 0 288
4740 0 288
4750 0 288
4760 0 288
4770 0 288
4780 0 288
4790 0 288
4800 0 288
4810 0 288
4820 0 288
4830 0 288
4840 0 288
4850 0 288
4860 0 288
4870 0 288
4880 0 288
4890 0 288
4900 0 288
4910 0 288
4920 0 288
4930 0 288
4940 0 288
4950 0 288
4960 0 288
4970 0 288
4980 0 288
4990 0 288
5000 0 288
5010 0 288
5020 0 288
5030 0 288
5040 0 288
5050 0 288
5060 0 288
5070 0 288
5080 0 288
5090 0 288
5100 0 288
5110 0 288
5120 0 288
5130 0 288
5140 0 288
5150 0 288
5160 0 288
5170 0 288
5180 0 288
5190 0 288
5200 0 288
5210 0 288
5220 0 288
5230 0 288
5240 0 288
5250 0 288
5260 0 288
5270 0 288
5280 0 288
5290 0 288
5300 0 288
5310 0 288
5320 0 288
5330 0 288
5340 0 288
5350 0 288
5360 0 288
5370 0 288
5380 0 288
5390 0 288
5400 0 288
5410 0 288
5420 0 288
5430 0 288
5440 0 288
5450 0 288
5460 0 288
5470 0 288
5480 0 288
5490 0 288
5500 0 288
5510 0 288
5520 0 288
5530 0 288
5540 0 288
5550 0 288
5560 0 288
5570 0 288
5580 0 288
5590 0 288
5600 0 288
5610 0 288
5620 0 288
5630 0 288
5640 0 288
5650 0 288
5660 0 288
5670 0 288
5680 0 288
5690 0 288
5700 0 288
5710 0 288
5720 0 288
5730 0 288
5740 0 288
5750 0 288
5760 0 288
5770 0 288
5780 0 288
5790 0 288
5800 0 288
5810 0 288
5820 0 288
5830 0 288
5840 0 288
5850 0 288
5860 0 288
5870 0 288
5880 0 288
5890 0 288
5900 0 288
5910 0 288
5920 0 288
5930 0 288
5940 0 288
5950 0 288
5960 0 288
5970 0 288
5980 0 288
5990 0 288
6000 0 288
6010 0 288
6020 0 288
6030 0 288
6040 0 288
6050 0 288
6060 0 288
6070 0 288
6080 0 288
6090 0 288
6100 0 288
6110 0 288
6120 0 288
6130 0 288
6140 0 288
6150 0 288
6160 0 288
6170 0 288
6180 0 288
6190 0 288
6200 0 288
6210 0 288
6220 0 288
6230 0 288
6240 0 288
6250 0 288
6260 0 288
6270 0 288
6280 0 288
6290 0 288
6300 0 288
6310 0 288
6320 0 288
6330 0 288
6340 0 288
6350 0 288
6360 0 288
6370 0 288
6380 0 288
6390 0 288
6400 0 288
6410 0 288
6420 0 288
6430 0 288
6440 0 288
6450 0 288
6460 0 288
6470 0 288
6480 0 288
6490 0 288
6500 0 288
6510 0 288
6520 0 288
6530 0 288
6540 0 288
6550 0 288
6560 0 288
6570 0 288
6580 0 288
6590 0 288
6600 0 288
6610 0 288
6620 0 288
6630 0 288
6640 0 288
6650 0 288
6660 0 288
6670 0 288
6680 0 288
6690 0 288
6700 0 288
6710 0 288
6720 0 288
6730 0 288
6740 0 288
6750 0 288
6760 0 288
6770 0 288
6780 0 288
6790 0 288
6800 0 288
6810 0 288
6820 0 288
6830 0 288
6840 0 288
6850 0 288
6860 0 288
6870 0 288
6880 0 288
6890 0 288
6900 0 288
6910 0 288
6920 0 288
6930 0 288
6940 0 288
6950 0 288
6960 0 288
6970 0 288
6980 0 288
6990 0 288
7000 0 288
7010 0 288
7020 0 288
7030 0 288
7040 0 288
7050 0 288
7060 0 288
7070 0 288
7080 0 288
7090 0 288
7100 0 288
7110 0 288
7120 0 288
7130 0 288
7140 0 288
7150 0 288
7160 0 288
7170 0 288
7180 0 288
7190 0 288
7200 0 288
7210 0 288
7220 0 288
7230 0 288
7240 0 288
7250 0 288
7260 0 288
7270 0 288
7280 0 288
7290 0 288
7300 0 288
7310 0 288
7320 0 288
7330 0 288
7340 0 288
7350 0 288
7360 0 288
7370 0 288
7380 0 288
7390 0 288
7400 0 288
7410 0 288
7420 0 288
7430 0 288
7440 0 288
7450 0 288
7460 0 288
7470 0 288
7480 0 288
7490 0 288
7500 0 288
7510 0 288
7520 0 288
7530 0 288
7540 0 288
7550 0 288
7560 0 288
7570 0 288
7580 0 288
7590 0 288
7600 0 288
7610 0 288
7620 0 288
7630 0 288
7640 0 288
7650 0 288
7660 0 288
7670 0 288
7680 0 288
7690 0 288
7700 0 288
7710 0 288
7720 0 288
7730 0 288
7740 0 288
7750 0 288
7760 0 288
7770 0 288
7780 0 288
7790 0 288
7800 0 288
7810 0 288
7820 0 288
7830 0 288
7840 0 288
7850 0 288
7860 0 288
7870 0 288
7880 0 288
