140 66 660
150 58.3 1243
160 100 2243
170 36.8 2611
180 5 2661
190 1.6 2677
200 0 2677
210 10.8 2785
220 0.3 2788
230 0 2788
240 0 2788
250 0 2788
260 0 2788
270 0 2788
280 0 2788
290 0 2788
300 0 2788
310 0 2788
320 0 2788
330 0 2788
340 0 2788
350 0 2788
360 0 2788
370 0 2788
380 0 2788
390 0 2788
400 0 2788
410 0 2788
420 0 2788
430 0 2788
440 0 2788
450 0 2788
460 0 2788
470 0 2788
480 0 2788
490 0 2788
500 0 2788
510 0 2788
520 0 2788
530 0 2788
540 0 2788
550 0 2788
560 0 2788
570 0 2788
580 0 2788
590 0 2788
600 0 2788
610 0 2788
620 0 2788
630 0 2788
640 0 2788
650 0 2788
660 0 2788
670 0 2788
680 0 2788
690 0 2788
700 0 2788
710 0 2788
720 0 2788
730 0 2788
740 0 2788
750 0 2788
760 0 2788
770 0 2788
780 0 2788
790 0 2788
800 0 2788
810 0 2788
820 0 2788
830 0 2788
840 0 2788
850 0 2788
860 0 2788
870 0 2788
880 0 2788
890 0 2788
900 0 2788
910 0 2788
920 0 2788
930 0 2788
940 0 2788
950 0 2788
960 0 2788
970 0 2788
980 0 2788
990 0 2788
1000 0 2788
1010 0 2788
1020 0 2788
1030 0 2788
1040 0 2788
1050 0 2788
1060 0 2788
1070 0 2788
1080 0 2788
1090 0 2788
1100 0 2788
1110 0 2788
1120 0 2788
1130 0 2788
1140 0 2788
1150 0 2788
1160 0 2788
1170 0 2788
1180 0 2788
1190 0 2788
1200 0 2788
1210 0 2788
1220 0 2788
1230 0 2788
1240 0 2788
1250 0 2788
1260 0 2788
1270 0 2788
1280 0 2788
1290 0 2788
1300 0 2788
1310 0 2788
1320 0 2788
1330 0 2788
1340 0 2788
1350 0 2788
1360 0 2788
1370 0 2788
1380 0 2788
1390 0 2788
1400 0 2788
1410 0 2788
1420 0 2788
1430 0 2788
1440 0 2788
1450 0 2788
1460 0 2788
1470 0 2788
1480 0 2788
1490 0 2788
1500 0 2788
1510 0 2788
1520 0 2788
1530 0 2788
1540 0 2788
1550 0 2788
1560 0 2788
1570 0 2788
1580 0 2788
1590 0 2788
1600 0 2788
1610 0 2788
1620 0 2788
1630 0 2788
1640 0 2788
1650 0 2788
1660 0 2788
1670 0 2788
1680 0 2788
1690 0 2788
1700 0 2788
1710 0 2788
1720 0 2788
1730 0 2788
1740 0 2788
1750 0 2788
1760 0 2788
1770 0 2788
1780 0 2788
1790 0 2788
1800 0 2788
1810 0 2788
1820 0 2788
1830 0 2788
1840 0 2788
1850 0 2788
1860 0 2788
1870 0 2788
1880 0 2788
1890 0 2788
1900 0 2788
1910 0 2788
1920 0 2788
1930 0 2788
1940 0 2788
1950 0 2788
1960 0 2788
1970 0 2788
1980 0 2788
1990 0 2788
2000 0 2788
2010 0 2788
2020 0 2788
2030 0 2788
2040 0 2788
2050 0 2788
2060 0 2788
2070 0 2788
2080 0 2788
2090 0 2788
2100 0 2788
2110 0 2788
2120 0 2788
2130 0 2788
2140 0 2788
2150 0 2788
2160 0 2788
2170 0 2788
2180 0 2788
2190 0 2788
2200 0 2788
2210 0 2788
2220 0 2788
2230 0 2788
2240 0 2788
2250 0 2788
2260 0 2788
2270 0 2788
2280 0 2788
2290 0 2788
2300 0 2788
2310 0 2788
2320 0 2788
2330 0 2788
2340 0 2788
2350 0 2788
2360 0 2788
2370 0 2788
2380 0 2788
2390 0 2788
2400 0 2788
2410 0 2788
2420 0 2788
2430 0 2788
2440 0 2788
2450 0 2788
2460 0 2788
2470 0 2788
2480 0 2788
2490 0 2788
2500 0 2788
2510 0 2788
2520 0 2788
2530 0 2788
2540 0 2788
2550 0 2788
2560 0 2788
2570 0 2788
2580 0 2788
2590 0 2788
2600 0 2788
2610 0 2788
2620 0 2788
2630 0 2788
2640 0 2788
2650 0 2788
2660 0 2788
2670 0 2788
2680 0 2788
2690 0 2788
2700 0 2788
2710 0 2788
2720 0 2788
2730 0 2788
2740 0 2788
2750 0 2788
2760 0 2788
2770 0 2788
2780 0 2788
2790 0 2788
2800 0 2788
2810 0 2788
2820 0 2788
2830 0 2788
2840 0 2788
2850 0 2788
2860 0 2788
2870 0 2788
2880 0 2788
2890 0 2788
2900 0 2788
2910 0 2788
2920 0 2788
2930 0 2788
2940 0 2788
2950 0 2788
2960 0 2788
2970 0 2788
2980 0 2788
2990 0 2788
3000 0 2788
3010 0 2788
3020 0 2788
3030 0 2788
3040 0 2788
3050 0 2788
3060 0 2788
3070 0 2788
3080 0 2788
3090 0 2788
3100 0 2788
3110 0 2788
3120 0 2788
3130 0 2788
3140 0 2788
3150 0 2788
3160 0 2788
3170 0 2788
3180 0 2788
3190 0 2788
3200 0 2788
3210 0 2788
3220 0 2788
3230 0 2788
3240 0 2788
3250 0 2788
3260 0 2788
3270 0 2788
3280 0 2788
3290 0 2788
3300 0 2788
3310 0 2788
3320 0 2788
3330 0 2788
3340 0 2788
3350 0 2788
3360 0 2788
3370 0 2788
3380 0 2788
3390 0 2788
3400 0 2788
3410 0 2788
3420 0 2788
3430 0 2788
3440 0 2788
3450 0 2788
3460 0 2788
3470 0 2788
3480 0 2788
3490 0 2788
3500 0 2788
3510 0 2788
3520 0 2788
3530 0 2788
3540 0 2788
3550 0 2788
3560 0 2788
3570 0 2788
3580 0 2788
3590 0 2788
3600 0 2788
3610 0 2788
3620 0 2788
3630 0 2788
3640 0 2788
3650 0 2788
3660 0 2788
3670 0 2788
3680 0 2788
3690 0 2788
3700 0 2788
3710 0 2788
3720 0 2788
3730 0 2788
3740 0 2788
3750 0 2788
3760 0 2788
3770 0 2788
3780 0 2788
3790 0 2788
3800 0 2788
3810 0 2788
3820 0 2788
3830 0 2788
3840 0 2788
3850 0 2788
3860 0 2788
3870 0 2788
3880 0 2788
3890 0 2788
3900 0 2788
3910 0 2788
3920 0 2788
3930 0 2788
3940 0 2788
3950 0 2788
3960 0 2788
3970 0 2788
3980 0 2788
3990 0 2788
4000 0 2788
4010 0 2788
4020 0 2788
4030 0 2788
4040 0 2788
4050 0 2788
4060 0 2788
4070 0 2788
4080 0 2788
4090 0 2788
4100 0 2788
4110 0 2788
4120 0 2788
4130 0 2788
4140 0 2788
4150 0 2788
4160 0 2788
4170 0 2788
4180 0 2788
4190 0 2788
4200 0 2788
4210 0 2788
4220 0 2788
4230 0 2788
4240 0 2788
4250 0 2788
4260 0 2788
4270 0 2788
4280 0 2788
4290 0 2788
4300 0 2788
4310 0 2788
4320 0 2788
4330 0 2788
4340 0 2788
4350 0 2788
4360 0 2788
4370 0 2788
4380 0 2788
4390 0 2788
4400 0 2788
4410 0 2788
4420 0 2788
4430 0 2788
4440 0 2788
4450 0 2788
4460 0 2788
4470 0 2788
4480 0 2788
4490 0 2788
4500 0 2788
4510 0 2788
4520 0 2788
4530 0 2788
4540 0 2788
4550 0 2788
4560 0 2788
4570 0 2788
4580 0 2788
4590 0 2788
4600 0 2788
4610 0 2788
4620 0 2788
4630 0 2788
4640 0 2788
4650 0 2788
4660 0 2788
4670 0 2788
4680 0 2788
4690 0 2788
4700 0 2788
4710 0 2788
4720 0 2788
4730 0 2788
4740 0 2788
4750 0 2788
4760 0 2788
4770 0 2788
4780 0 2788
4790 0 2788
4800 0 2788
4810 0 2788
4820 0 2788
4830 0 2788
4840 0 2788
4850 0 2788
4860 0 2788
4870 0 2788
4880 0 2788
4890 0 2788
4900 0 2788
4910 0 2788
4920 0 2788
4930 0 2788
4940 0 2788
4950 0 2788
4960 0 2788
4970 0 2788
4980 0 2788
4990 0 2788
5000 0 2788
5010 0 2788
5020 0 2788
5030 0 2788
5040 0 2788
5050 0 2788
5060 0 2788
5070 0 2788
5080 0 2788
5090 0 2788
5100 0 2788
5110 0 2788
5120 0 2788
5130 0 2788
5140 0 2788
5150 0 2788
5160 0 2788
5170 0 2788
5180 0 2788
5190 0 2788
5200 0 2788
5210 0 2788
5220 0 2788
5230 0 2788
5240 0 2788
5250 0 2788
5260 0 2788
5270 0 2788
5280 0 2788
5290 0 2788
5300 0 2788
5310 0 2788
5320 0 2788
5330 0 2788
5340 0 2788
5350 0 2788
5360 0 2788
5370 0 2788
5380 0 2788
5390 0 2788
5400 0 2788
5410 0 2788
5420 0 2788
5430 0 2788
5440 0 2788
5450 0 2788
5460 0 2788
5470 0 2788
5480 0 2788
5490 0 2788
5500 0 2788
5510 0 2788
5520 0 2788
5530 0 2788
5540 0 2788
5550 0 2788
5560 0 2788
5570 0 2788
5580 0 2788
5590 0 2788
5600 0 2788
5610 0 2788
5620 0 2788
5630 0 2788
5640 0 2788
5650 0 2788
5660 0 2788
5670 0 2788
5680 0 2788
5690 0 2788
5700 0 2788
5710 0 2788
5720 0 2788
5730 0 2788
5740 0 2788
5750 0 2788
5760 0 2788
5770 0 2788
5780 0 2788
5790 0 2788
5800 0 2788
5810 0 2788
5820 0 2788
5830 0 2788
5840 0 2788
5850 0 2788
5860 0 2788
5870 0 2788
5880 0 2788
5890 0 2788
5900 0 2788
5910 0 2788
5920 0 2788
5930 0 2788
5940 0 2788
5950 0 2788
5960 0 2788
5970 0 2788
5980 0 2788
5990 0 2788
6000 0 2788
6010 0 2788
6020 0 2788
6030 0 2788
6040 0 2788
6050 0 2788
6060 0 2788
6070 0 2788
6080 0 2788
6090 0 2788
6100 0 2788
6110 0 2788
6120 0 2788
6130 0 2788
6140 0 2788
6150 0 2788
6160 0 2788
6170 0 2788
6180 0 2788
6190 0 2788
6200 0 2788
6210 0 2788
6220 0 2788
6230 0 2788
6240 0 2788
6250 0 2788
6260 0 2788
6270 0 2788
6280 0 2788
6290 0 2788
6300 0 2788
6310 0 2788
6320 0 2788
6330 0 2788
6340 0 2788
6350 0 2788
6360 0 2788
6370 0 2788
6380 0 2788
6390 0 2788
6400 0 2788
6410 0 2788
6420 0 2788
6430 0 2788
6440 0 2788
6450 0 2788
6460 0 2788
6470 0 2788
6480 0 2788
6490 0 2788
6500 0 2788
6510 0 2788
6520 0 2788
6530 0 2788
6540 0 2788
6550 0 2788
6560 0 2788
6570 0 2788
6580 0 2788
6590 0 2788
6600 0 2788
6610 0 2788
6620 0 2788
6630 0 2788
6640 0 2788
6650 0 2788
6660 0 2788
6670 0 2788
6680 0 2788
6690 0 2788
6700 0 2788
6710 0 2788
6720 0 2788
6730 0 2788
6740 0 2788
6750 0 2788
6760 0 2788
6770 0 2788
6780 0 2788
6790 0 2788
6800 0 2788
6810 0 2788
6820 0 2788
6830 0 2788
6840 0 2788
6850 0 2788
6860 0 2788
6870 0 2788
6880 0 2788
6890 0 2788
6900 0 2788
6910 0 2788
6920 0 2788
6930 0 2788
6940 0 2788
6950 0 2788
6960 0 2788
6970 0 2788
6980 0 2788
6990 0 2788
7000 0 2788
7010 0 2788
7020 0 2788
7030 0 2788
7040 0 2788
7050 0 2788
7060 0 2788
7070 0 2788
7080 0 2788
7090 0 2788
7100 0 2788
7110 0 2788
7120 0 2788
7130 0 2788
7140 0 2788
7150 0 2788
7160 0 2788
7170 0 2788
7180 0 2788
7190 0 2788
7200 0 2788
7210 0 2788
7220 0 2788
7230 0 2788
7240 0 2788
7250 0 2788
7260 0 2788
7270 0 2788
7280 0 2788
7290 0 2788
7300 0 2788
7310 0 2788
7320 0 2788
7330 0 2788
7340 0 2788
7350 0 2788
7360 0 2788
7370 0 2788
7380 0 2788
7390 0 2788
7400 0 2788
7410 0 2788
7420 0 2788
7430 0 2788
7440 0 2788
7450 0 2788
7460 0 2788
7470 0 2788
7480 0 2788
7490 0 2788
7500 0 2788
7510 0 2788
7520 0 2788
7530 0 2788
7540 0 2788
7550 0 2788
7560 0 2788
7570 0 2788
7580 0 2788
7590 0 2788
7600 0 2788
7610 0 2788
7620 0 2788
7630 0 2788
7640 0 2788
7650 0 2788
7660 0 2788
7670 0 2788
7680 0 2788
7690 0 2788
7700 0 2788
7710 0 2788
7720 0 2788
7730 0 2788
7740 0 2788
7750 0 2788
7760 0 2788
7770 0 2788
7780 0 2788
7790 0 2788
7800 0 2788
7810 0 2788
7820 0 2788
7830 0 2788
7840 0 2788
7850 0 2788
7860 0 2788
7870 0 2788
7880 0 2788
