10 19 19
20 47 28
30 46 -1
40 64 18
50 59 -5
60 65 6
70 137 72
80 179 42
90 115 -64
100 82 -33
110 158 76
120 196 38
130 530 334
140 727 197
150 953 226
160 1001 48
170 866 -135
180 698 -168
190 481 -217
200 387 -94
210 338 -49
220 274 -64
230 225 -49
240 199 -26
250 188 -11
260 172 -16
270 158 -14
280 140 -18
290 104 -36
300 62 -42
310 33 -29
320 31 -2
330 29 -2
340 29 0
350 28 -1
360 28 0
370 28 0
380 28 0
390 28 0
400 28 0
410 28 0
420 28 0
430 28 0
440 28 0
450 28 0
460 28 0
470 28 0
480 28 0
490 28 0
500 28 0
510 28 0
520 28 0
530 28 0
540 28 0
550 28 0
560 28 0
570 28 0
580 28 0
590 28 0
600 28 0
610 28 0
620 28 0
630 28 0
640 28 0
650 28 0
660 28 0
670 28 0
680 28 0
690 28 0
700 28 0
710 28 0
720 28 0
730 28 0
740 28 0
750 28 0
760 28 0
770 28 0
780 27 -1
790 27 0
800 26 -1
810 26 0
820 26 0
830 26 0
840 26 0
850 26 0
860 26 0
870 26 0
880 26 0
890 26 0
900 26 0
910 26 0
920 26 0
930 26 0
940 26 0
950 26 0
960 26 0
970 26 0
980 26 0
990 26 0
1000 26 0
1010 26 0
1020 26 0
1030 26 0
1040 26 0
1050 26 0
1060 26 0
1070 26 0
1080 26 0
1090 26 0
1100 26 0
1110 26 0
1120 26 0
1130 26 0
1140 26 0
1150 26 0
1160 26 0
1170 26 0
1180 26 0
1190 26 0
1200 26 0
1210 26 0
1220 26 0
1230 26 0
1240 26 0
1250 26 0
1260 26 0
1270 26 0
1280 26 0
1290 26 0
1300 26 0
1310 26 0
1320 26 0
1330 26 0
1340 26 0
1350 26 0
1360 26 0
1370 26 0
1380 26 0
1390 26 0
1400 26 0
1410 26 0
1420 26 0
1430 26 0
1440 26 0
1450 26 0
1460 26 0
1470 26 0
1480 26 0
1490 26 0
1500 26 0
1510 26 0
1520 26 0
1530 26 0
1540 26 0
1550 26 0
1560 26 0
1570 26 0
1580 26 0
1590 26 0
1600 26 0
1610 26 0
1620 26 0
1630 26 0
1640 26 0
1650 26 0
1660 26 0
1670 26 0
1680 26 0
1690 26 0
1700 26 0
1710 26 0
1720 26 0
1730 26 0
1740 26 0
1750 26 0
1760 26 0
1770 26 0
1780 26 0
1790 26 0
1800 26 0
1810 26 0
1820 26 0
1830 26 0
1840 26 0
1850 26 0
1860 26 0
1870 26 0
1880 26 0
1890 26 0
1900 26 0
1910 26 0
1920 26 0
1930 26 0
1940 26 0
1950 26 0
1960 26 0
1970 26 0
1980 26 0
1990 26 0
2000 26 0
2010 26 0
2020 26 0
2030 26 0
2040 26 0
2050 26 0
2060 26 0
2070 26 0
2080 26 0
2090 26 0
2100 26 0
2110 26 0
2120 26 0
2130 26 0
2140 26 0
2150 26 0
2160 26 0
2170 26 0
2180 26 0
2190 26 0
2200 26 0
2210 26 0
2220 26 0
2230 26 0
2240 26 0
2250 26 0
2260 26 0
2270 26 0
2280 26 0
2290 26 0
2300 26 0
2310 26 0
2320 26 0
2330 26 0
2340 26 0
2350 26 0
2360 26 0
2370 26 0
2380 26 0
2390 26 0
2400 26 0
2410 26 0
2420 26 0
2430 26 0
2440 26 0
2450 26 0
2460 26 0
2470 26 0
2480 26 0
2490 26 0
2500 26 0
2510 26 0
2520 26 0
2530 26 0
2540 26 0
2550 26 0
2560 26 0
2570 26 0
2580 26 0
2590 26 0
2600 26 0
2610 26 0
2620 26 0
2630 26 0
2640 26 0
2650 26 0
2660 26 0
2670 26 0
2680 26 0
2690 26 0
2700 26 0
2710 26 0
2720 26 0
2730 26 0
2740 26 0
2750 26 0
2760 26 0
2770 26 0
2780 26 0
2790 26 0
2800 26 0
2810 26 0
2820 26 0
2830 26 0
2840 26 0
2850 26 0
2860 26 0
2870 26 0
2880 26 0
2890 26 0
2900 26 0
2910 26 0
2920 26 0
2930 26 0
2940 26 0
2950 26 0
2960 26 0
2970 26 0
2980 26 0
2990 26 0
3000 26 0
3010 26 0
3020 26 0
3030 26 0
3040 26 0
3050 26 0
3060 26 0
3070 26 0
3080 26 0
3090 26 0
3100 26 0
3110 26 0
3120 26 0
3130 26 0
3140 26 0
3150 26 0
3160 26 0
3170 26 0
3180 26 0
3190 26 0
3200 26 0
3210 26 0
3220 26 0
3230 26 0
3240 26 0
3250 26 0
3260 26 0
3270 26 0
3280 26 0
3290 26 0
3300 26 0
3310 26 0
3320 26 0
3330 26 0
3340 26 0
3350 26 0
3360 26 0
3370 26 0
3380 26 0
3390 26 0
3400 26 0
3410 26 0
3420 26 0
3430 26 0
3440 26 0
3450 26 0
3460 26 0
3470 26 0
3480 26 0
3490 26 0
3500 26 0
3510 26 0
3520 26 0
3530 26 0
3540 26 0
3550 26 0
3560 26 0
3570 26 0
3580 26 0
3590 26 0
3600 26 0
3610 26 0
3620 26 0
3630 26 0
3640 26 0
3650 26 0
3660 26 0
3670 26 0
3680 26 0
3690 26 0
3700 26 0
3710 26 0
3720 26 0
3730 26 0
3740 26 0
3750 26 0
3760 26 0
3770 26 0
3780 26 0
3790 26 0
3800 26 0
3810 26 0
3820 26 0
3830 26 0
3840 26 0
3850 26 0
3860 26 0
3870 26 0
3880 26 0
3890 26 0
3900 26 0
3910 26 0
3920 26 0
3930 26 0
3940 26 0
3950 26 0
3960 26 0
3970 26 0
3980 26 0
3990 26 0
4000 26 0
4010 26 0
4020 26 0
4030 26 0
4040 26 0
4050 26 0
4060 26 0
4070 26 0
4080 26 0
4090 26 0
4100 26 0
4110 26 0
4120 26 0
4130 26 0
4140 26 0
4150 26 0
4160 26 0
4170 26 0
4180 26 0
4190 26 0
4200 26 0
4210 26 0
4220 26 0
4230 26 0
4240 26 0
4250 26 0
4260 26 0
4270 26 0
4280 26 0
4290 26 0
4300 26 0
4310 26 0
4320 26 0
4330 26 0
4340 26 0
4350 26 0
4360 26 0
4370 26 0
4380 26 0
4390 26 0
4400 26 0
4410 26 0
4420 26 0
4430 26 0
4440 26 0
4450 26 0
4460 26 0
4470 26 0
4480 26 0
4490 26 0
4500 26 0
4510 26 0
4520 26 0
4530 26 0
4540 26 0
4550 26 0
4560 26 0
4570 26 0
4580 26 0
4590 26 0
4600 26 0
4610 26 0
4620 26 0
4630 26 0
4640 26 0
4650 26 0
4660 26 0
4670 26 0
4680 26 0
4690 26 0
4700 26 0
4710 26 0
4720 26 0
4730 26 0
4740 26 0
4750 26 0
4760 26 0
4770 26 0
4780 26 0
4790 26 0
4800 26 0
4810 26 0
4820 26 0
4830 26 0
4840 26 0
4850 26 0
4860 26 0
4870 26 0
4880 26 0
4890 26 0
4900 26 0
4910 26 0
4920 26 0
4930 26 0
4940 26 0
4950 26 0
4960 26 0
4970 26 0
4980 26 0
4990 26 0
5000 26 0
5010 26 0
5020 26 0
5030 26 0
5040 26 0
5050 26 0
5060 26 0
5070 26 0
5080 26 0
5090 26 0
5100 26 0
5110 26 0
5120 26 0
5130 26 0
5140 26 0
5150 26 0
5160 26 0
5170 26 0
5180 26 0
5190 26 0
5200 26 0
5210 26 0
5220 26 0
5230 26 0
5240 26 0
5250 26 0
5260 26 0
5270 26 0
5280 26 0
5290 26 0
5300 26 0
5310 26 0
5320 26 0
5330 26 0
5340 26 0
5350 26 0
5360 26 0
5370 26 0
5380 26 0
5390 26 0
5400 26 0
5410 26 0
5420 26 0
5430 26 0
5440 26 0
5450 26 0
5460 26 0
5470 26 0
5480 26 0
5490 26 0
5500 26 0
5510 26 0
5520 26 0
5530 26 0
5540 26 0
5550 26 0
5560 26 0
5570 26 0
5580 26 0
5590 26 0
5600 26 0
5610 26 0
5620 26 0
5630 26 0
5640 26 0
5650 26 0
5660 26 0
5670 26 0
5680 26 0
5690 26 0
5700 26 0
5710 26 0
5720 26 0
5730 26 0
5740 26 0
5750 26 0
5760 26 0
5770 26 0
5780 26 0
5790 26 0
5800 26 0
5810 26 0
5820 26 0
5830 26 0
5840 26 0
5850 26 0
5860 26 0
5870 26 0
5880 26 0
5890 26 0
5900 26 0
5910 26 0
5920 26 0
5930 26 0
5940 26 0
5950 26 0
5960 26 0
5970 26 0
5980 26 0
5990 26 0
6000 26 0
6010 26 0
6020 26 0
6030 26 0
6040 26 0
6050 26 0
6060 26 0
6070 26 0
6080 26 0
6090 26 0
6100 26 0
6110 26 0
6120 26 0
6130 26 0
6140 26 0
6150 26 0
6160 26 0
6170 26 0
6180 26 0
6190 26 0
6200 26 0
6210 26 0
6220 26 0
6230 26 0
6240 26 0
6250 26 0
6260 26 0
6270 26 0
6280 26 0
6290 26 0
6300 26 0
6310 26 0
6320 26 0
6330 26 0
6340 26 0
6350 26 0
6360 26 0
6370 26 0
6380 26 0
6390 26 0
6400 26 0
6410 26 0
6420 26 0
6430 26 0
6440 26 0
6450 26 0
6460 26 0
6470 26 0
6480 26 0
6490 26 0
6500 26 0
6510 26 0
6520 26 0
6530 26 0
6540 26 0
6550 26 0
6560 26 0
6570 26 0
6580 26 0
6590 26 0
6600 26 0
6610 26 0
6620 26 0
6630 26 0
6640 26 0
6650 26 0
6660 26 0
6670 26 0
6680 26 0
6690 26 0
6700 26 0
6710 26 0
6720 26 0
6730 26 0
6740 26 0
6750 26 0
6760 26 0
6770 26 0
6780 26 0
6790 26 0
6800 26 0
6810 26 0
6820 26 0
6830 26 0
6840 26 0
6850 26 0
6860 26 0
6870 26 0
6880 26 0
6890 26 0
6900 26 0
6910 26 0
6920 26 0
6930 26 0
6940 26 0
6950 26 0
6960 26 0
6970 26 0
6980 26 0
6990 26 0
7000 26 0
7010 26 0
7020 26 0
7030 26 0
7040 26 0
7050 26 0
7060 26 0
7070 26 0
7080 26 0
7090 26 0
7100 26 0
7110 26 0
7120 26 0
7130 26 0
7140 26 0
7150 26 0
7160 26 0
7170 26 0
7180 26 0
7190 26 0
7200 26 0
7210 26 0
7220 26 0
7230 26 0
7240 26 0
7250 26 0
7260 26 0
7270 26 0
7280 26 0
7290 26 0
7300 26 0
7310 26 0
7320 26 0
7330 26 0
7340 26 0
7350 26 0
7360 26 0
7370 26 0
7380 26 0
7390 26 0
7400 26 0
7410 26 0
7420 26 0
7430 26 0
7440 26 0
7450 26 0
7460 26 0
7470 26 0
7480 26 0
7490 26 0
7500 26 0
7510 26 0
7520 26 0
7530 26 0
7540 26 0
7550 26 0
7560 26 0
7570 26 0
7580 26 0
7590 26 0
7600 26 0
7610 26 0
7620 26 0
7630 26 0
7640 26 0
7650 26 0
7660 26 0
7670 26 0
7680 26 0
7690 26 0
7700 26 0
7710 26 0
7720 26 0
7730 26 0
7740 26 0
7750 26 0
7760 26 0
7770 26 0
7780 26 0
7790 26 0
7800 26 0
7810 26 0
7820 26 0
7830 26 0
7840 26 0
7850 26 0
7860 26 0
7870 26 0
7880 26 0
