10 1 337.3880615234375 336.5263336130038 1307.447998046875 42.55712890625 0 0
20 6.6 1883.1854174064863 2763.2504881505715 8940.303955078125 10.973876953125 337.3880615234375 10
30 11.1 2893.4332220404 3993.985068857381 10782.218017578125 10.973876953125 1679.7910284745062 76
40 11.2 1371.0146985735212 3251.8901212158835 13487.22412109375 10.973876953125 2400.188266366561 187
50 9.2 1315.3938598632806 3017.0917867367807 13487.22412109375 10.973876953125 2014.6784349524457 299
60 3.7 6203.367411845439 8750.442015035891 23769.083984375 10.973876953125 1850.1408878726422 391
70 17.5 3340.780597098215 6367.109014434488 30611.886962890625 10.973876953125 2226.471218216085 428
80 36.2 2726.8956811388575 7354.195023534792 38747.091064453125 10.973876953125 2549.8611706279803 603
90 18.2 2890.243930020175 9098.395079521895 41909.61083984375 10.973876953125 2616.2720440009725 965
100 10 3315.857651367187 8563.264729715076 42256.81884765625 10.973876953125 2659.744479271674 1147
110 43 4058.4227578806344 9984.615972904632 57378.7080078125 9.19189453125 2712.3598098326615 1247
120 42.8 1297.1078103323957 4028.5476410543424 57378.7080078125 9.19189453125 3057.504155485988 1677
130 114.4 937.9698125665857 2529.074356190619 57378.7080078125 4.2861328125 2699.5708368514333 2105
140 97 2285.471972152868 2963.893497329473 57378.7080078125 4.2861328125 2079.296422637255 3249
150 86.7 4238.307622537754 5826.0043215489495 65895.60205078125 4.2861328125 2126.6987177380242 4219
160 70.4 3444.8822555541974 6397.202043417997 65895.60205078125 4.2861328125 2486.6603615566178 5086
170 55.6 9111.18135784342 11267.775704524112 65895.60205078125 4.2861328125 2603.169552122127 5790
180 57.4 13776.874638042384 12820.818692211045 97059.94116210938 4.2861328125 3173.364094192886 6346
190 64.8 6999.732139304832 13380.339731407214 97059.94116210938 4.2861328125 4052.9038416162402 6920
200 18.8 4582.666039000167 13696.92702071612 97059.94116210938 4.2861328125 4305.2221208052215 7568
210 26 25977.19798396184 29349.637469369514 97059.94116210938 4.2861328125 4311.947166785192 7756
220 21.2 4888.5290596440145 16606.2443708896 97059.94116210938 4.2861328125 5014.662387901201 8016
230 11.5 8281.727689792797 21894.52478228121 97059.94116210938 4.2861328125 5011.412477158551 8228
240 6.3 22448.26979864211 39655.681187893875 141566.96997070313 4.2861328125 5056.490536544017 8343
250 4.4 27286.09822776101 42997.59549327665 141566.96997070313 4.2861328125 5186.835777266379 8406
260 5.5 34593.31325461647 48441.58032141841 141566.96997070313 4.2861328125 5301.908859848837 8450
270 7.3 48944.05202536386 57570.504045332076 141566.96997070313 4.2861328125 5491.330052290015 8505
280 9.3 48641.57500892558 57490.356308891176 142240.42700195313 4.2861328125 5861.118896313609 8578
290 16.3 34254.49560397096 54706.193649241904 148300.72998046875 4.2861328125 6319.956679553479 8671
300 12 6490.181717936206 27228.03639205258 148300.72998046875 4.2861328125 6835.389082166118 8834
310 4.2 50.51743861607143 151.32620822787962 148300.72998046875 4.2861328125 6830.762671209272 8954
320 0.4 298.22406005859375 444.3228314841406 148300.72998046875 4.2861328125 6799.10745780677 8996
330 0.2 29.627685546875 1.24853515625 148300.72998046875 4.2861328125 6796.218176296659 9000
340 0 0 0 148300.72998046875 4.2861328125 6794.7148235993145 9002
350 0.1 26.77294921875 0.0 148300.72998046875 4.2861328125 6794.7148235993145 9002
360 0 0 0 148300.72998046875 4.2861328125 6793.963080638704 9003
370 0 0 0 148300.72998046875 4.2861328125 6793.963080638704 9003
380 0 0 0 148300.72998046875 4.2861328125 6793.963080638704 9003
390 0 0 0 148300.72998046875 4.2861328125 6793.963080638704 9003
400 0 0 0 148300.72998046875 4.2861328125 6793.963080638704 9003
410 0 0 0 148300.72998046875 4.2861328125 6793.963080638704 9003
420 0 0 0 148300.72998046875 4.2861328125 6793.963080638704 9003
430 0 0 0 148300.72998046875 4.2861328125 6793.963080638704 9003
440 0 0 0 148300.72998046875 4.2861328125 6793.963080638704 9003
450 0 0 0 148300.72998046875 4.2861328125 6793.963080638704 9003
460 0 0 0 148300.72998046875 4.2861328125 6793.963080638704 9003
470 0 0 0 148300.72998046875 4.2861328125 6793.963080638704 9003
480 0 0 0 148300.72998046875 4.2861328125 6793.963080638704 9003
490 0 0 0 148300.72998046875 4.2861328125 6793.963080638704 9003
500 0 0 0 148300.72998046875 4.2861328125 6793.963080638704 9003
510 0 0 0 148300.72998046875 4.2861328125 6793.963080638704 9003
520 0 0 0 148300.72998046875 4.2861328125 6793.963080638704 9003
530 0 0 0 148300.72998046875 4.2861328125 6793.963080638704 9003
540 0 0 0 148300.72998046875 4.2861328125 6793.963080638704 9003
550 0 0 0 148300.72998046875 4.2861328125 6793.963080638704 9003
560 0 0 0 148300.72998046875 4.2861328125 6793.963080638704 9003
570 0 0 0 148300.72998046875 4.2861328125 6793.963080638704 9003
580 0 0 0 148300.72998046875 4.2861328125 6793.963080638704 9003
590 0 0 0 148300.72998046875 4.2861328125 6793.963080638704 9003
600 0 0 0 148300.72998046875 4.2861328125 6793.963080638704 9003
610 0 0 0 148300.72998046875 4.2861328125 6793.963080638704 9003
620 0 0 0 148300.72998046875 4.2861328125 6793.963080638704 9003
630 0 0 0 148300.72998046875 4.2861328125 6793.963080638704 9003
640 0 0 0 148300.72998046875 4.2861328125 6793.963080638704 9003
650 0 0 0 148300.72998046875 4.2861328125 6793.963080638704 9003
660 0 0 0 148300.72998046875 4.2861328125 6793.963080638704 9003
670 0 0 0 148300.72998046875 4.2861328125 6793.963080638704 9003
680 0 0 0 148300.72998046875 4.2861328125 6793.963080638704 9003
690 0 0 0 148300.72998046875 4.2861328125 6793.963080638704 9003
700 0 0 0 148300.72998046875 4.2861328125 6793.963080638704 9003
710 0 0 0 148300.72998046875 4.2861328125 6793.963080638704 9003
720 0 0 0 148300.72998046875 4.2861328125 6793.963080638704 9003
730 0 0 0 148300.72998046875 4.2861328125 6793.963080638704 9003
740 0 0 0 148300.72998046875 4.2861328125 6793.963080638704 9003
750 0 0 0 148300.72998046875 4.2861328125 6793.963080638704 9003
760 0 0 0 148300.72998046875 4.2861328125 6793.963080638704 9003
770 0 0 0 148300.72998046875 4.2861328125 6793.963080638704 9003
780 0 0 0 148300.72998046875 4.2861328125 6793.963080638704 9003
790 0 0 0 148300.72998046875 4.2861328125 6793.963080638704 9003
800 0 0 0 148300.72998046875 4.2861328125 6793.963080638704 9003
810 0 0 0 148300.72998046875 4.2861328125 6793.963080638704 9003
820 0 0 0 148300.72998046875 4.2861328125 6793.963080638704 9003
830 0 0 0 148300.72998046875 4.2861328125 6793.963080638704 9003
840 0 0 0 148300.72998046875 4.2861328125 6793.963080638704 9003
850 0 0 0 148300.72998046875 4.2861328125 6793.963080638704 9003
860 0 0 0 148300.72998046875 4.2861328125 6793.963080638704 9003
870 0 0 0 148300.72998046875 4.2861328125 6793.963080638704 9003
880 0 0 0 148300.72998046875 4.2861328125 6793.963080638704 9003
890 0 0 0 148300.72998046875 4.2861328125 6793.963080638704 9003
900 0 0 0 148300.72998046875 4.2861328125 6793.963080638704 9003
910 0 0 0 148300.72998046875 4.2861328125 6793.963080638704 9003
920 0 0 0 148300.72998046875 4.2861328125 6793.963080638704 9003
930 0 0 0 148300.72998046875 4.2861328125 6793.963080638704 9003
940 0 0 0 148300.72998046875 4.2861328125 6793.963080638704 9003
950 0 0 0 148300.72998046875 4.2861328125 6793.963080638704 9003
960 0 0 0 148300.72998046875 4.2861328125 6793.963080638704 9003
970 0 0 0 148300.72998046875 4.2861328125 6793.963080638704 9003
980 0 0 0 148300.72998046875 4.2861328125 6793.963080638704 9003
990 0 0 0 148300.72998046875 4.2861328125 6793.963080638704 9003
1000 0 0 0 148300.72998046875 4.2861328125 6793.963080638704 9003
1010 0 0 0 148300.72998046875 4.2861328125 6793.963080638704 9003
1020 0 0 0 148300.72998046875 4.2861328125 6793.963080638704 9003
1030 0 0 0 148300.72998046875 4.2861328125 6793.963080638704 9003
1040 0 0 0 148300.72998046875 4.2861328125 6793.963080638704 9003
1050 0 0 0 148300.72998046875 4.2861328125 6793.963080638704 9003
1060 0 0 0 148300.72998046875 4.2861328125 6793.963080638704 9003
1070 0 0 0 148300.72998046875 4.2861328125 6793.963080638704 9003
1080 0 0 0 148300.72998046875 4.2861328125 6793.963080638704 9003
1090 0 0 0 148300.72998046875 4.2861328125 6793.963080638704 9003
1100 0 0 0 148300.72998046875 4.2861328125 6793.963080638704 9003
1110 0 0 0 148300.72998046875 4.2861328125 6793.963080638704 9003
1120 0 0 0 148300.72998046875 4.2861328125 6793.963080638704 9003
1130 0 0 0 148300.72998046875 4.2861328125 6793.963080638704 9003
1140 0 0 0 148300.72998046875 4.2861328125 6793.963080638704 9003
1150 0 0 0 148300.72998046875 4.2861328125 6793.963080638704 9003
1160 0 0 0 148300.72998046875 4.2861328125 6793.963080638704 9003
1170 0 0 0 148300.72998046875 4.2861328125 6793.963080638704 9003
1180 0 0 0 148300.72998046875 4.2861328125 6793.963080638704 9003
1190 0 0 0 148300.72998046875 4.2861328125 6793.963080638704 9003
1200 0 0 0 148300.72998046875 4.2861328125 6793.963080638704 9003
1210 0 0 0 148300.72998046875 4.2861328125 6793.963080638704 9003
1220 0 0 0 148300.72998046875 4.2861328125 6793.963080638704 9003
1230 0 0 0 148300.72998046875 4.2861328125 6793.963080638704 9003
1240 0 0 0 148300.72998046875 4.2861328125 6793.963080638704 9003
1250 0 0 0 148300.72998046875 4.2861328125 6793.963080638704 9003
1260 0 0 0 148300.72998046875 4.2861328125 6793.963080638704 9003
1270 0 0 0 148300.72998046875 4.2861328125 6793.963080638704 9003
1280 0 0 0 148300.72998046875 4.2861328125 6793.963080638704 9003
1290 0 0 0 148300.72998046875 4.2861328125 6793.963080638704 9003
1300 0 0 0 148300.72998046875 4.2861328125 6793.963080638704 9003
1310 0 0 0 148300.72998046875 4.2861328125 6793.963080638704 9003
1320 0 0 0 148300.72998046875 4.2861328125 6793.963080638704 9003
1330 0 0 0 148300.72998046875 4.2861328125 6793.963080638704 9003
1340 0 0 0 148300.72998046875 4.2861328125 6793.963080638704 9003
1350 0 0 0 148300.72998046875 4.2861328125 6793.963080638704 9003
1360 0 0 0 148300.72998046875 4.2861328125 6793.963080638704 9003
1370 0 0 0 148300.72998046875 4.2861328125 6793.963080638704 9003
1380 0 0 0 148300.72998046875 4.2861328125 6793.963080638704 9003
1390 0 0 0 148300.72998046875 4.2861328125 6793.963080638704 9003
1400 0 0 0 148300.72998046875 4.2861328125 6793.963080638704 9003
1410 0 0 0 148300.72998046875 4.2861328125 6793.963080638704 9003
1420 0 0 0 148300.72998046875 4.2861328125 6793.963080638704 9003
1430 0 0 0 148300.72998046875 4.2861328125 6793.963080638704 9003
1440 0 0 0 148300.72998046875 4.2861328125 6793.963080638704 9003
1450 0 0 0 148300.72998046875 4.2861328125 6793.963080638704 9003
1460 0 0 0 148300.72998046875 4.2861328125 6793.963080638704 9003
1470 0 0 0 148300.72998046875 4.2861328125 6793.963080638704 9003
1480 0 0 0 148300.72998046875 4.2861328125 6793.963080638704 9003
1490 0 0 0 148300.72998046875 4.2861328125 6793.963080638704 9003
1500 0 0 0 148300.72998046875 4.2861328125 6793.963080638704 9003
1510 0 0 0 148300.72998046875 4.2861328125 6793.963080638704 9003
1520 0 0 0 148300.72998046875 4.2861328125 6793.963080638704 9003
1530 0 0 0 148300.72998046875 4.2861328125 6793.963080638704 9003
1540 0 0 0 148300.72998046875 4.2861328125 6793.963080638704 9003
1550 0 0 0 148300.72998046875 4.2861328125 6793.963080638704 9003
1560 0 0 0 148300.72998046875 4.2861328125 6793.963080638704 9003
1570 0 0 0 148300.72998046875 4.2861328125 6793.963080638704 9003
1580 0 0 0 148300.72998046875 4.2861328125 6793.963080638704 9003
1590 0 0 0 148300.72998046875 4.2861328125 6793.963080638704 9003
1600 0 0 0 148300.72998046875 4.2861328125 6793.963080638704 9003
1610 0 0 0 148300.72998046875 4.2861328125 6793.963080638704 9003
1620 0 0 0 148300.72998046875 4.2861328125 6793.963080638704 9003
1630 0 0 0 148300.72998046875 4.2861328125 6793.963080638704 9003
1640 0 0 0 148300.72998046875 4.2861328125 6793.963080638704 9003
1650 0 0 0 148300.72998046875 4.2861328125 6793.963080638704 9003
1660 0 0 0 148300.72998046875 4.2861328125 6793.963080638704 9003
1670 0 0 0 148300.72998046875 4.2861328125 6793.963080638704 9003
1680 0 0 0 148300.72998046875 4.2861328125 6793.963080638704 9003
1690 0 0 0 148300.72998046875 4.2861328125 6793.963080638704 9003
1700 0 0 0 148300.72998046875 4.2861328125 6793.963080638704 9003
1710 0 0 0 148300.72998046875 4.2861328125 6793.963080638704 9003
1720 0 0 0 148300.72998046875 4.2861328125 6793.963080638704 9003
1730 0 0 0 148300.72998046875 4.2861328125 6793.963080638704 9003
1740 0 0 0 148300.72998046875 4.2861328125 6793.963080638704 9003
1750 0 0 0 148300.72998046875 4.2861328125 6793.963080638704 9003
1760 0 0 0 148300.72998046875 4.2861328125 6793.963080638704 9003
1770 0 0 0 148300.72998046875 4.2861328125 6793.963080638704 9003
1780 0 0 0 148300.72998046875 4.2861328125 6793.963080638704 9003
1790 0 0 0 148300.72998046875 4.2861328125 6793.963080638704 9003
1800 0 0 0 148300.72998046875 4.2861328125 6793.963080638704 9003
1810 0 0 0 148300.72998046875 4.2861328125 6793.963080638704 9003
1820 0 0 0 148300.72998046875 4.2861328125 6793.963080638704 9003
1830 0 0 0 148300.72998046875 4.2861328125 6793.963080638704 9003
1840 0 0 0 148300.72998046875 4.2861328125 6793.963080638704 9003
1850 0 0 0 148300.72998046875 4.2861328125 6793.963080638704 9003
1860 0 0 0 148300.72998046875 4.2861328125 6793.963080638704 9003
1870 0 0 0 148300.72998046875 4.2861328125 6793.963080638704 9003
1880 0 0 0 148300.72998046875 4.2861328125 6793.963080638704 9003
1890 0 0 0 148300.72998046875 4.2861328125 6793.963080638704 9003
1900 0 0 0 148300.72998046875 4.2861328125 6793.963080638704 9003
1910 0 0 0 148300.72998046875 4.2861328125 6793.963080638704 9003
1920 0 0 0 148300.72998046875 4.2861328125 6793.963080638704 9003
1930 0 0 0 148300.72998046875 4.2861328125 6793.963080638704 9003
1940 0 0 0 148300.72998046875 4.2861328125 6793.963080638704 9003
1950 0 0 0 148300.72998046875 4.2861328125 6793.963080638704 9003
1960 0 0 0 148300.72998046875 4.2861328125 6793.963080638704 9003
1970 0 0 0 148300.72998046875 4.2861328125 6793.963080638704 9003
1980 0 0 0 148300.72998046875 4.2861328125 6793.963080638704 9003
1990 0 0 0 148300.72998046875 4.2861328125 6793.963080638704 9003
2000 0 0 0 148300.72998046875 4.2861328125 6793.963080638704 9003
2010 0 0 0 148300.72998046875 4.2861328125 6793.963080638704 9003
2020 0 0 0 148300.72998046875 4.2861328125 6793.963080638704 9003
2030 0 0 0 148300.72998046875 4.2861328125 6793.963080638704 9003
2040 0 0 0 148300.72998046875 4.2861328125 6793.963080638704 9003
2050 0 0 0 148300.72998046875 4.2861328125 6793.963080638704 9003
2060 0 0 0 148300.72998046875 4.2861328125 6793.963080638704 9003
2070 0 0 0 148300.72998046875 4.2861328125 6793.963080638704 9003
2080 0 0 0 148300.72998046875 4.2861328125 6793.963080638704 9003
2090 0 0 0 148300.72998046875 4.2861328125 6793.963080638704 9003
2100 0 0 0 148300.72998046875 4.2861328125 6793.963080638704 9003
2110 0 0 0 148300.72998046875 4.2861328125 6793.963080638704 9003
2120 0 0 0 148300.72998046875 4.2861328125 6793.963080638704 9003
2130 0 0 0 148300.72998046875 4.2861328125 6793.963080638704 9003
2140 0 0 0 148300.72998046875 4.2861328125 6793.963080638704 9003
2150 0 0 0 148300.72998046875 4.2861328125 6793.963080638704 9003
2160 0 0 0 148300.72998046875 4.2861328125 6793.963080638704 9003
2170 0 0 0 148300.72998046875 4.2861328125 6793.963080638704 9003
2180 0 0 0 148300.72998046875 4.2861328125 6793.963080638704 9003
2190 0 0 0 148300.72998046875 4.2861328125 6793.963080638704 9003
2200 0 0 0 148300.72998046875 4.2861328125 6793.963080638704 9003
2210 0 0 0 148300.72998046875 4.2861328125 6793.963080638704 9003
2220 0 0 0 148300.72998046875 4.2861328125 6793.963080638704 9003
2230 0 0 0 148300.72998046875 4.2861328125 6793.963080638704 9003
2240 0 0 0 148300.72998046875 4.2861328125 6793.963080638704 9003
2250 0 0 0 148300.72998046875 4.2861328125 6793.963080638704 9003
2260 0 0 0 148300.72998046875 4.2861328125 6793.963080638704 9003
2270 0 0 0 148300.72998046875 4.2861328125 6793.963080638704 9003
2280 0 0 0 148300.72998046875 4.2861328125 6793.963080638704 9003
2290 0 0 0 148300.72998046875 4.2861328125 6793.963080638704 9003
2300 0 0 0 148300.72998046875 4.2861328125 6793.963080638704 9003
2310 0 0 0 148300.72998046875 4.2861328125 6793.963080638704 9003
2320 0 0 0 148300.72998046875 4.2861328125 6793.963080638704 9003
2330 0 0 0 148300.72998046875 4.2861328125 6793.963080638704 9003
2340 0 0 0 148300.72998046875 4.2861328125 6793.963080638704 9003
2350 0 0 0 148300.72998046875 4.2861328125 6793.963080638704 9003
2360 0 0 0 148300.72998046875 4.2861328125 6793.963080638704 9003
2370 0 0 0 148300.72998046875 4.2861328125 6793.963080638704 9003
2380 0 0 0 148300.72998046875 4.2861328125 6793.963080638704 9003
2390 0 0 0 148300.72998046875 4.2861328125 6793.963080638704 9003
2400 0 0 0 148300.72998046875 4.2861328125 6793.963080638704 9003
2410 0 0 0 148300.72998046875 4.2861328125 6793.963080638704 9003
2420 0 0 0 148300.72998046875 4.2861328125 6793.963080638704 9003
2430 0 0 0 148300.72998046875 4.2861328125 6793.963080638704 9003
2440 0 0 0 148300.72998046875 4.2861328125 6793.963080638704 9003
2450 0 0 0 148300.72998046875 4.2861328125 6793.963080638704 9003
2460 0 0 0 148300.72998046875 4.2861328125 6793.963080638704 9003
2470 0 0 0 148300.72998046875 4.2861328125 6793.963080638704 9003
2480 0 0 0 148300.72998046875 4.2861328125 6793.963080638704 9003
2490 0 0 0 148300.72998046875 4.2861328125 6793.963080638704 9003
2500 0 0 0 148300.72998046875 4.2861328125 6793.963080638704 9003
2510 0 0 0 148300.72998046875 4.2861328125 6793.963080638704 9003
2520 0 0 0 148300.72998046875 4.2861328125 6793.963080638704 9003
2530 0 0 0 148300.72998046875 4.2861328125 6793.963080638704 9003
2540 0 0 0 148300.72998046875 4.2861328125 6793.963080638704 9003
2550 0 0 0 148300.72998046875 4.2861328125 6793.963080638704 9003
2560 0 0 0 148300.72998046875 4.2861328125 6793.963080638704 9003
2570 0 0 0 148300.72998046875 4.2861328125 6793.963080638704 9003
2580 0 0 0 148300.72998046875 4.2861328125 6793.963080638704 9003
2590 0 0 0 148300.72998046875 4.2861328125 6793.963080638704 9003
2600 0 0 0 148300.72998046875 4.2861328125 6793.963080638704 9003
2610 0 0 0 148300.72998046875 4.2861328125 6793.963080638704 9003
2620 0 0 0 148300.72998046875 4.2861328125 6793.963080638704 9003
2630 0 0 0 148300.72998046875 4.2861328125 6793.963080638704 9003
2640 0 0 0 148300.72998046875 4.2861328125 6793.963080638704 9003
2650 0 0 0 148300.72998046875 4.2861328125 6793.963080638704 9003
2660 0 0 0 148300.72998046875 4.2861328125 6793.963080638704 9003
2670 0 0 0 148300.72998046875 4.2861328125 6793.963080638704 9003
2680 0 0 0 148300.72998046875 4.2861328125 6793.963080638704 9003
2690 0 0 0 148300.72998046875 4.2861328125 6793.963080638704 9003
2700 0 0 0 148300.72998046875 4.2861328125 6793.963080638704 9003
2710 0 0 0 148300.72998046875 4.2861328125 6793.963080638704 9003
2720 0 0 0 148300.72998046875 4.2861328125 6793.963080638704 9003
2730 0 0 0 148300.72998046875 4.2861328125 6793.963080638704 9003
2740 0 0 0 148300.72998046875 4.2861328125 6793.963080638704 9003
2750 0 0 0 148300.72998046875 4.2861328125 6793.963080638704 9003
2760 0 0 0 148300.72998046875 4.2861328125 6793.963080638704 9003
2770 0 0 0 148300.72998046875 4.2861328125 6793.963080638704 9003
2780 0 0 0 148300.72998046875 4.2861328125 6793.963080638704 9003
2790 0 0 0 148300.72998046875 4.2861328125 6793.963080638704 9003
2800 0 0 0 148300.72998046875 4.2861328125 6793.963080638704 9003
2810 0 0 0 148300.72998046875 4.2861328125 6793.963080638704 9003
2820 0 0 0 148300.72998046875 4.2861328125 6793.963080638704 9003
2830 0 0 0 148300.72998046875 4.2861328125 6793.963080638704 9003
2840 0 0 0 148300.72998046875 4.2861328125 6793.963080638704 9003
2850 0 0 0 148300.72998046875 4.2861328125 6793.963080638704 9003
2860 0 0 0 148300.72998046875 4.2861328125 6793.963080638704 9003
2870 0 0 0 148300.72998046875 4.2861328125 6793.963080638704 9003
2880 0 0 0 148300.72998046875 4.2861328125 6793.963080638704 9003
2890 0 0 0 148300.72998046875 4.2861328125 6793.963080638704 9003
2900 0 0 0 148300.72998046875 4.2861328125 6793.963080638704 9003
2910 0 0 0 148300.72998046875 4.2861328125 6793.963080638704 9003
2920 0 0 0 148300.72998046875 4.2861328125 6793.963080638704 9003
2930 0 0 0 148300.72998046875 4.2861328125 6793.963080638704 9003
2940 0 0 0 148300.72998046875 4.2861328125 6793.963080638704 9003
2950 0 0 0 148300.72998046875 4.2861328125 6793.963080638704 9003
2960 0 0 0 148300.72998046875 4.2861328125 6793.963080638704 9003
2970 0 0 0 148300.72998046875 4.2861328125 6793.963080638704 9003
2980 0 0 0 148300.72998046875 4.2861328125 6793.963080638704 9003
2990 0 0 0 148300.72998046875 4.2861328125 6793.963080638704 9003
3000 0 0 0 148300.72998046875 4.2861328125 6793.963080638704 9003
3010 0 0 0 148300.72998046875 4.2861328125 6793.963080638704 9003
3020 0 0 0 148300.72998046875 4.2861328125 6793.963080638704 9003
3030 0 0 0 148300.72998046875 4.2861328125 6793.963080638704 9003
3040 0 0 0 148300.72998046875 4.2861328125 6793.963080638704 9003
3050 0 0 0 148300.72998046875 4.2861328125 6793.963080638704 9003
3060 0 0 0 148300.72998046875 4.2861328125 6793.963080638704 9003
3070 0 0 0 148300.72998046875 4.2861328125 6793.963080638704 9003
3080 0 0 0 148300.72998046875 4.2861328125 6793.963080638704 9003
3090 0 0 0 148300.72998046875 4.2861328125 6793.963080638704 9003
3100 0 0 0 148300.72998046875 4.2861328125 6793.963080638704 9003
3110 0 0 0 148300.72998046875 4.2861328125 6793.963080638704 9003
3120 0 0 0 148300.72998046875 4.2861328125 6793.963080638704 9003
3130 0 0 0 148300.72998046875 4.2861328125 6793.963080638704 9003
3140 0 0 0 148300.72998046875 4.2861328125 6793.963080638704 9003
3150 0 0 0 148300.72998046875 4.2861328125 6793.963080638704 9003
3160 0 0 0 148300.72998046875 4.2861328125 6793.963080638704 9003
3170 0 0 0 148300.72998046875 4.2861328125 6793.963080638704 9003
3180 0 0 0 148300.72998046875 4.2861328125 6793.963080638704 9003
3190 0 0 0 148300.72998046875 4.2861328125 6793.963080638704 9003
3200 0 0 0 148300.72998046875 4.2861328125 6793.963080638704 9003
3210 0 0 0 148300.72998046875 4.2861328125 6793.963080638704 9003
3220 0 0 0 148300.72998046875 4.2861328125 6793.963080638704 9003
3230 0 0 0 148300.72998046875 4.2861328125 6793.963080638704 9003
3240 0 0 0 148300.72998046875 4.2861328125 6793.963080638704 9003
3250 0 0 0 148300.72998046875 4.2861328125 6793.963080638704 9003
3260 0 0 0 148300.72998046875 4.2861328125 6793.963080638704 9003
3270 0 0 0 148300.72998046875 4.2861328125 6793.963080638704 9003
3280 0 0 0 148300.72998046875 4.2861328125 6793.963080638704 9003
3290 0 0 0 148300.72998046875 4.2861328125 6793.963080638704 9003
3300 0 0 0 148300.72998046875 4.2861328125 6793.963080638704 9003
3310 0 0 0 148300.72998046875 4.2861328125 6793.963080638704 9003
3320 0 0 0 148300.72998046875 4.2861328125 6793.963080638704 9003
3330 0 0 0 148300.72998046875 4.2861328125 6793.963080638704 9003
3340 0 0 0 148300.72998046875 4.2861328125 6793.963080638704 9003
3350 0 0 0 148300.72998046875 4.2861328125 6793.963080638704 9003
3360 0 0 0 148300.72998046875 4.2861328125 6793.963080638704 9003
3370 0 0 0 148300.72998046875 4.2861328125 6793.963080638704 9003
3380 0 0 0 148300.72998046875 4.2861328125 6793.963080638704 9003
3390 0 0 0 148300.72998046875 4.2861328125 6793.963080638704 9003
3400 0 0 0 148300.72998046875 4.2861328125 6793.963080638704 9003
3410 0 0 0 148300.72998046875 4.2861328125 6793.963080638704 9003
3420 0 0 0 148300.72998046875 4.2861328125 6793.963080638704 9003
3430 0 0 0 148300.72998046875 4.2861328125 6793.963080638704 9003
3440 0 0 0 148300.72998046875 4.2861328125 6793.963080638704 9003
3450 0 0 0 148300.72998046875 4.2861328125 6793.963080638704 9003
3460 0 0 0 148300.72998046875 4.2861328125 6793.963080638704 9003
3470 0 0 0 148300.72998046875 4.2861328125 6793.963080638704 9003
3480 0 0 0 148300.72998046875 4.2861328125 6793.963080638704 9003
3490 0 0 0 148300.72998046875 4.2861328125 6793.963080638704 9003
3500 0 0 0 148300.72998046875 4.2861328125 6793.963080638704 9003
3510 0 0 0 148300.72998046875 4.2861328125 6793.963080638704 9003
3520 0 0 0 148300.72998046875 4.2861328125 6793.963080638704 9003
3530 0 0 0 148300.72998046875 4.2861328125 6793.963080638704 9003
3540 0 0 0 148300.72998046875 4.2861328125 6793.963080638704 9003
3550 0 0 0 148300.72998046875 4.2861328125 6793.963080638704 9003
3560 0 0 0 148300.72998046875 4.2861328125 6793.963080638704 9003
3570 0 0 0 148300.72998046875 4.2861328125 6793.963080638704 9003
3580 0 0 0 148300.72998046875 4.2861328125 6793.963080638704 9003
3590 0 0 0 148300.72998046875 4.2861328125 6793.963080638704 9003
3600 0 0 0 148300.72998046875 4.2861328125 6793.963080638704 9003
3610 0 0 0 148300.72998046875 4.2861328125 6793.963080638704 9003
3620 0 0 0 148300.72998046875 4.2861328125 6793.963080638704 9003
3630 0 0 0 148300.72998046875 4.2861328125 6793.963080638704 9003
3640 0 0 0 148300.72998046875 4.2861328125 6793.963080638704 9003
3650 0 0 0 148300.72998046875 4.2861328125 6793.963080638704 9003
3660 0 0 0 148300.72998046875 4.2861328125 6793.963080638704 9003
3670 0 0 0 148300.72998046875 4.2861328125 6793.963080638704 9003
3680 0 0 0 148300.72998046875 4.2861328125 6793.963080638704 9003
3690 0 0 0 148300.72998046875 4.2861328125 6793.963080638704 9003
3700 0 0 0 148300.72998046875 4.2861328125 6793.963080638704 9003
3710 0 0 0 148300.72998046875 4.2861328125 6793.963080638704 9003
3720 0 0 0 148300.72998046875 4.2861328125 6793.963080638704 9003
3730 0 0 0 148300.72998046875 4.2861328125 6793.963080638704 9003
3740 0 0 0 148300.72998046875 4.2861328125 6793.963080638704 9003
3750 0 0 0 148300.72998046875 4.2861328125 6793.963080638704 9003
3760 0 0 0 148300.72998046875 4.2861328125 6793.963080638704 9003
3770 0 0 0 148300.72998046875 4.2861328125 6793.963080638704 9003
3780 0 0 0 148300.72998046875 4.2861328125 6793.963080638704 9003
3790 0 0 0 148300.72998046875 4.2861328125 6793.963080638704 9003
3800 0 0 0 148300.72998046875 4.2861328125 6793.963080638704 9003
3810 0 0 0 148300.72998046875 4.2861328125 6793.963080638704 9003
3820 0 0 0 148300.72998046875 4.2861328125 6793.963080638704 9003
3830 0 0 0 148300.72998046875 4.2861328125 6793.963080638704 9003
3840 0 0 0 148300.72998046875 4.2861328125 6793.963080638704 9003
3850 0 0 0 148300.72998046875 4.2861328125 6793.963080638704 9003
3860 0 0 0 148300.72998046875 4.2861328125 6793.963080638704 9003
3870 0 0 0 148300.72998046875 4.2861328125 6793.963080638704 9003
3880 0 0 0 148300.72998046875 4.2861328125 6793.963080638704 9003
3890 0 0 0 148300.72998046875 4.2861328125 6793.963080638704 9003
3900 0 0 0 148300.72998046875 4.2861328125 6793.963080638704 9003
3910 0 0 0 148300.72998046875 4.2861328125 6793.963080638704 9003
3920 0 0 0 148300.72998046875 4.2861328125 6793.963080638704 9003
3930 0 0 0 148300.72998046875 4.2861328125 6793.963080638704 9003
3940 0 0 0 148300.72998046875 4.2861328125 6793.963080638704 9003
3950 0 0 0 148300.72998046875 4.2861328125 6793.963080638704 9003
3960 0 0 0 148300.72998046875 4.2861328125 6793.963080638704 9003
3970 0 0 0 148300.72998046875 4.2861328125 6793.963080638704 9003
3980 0 0 0 148300.72998046875 4.2861328125 6793.963080638704 9003
3990 0 0 0 148300.72998046875 4.2861328125 6793.963080638704 9003
4000 0 0 0 148300.72998046875 4.2861328125 6793.963080638704 9003
4010 0 0 0 148300.72998046875 4.2861328125 6793.963080638704 9003
4020 0 0 0 148300.72998046875 4.2861328125 6793.963080638704 9003
4030 0 0 0 148300.72998046875 4.2861328125 6793.963080638704 9003
4040 0 0 0 148300.72998046875 4.2861328125 6793.963080638704 9003
4050 0 0 0 148300.72998046875 4.2861328125 6793.963080638704 9003
4060 0 0 0 148300.72998046875 4.2861328125 6793.963080638704 9003
4070 0 0 0 148300.72998046875 4.2861328125 6793.963080638704 9003
4080 0 0 0 148300.72998046875 4.2861328125 6793.963080638704 9003
4090 0 0 0 148300.72998046875 4.2861328125 6793.963080638704 9003
4100 0 0 0 148300.72998046875 4.2861328125 6793.963080638704 9003
4110 0 0 0 148300.72998046875 4.2861328125 6793.963080638704 9003
4120 0 0 0 148300.72998046875 4.2861328125 6793.963080638704 9003
4130 0 0 0 148300.72998046875 4.2861328125 6793.963080638704 9003
4140 0 0 0 148300.72998046875 4.2861328125 6793.963080638704 9003
4150 0 0 0 148300.72998046875 4.2861328125 6793.963080638704 9003
4160 0 0 0 148300.72998046875 4.2861328125 6793.963080638704 9003
4170 0 0 0 148300.72998046875 4.2861328125 6793.963080638704 9003
4180 0 0 0 148300.72998046875 4.2861328125 6793.963080638704 9003
4190 0 0 0 148300.72998046875 4.2861328125 6793.963080638704 9003
4200 0 0 0 148300.72998046875 4.2861328125 6793.963080638704 9003
4210 0 0 0 148300.72998046875 4.2861328125 6793.963080638704 9003
4220 0 0 0 148300.72998046875 4.2861328125 6793.963080638704 9003
4230 0 0 0 148300.72998046875 4.2861328125 6793.963080638704 9003
4240 0 0 0 148300.72998046875 4.2861328125 6793.963080638704 9003
4250 0 0 0 148300.72998046875 4.2861328125 6793.963080638704 9003
4260 0 0 0 148300.72998046875 4.2861328125 6793.963080638704 9003
4270 0 0 0 148300.72998046875 4.2861328125 6793.963080638704 9003
4280 0 0 0 148300.72998046875 4.2861328125 6793.963080638704 9003
4290 0 0 0 148300.72998046875 4.2861328125 6793.963080638704 9003
4300 0 0 0 148300.72998046875 4.2861328125 6793.963080638704 9003
4310 0 0 0 148300.72998046875 4.2861328125 6793.963080638704 9003
4320 0 0 0 148300.72998046875 4.2861328125 6793.963080638704 9003
4330 0 0 0 148300.72998046875 4.2861328125 6793.963080638704 9003
4340 0 0 0 148300.72998046875 4.2861328125 6793.963080638704 9003
4350 0 0 0 148300.72998046875 4.2861328125 6793.963080638704 9003
4360 0 0 0 148300.72998046875 4.2861328125 6793.963080638704 9003
4370 0 0 0 148300.72998046875 4.2861328125 6793.963080638704 9003
4380 0 0 0 148300.72998046875 4.2861328125 6793.963080638704 9003
4390 0 0 0 148300.72998046875 4.2861328125 6793.963080638704 9003
4400 0 0 0 148300.72998046875 4.2861328125 6793.963080638704 9003
4410 0 0 0 148300.72998046875 4.2861328125 6793.963080638704 9003
4420 0 0 0 148300.72998046875 4.2861328125 6793.963080638704 9003
4430 0 0 0 148300.72998046875 4.2861328125 6793.963080638704 9003
4440 0 0 0 148300.72998046875 4.2861328125 6793.963080638704 9003
4450 0 0 0 148300.72998046875 4.2861328125 6793.963080638704 9003
4460 0 0 0 148300.72998046875 4.2861328125 6793.963080638704 9003
4470 0 0 0 148300.72998046875 4.2861328125 6793.963080638704 9003
4480 0 0 0 148300.72998046875 4.2861328125 6793.963080638704 9003
4490 0 0 0 148300.72998046875 4.2861328125 6793.963080638704 9003
4500 0 0 0 148300.72998046875 4.2861328125 6793.963080638704 9003
4510 0 0 0 148300.72998046875 4.2861328125 6793.963080638704 9003
4520 0 0 0 148300.72998046875 4.2861328125 6793.963080638704 9003
4530 0 0 0 148300.72998046875 4.2861328125 6793.963080638704 9003
4540 0 0 0 148300.72998046875 4.2861328125 6793.963080638704 9003
4550 0 0 0 148300.72998046875 4.2861328125 6793.963080638704 9003
4560 0 0 0 148300.72998046875 4.2861328125 6793.963080638704 9003
4570 0 0 0 148300.72998046875 4.2861328125 6793.963080638704 9003
4580 0 0 0 148300.72998046875 4.2861328125 6793.963080638704 9003
4590 0 0 0 148300.72998046875 4.2861328125 6793.963080638704 9003
4600 0 0 0 148300.72998046875 4.2861328125 6793.963080638704 9003
4610 0 0 0 148300.72998046875 4.2861328125 6793.963080638704 9003
4620 0 0 0 148300.72998046875 4.2861328125 6793.963080638704 9003
4630 0 0 0 148300.72998046875 4.2861328125 6793.963080638704 9003
4640 0 0 0 148300.72998046875 4.2861328125 6793.963080638704 9003
4650 0 0 0 148300.72998046875 4.2861328125 6793.963080638704 9003
4660 0 0 0 148300.72998046875 4.2861328125 6793.963080638704 9003
4670 0 0 0 148300.72998046875 4.2861328125 6793.963080638704 9003
4680 0 0 0 148300.72998046875 4.2861328125 6793.963080638704 9003
4690 0 0 0 148300.72998046875 4.2861328125 6793.963080638704 9003
4700 0 0 0 148300.72998046875 4.2861328125 6793.963080638704 9003
4710 0 0 0 148300.72998046875 4.2861328125 6793.963080638704 9003
4720 0 0 0 148300.72998046875 4.2861328125 6793.963080638704 9003
4730 0 0 0 148300.72998046875 4.2861328125 6793.963080638704 9003
4740 0 0 0 148300.72998046875 4.2861328125 6793.963080638704 9003
4750 0 0 0 148300.72998046875 4.2861328125 6793.963080638704 9003
4760 0 0 0 148300.72998046875 4.2861328125 6793.963080638704 9003
4770 0 0 0 148300.72998046875 4.2861328125 6793.963080638704 9003
4780 0 0 0 148300.72998046875 4.2861328125 6793.963080638704 9003
4790 0 0 0 148300.72998046875 4.2861328125 6793.963080638704 9003
4800 0 0 0 148300.72998046875 4.2861328125 6793.963080638704 9003
4810 0 0 0 148300.72998046875 4.2861328125 6793.963080638704 9003
4820 0 0 0 148300.72998046875 4.2861328125 6793.963080638704 9003
4830 0 0 0 148300.72998046875 4.2861328125 6793.963080638704 9003
4840 0 0 0 148300.72998046875 4.2861328125 6793.963080638704 9003
4850 0 0 0 148300.72998046875 4.2861328125 6793.963080638704 9003
4860 0 0 0 148300.72998046875 4.2861328125 6793.963080638704 9003
4870 0 0 0 148300.72998046875 4.2861328125 6793.963080638704 9003
4880 0 0 0 148300.72998046875 4.2861328125 6793.963080638704 9003
4890 0 0 0 148300.72998046875 4.2861328125 6793.963080638704 9003
4900 0 0 0 148300.72998046875 4.2861328125 6793.963080638704 9003
4910 0 0 0 148300.72998046875 4.2861328125 6793.963080638704 9003
4920 0 0 0 148300.72998046875 4.2861328125 6793.963080638704 9003
4930 0 0 0 148300.72998046875 4.2861328125 6793.963080638704 9003
4940 0 0 0 148300.72998046875 4.2861328125 6793.963080638704 9003
4950 0 0 0 148300.72998046875 4.2861328125 6793.963080638704 9003
4960 0 0 0 148300.72998046875 4.2861328125 6793.963080638704 9003
4970 0 0 0 148300.72998046875 4.2861328125 6793.963080638704 9003
4980 0 0 0 148300.72998046875 4.2861328125 6793.963080638704 9003
4990 0 0 0 148300.72998046875 4.2861328125 6793.963080638704 9003
5000 0 0 0 148300.72998046875 4.2861328125 6793.963080638704 9003
5010 0 0 0 148300.72998046875 4.2861328125 6793.963080638704 9003
5020 0 0 0 148300.72998046875 4.2861328125 6793.963080638704 9003
5030 0 0 0 148300.72998046875 4.2861328125 6793.963080638704 9003
5040 0 0 0 148300.72998046875 4.2861328125 6793.963080638704 9003
5050 0 0 0 148300.72998046875 4.2861328125 6793.963080638704 9003
5060 0 0 0 148300.72998046875 4.2861328125 6793.963080638704 9003
5070 0 0 0 148300.72998046875 4.2861328125 6793.963080638704 9003
5080 0 0 0 148300.72998046875 4.2861328125 6793.963080638704 9003
5090 0 0 0 148300.72998046875 4.2861328125 6793.963080638704 9003
5100 0 0 0 148300.72998046875 4.2861328125 6793.963080638704 9003
5110 0 0 0 148300.72998046875 4.2861328125 6793.963080638704 9003
5120 0 0 0 148300.72998046875 4.2861328125 6793.963080638704 9003
5130 0 0 0 148300.72998046875 4.2861328125 6793.963080638704 9003
5140 0 0 0 148300.72998046875 4.2861328125 6793.963080638704 9003
5150 0 0 0 148300.72998046875 4.2861328125 6793.963080638704 9003
5160 0 0 0 148300.72998046875 4.2861328125 6793.963080638704 9003
5170 0 0 0 148300.72998046875 4.2861328125 6793.963080638704 9003
5180 0 0 0 148300.72998046875 4.2861328125 6793.963080638704 9003
5190 0 0 0 148300.72998046875 4.2861328125 6793.963080638704 9003
5200 0 0 0 148300.72998046875 4.2861328125 6793.963080638704 9003
5210 0 0 0 148300.72998046875 4.2861328125 6793.963080638704 9003
5220 0 0 0 148300.72998046875 4.2861328125 6793.963080638704 9003
5230 0 0 0 148300.72998046875 4.2861328125 6793.963080638704 9003
5240 0 0 0 148300.72998046875 4.2861328125 6793.963080638704 9003
5250 0 0 0 148300.72998046875 4.2861328125 6793.963080638704 9003
5260 0 0 0 148300.72998046875 4.2861328125 6793.963080638704 9003
5270 0 0 0 148300.72998046875 4.2861328125 6793.963080638704 9003
5280 0 0 0 148300.72998046875 4.2861328125 6793.963080638704 9003
5290 0 0 0 148300.72998046875 4.2861328125 6793.963080638704 9003
5300 0 0 0 148300.72998046875 4.2861328125 6793.963080638704 9003
5310 0 0 0 148300.72998046875 4.2861328125 6793.963080638704 9003
5320 0 0 0 148300.72998046875 4.2861328125 6793.963080638704 9003
5330 0 0 0 148300.72998046875 4.2861328125 6793.963080638704 9003
5340 0 0 0 148300.72998046875 4.2861328125 6793.963080638704 9003
5350 0 0 0 148300.72998046875 4.2861328125 6793.963080638704 9003
5360 0 0 0 148300.72998046875 4.2861328125 6793.963080638704 9003
5370 0 0 0 148300.72998046875 4.2861328125 6793.963080638704 9003
5380 0 0 0 148300.72998046875 4.2861328125 6793.963080638704 9003
5390 0 0 0 148300.72998046875 4.2861328125 6793.963080638704 9003
5400 0 0 0 148300.72998046875 4.2861328125 6793.963080638704 9003
5410 0 0 0 148300.72998046875 4.2861328125 6793.963080638704 9003
5420 0 0 0 148300.72998046875 4.2861328125 6793.963080638704 9003
5430 0 0 0 148300.72998046875 4.2861328125 6793.963080638704 9003
5440 0 0 0 148300.72998046875 4.2861328125 6793.963080638704 9003
5450 0 0 0 148300.72998046875 4.2861328125 6793.963080638704 9003
5460 0 0 0 148300.72998046875 4.2861328125 6793.963080638704 9003
5470 0 0 0 148300.72998046875 4.2861328125 6793.963080638704 9003
5480 0 0 0 148300.72998046875 4.2861328125 6793.963080638704 9003
5490 0 0 0 148300.72998046875 4.2861328125 6793.963080638704 9003
5500 0 0 0 148300.72998046875 4.2861328125 6793.963080638704 9003
5510 0 0 0 148300.72998046875 4.2861328125 6793.963080638704 9003
5520 0 0 0 148300.72998046875 4.2861328125 6793.963080638704 9003
5530 0 0 0 148300.72998046875 4.2861328125 6793.963080638704 9003
5540 0 0 0 148300.72998046875 4.2861328125 6793.963080638704 9003
5550 0 0 0 148300.72998046875 4.2861328125 6793.963080638704 9003
5560 0 0 0 148300.72998046875 4.2861328125 6793.963080638704 9003
5570 0 0 0 148300.72998046875 4.2861328125 6793.963080638704 9003
5580 0 0 0 148300.72998046875 4.2861328125 6793.963080638704 9003
5590 0 0 0 148300.72998046875 4.2861328125 6793.963080638704 9003
5600 0 0 0 148300.72998046875 4.2861328125 6793.963080638704 9003
5610 0 0 0 148300.72998046875 4.2861328125 6793.963080638704 9003
5620 0 0 0 148300.72998046875 4.2861328125 6793.963080638704 9003
5630 0 0 0 148300.72998046875 4.2861328125 6793.963080638704 9003
5640 0 0 0 148300.72998046875 4.2861328125 6793.963080638704 9003
5650 0 0 0 148300.72998046875 4.2861328125 6793.963080638704 9003
5660 0 0 0 148300.72998046875 4.2861328125 6793.963080638704 9003
5670 0 0 0 148300.72998046875 4.2861328125 6793.963080638704 9003
5680 0 0 0 148300.72998046875 4.2861328125 6793.963080638704 9003
5690 0 0 0 148300.72998046875 4.2861328125 6793.963080638704 9003
5700 0 0 0 148300.72998046875 4.2861328125 6793.963080638704 9003
5710 0 0 0 148300.72998046875 4.2861328125 6793.963080638704 9003
5720 0 0 0 148300.72998046875 4.2861328125 6793.963080638704 9003
5730 0 0 0 148300.72998046875 4.2861328125 6793.963080638704 9003
5740 0 0 0 148300.72998046875 4.2861328125 6793.963080638704 9003
5750 0 0 0 148300.72998046875 4.2861328125 6793.963080638704 9003
5760 0 0 0 148300.72998046875 4.2861328125 6793.963080638704 9003
5770 0 0 0 148300.72998046875 4.2861328125 6793.963080638704 9003
5780 0 0 0 148300.72998046875 4.2861328125 6793.963080638704 9003
5790 0 0 0 148300.72998046875 4.2861328125 6793.963080638704 9003
5800 0 0 0 148300.72998046875 4.2861328125 6793.963080638704 9003
5810 0 0 0 148300.72998046875 4.2861328125 6793.963080638704 9003
5820 0 0 0 148300.72998046875 4.2861328125 6793.963080638704 9003
5830 0 0 0 148300.72998046875 4.2861328125 6793.963080638704 9003
5840 0 0 0 148300.72998046875 4.2861328125 6793.963080638704 9003
5850 0 0 0 148300.72998046875 4.2861328125 6793.963080638704 9003
5860 0 0 0 148300.72998046875 4.2861328125 6793.963080638704 9003
5870 0 0 0 148300.72998046875 4.2861328125 6793.963080638704 9003
5880 0 0 0 148300.72998046875 4.2861328125 6793.963080638704 9003
5890 0 0 0 148300.72998046875 4.2861328125 6793.963080638704 9003
5900 0 0 0 148300.72998046875 4.2861328125 6793.963080638704 9003
5910 0 0 0 148300.72998046875 4.2861328125 6793.963080638704 9003
5920 0 0 0 148300.72998046875 4.2861328125 6793.963080638704 9003
5930 0 0 0 148300.72998046875 4.2861328125 6793.963080638704 9003
5940 0 0 0 148300.72998046875 4.2861328125 6793.963080638704 9003
5950 0 0 0 148300.72998046875 4.2861328125 6793.963080638704 9003
5960 0 0 0 148300.72998046875 4.2861328125 6793.963080638704 9003
5970 0 0 0 148300.72998046875 4.2861328125 6793.963080638704 9003
5980 0 0 0 148300.72998046875 4.2861328125 6793.963080638704 9003
5990 0 0 0 148300.72998046875 4.2861328125 6793.963080638704 9003
6000 0 0 0 148300.72998046875 4.2861328125 6793.963080638704 9003
6010 0 0 0 148300.72998046875 4.2861328125 6793.963080638704 9003
6020 0 0 0 148300.72998046875 4.2861328125 6793.963080638704 9003
6030 0 0 0 148300.72998046875 4.2861328125 6793.963080638704 9003
6040 0 0 0 148300.72998046875 4.2861328125 6793.963080638704 9003
6050 0 0 0 148300.72998046875 4.2861328125 6793.963080638704 9003
6060 0 0 0 148300.72998046875 4.2861328125 6793.963080638704 9003
6070 0 0 0 148300.72998046875 4.2861328125 6793.963080638704 9003
6080 0 0 0 148300.72998046875 4.2861328125 6793.963080638704 9003
6090 0 0 0 148300.72998046875 4.2861328125 6793.963080638704 9003
6100 0 0 0 148300.72998046875 4.2861328125 6793.963080638704 9003
6110 0 0 0 148300.72998046875 4.2861328125 6793.963080638704 9003
6120 0 0 0 148300.72998046875 4.2861328125 6793.963080638704 9003
6130 0 0 0 148300.72998046875 4.2861328125 6793.963080638704 9003
6140 0 0 0 148300.72998046875 4.2861328125 6793.963080638704 9003
6150 0 0 0 148300.72998046875 4.2861328125 6793.963080638704 9003
6160 0 0 0 148300.72998046875 4.2861328125 6793.963080638704 9003
6170 0 0 0 148300.72998046875 4.2861328125 6793.963080638704 9003
6180 0 0 0 148300.72998046875 4.2861328125 6793.963080638704 9003
6190 0 0 0 148300.72998046875 4.2861328125 6793.963080638704 9003
6200 0 0 0 148300.72998046875 4.2861328125 6793.963080638704 9003
6210 0 0 0 148300.72998046875 4.2861328125 6793.963080638704 9003
6220 0 0 0 148300.72998046875 4.2861328125 6793.963080638704 9003
6230 0 0 0 148300.72998046875 4.2861328125 6793.963080638704 9003
6240 0 0 0 148300.72998046875 4.2861328125 6793.963080638704 9003
6250 0 0 0 148300.72998046875 4.2861328125 6793.963080638704 9003
6260 0 0 0 148300.72998046875 4.2861328125 6793.963080638704 9003
6270 0 0 0 148300.72998046875 4.2861328125 6793.963080638704 9003
6280 0 0 0 148300.72998046875 4.2861328125 6793.963080638704 9003
6290 0 0 0 148300.72998046875 4.2861328125 6793.963080638704 9003
6300 0 0 0 148300.72998046875 4.2861328125 6793.963080638704 9003
6310 0 0 0 148300.72998046875 4.2861328125 6793.963080638704 9003
6320 0 0 0 148300.72998046875 4.2861328125 6793.963080638704 9003
6330 0 0 0 148300.72998046875 4.2861328125 6793.963080638704 9003
6340 0 0 0 148300.72998046875 4.2861328125 6793.963080638704 9003
6350 0 0 0 148300.72998046875 4.2861328125 6793.963080638704 9003
6360 0 0 0 148300.72998046875 4.2861328125 6793.963080638704 9003
6370 0 0 0 148300.72998046875 4.2861328125 6793.963080638704 9003
6380 0 0 0 148300.72998046875 4.2861328125 6793.963080638704 9003
6390 0 0 0 148300.72998046875 4.2861328125 6793.963080638704 9003
6400 0 0 0 148300.72998046875 4.2861328125 6793.963080638704 9003
6410 0 0 0 148300.72998046875 4.2861328125 6793.963080638704 9003
6420 0 0 0 148300.72998046875 4.2861328125 6793.963080638704 9003
6430 0 0 0 148300.72998046875 4.2861328125 6793.963080638704 9003
6440 0 0 0 148300.72998046875 4.2861328125 6793.963080638704 9003
6450 0 0 0 148300.72998046875 4.2861328125 6793.963080638704 9003
6460 0 0 0 148300.72998046875 4.2861328125 6793.963080638704 9003
6470 0 0 0 148300.72998046875 4.2861328125 6793.963080638704 9003
6480 0 0 0 148300.72998046875 4.2861328125 6793.963080638704 9003
6490 0 0 0 148300.72998046875 4.2861328125 6793.963080638704 9003
6500 0 0 0 148300.72998046875 4.2861328125 6793.963080638704 9003
6510 0 0 0 148300.72998046875 4.2861328125 6793.963080638704 9003
6520 0 0 0 148300.72998046875 4.2861328125 6793.963080638704 9003
6530 0 0 0 148300.72998046875 4.2861328125 6793.963080638704 9003
6540 0 0 0 148300.72998046875 4.2861328125 6793.963080638704 9003
6550 0 0 0 148300.72998046875 4.2861328125 6793.963080638704 9003
6560 0 0 0 148300.72998046875 4.2861328125 6793.963080638704 9003
6570 0 0 0 148300.72998046875 4.2861328125 6793.963080638704 9003
6580 0 0 0 148300.72998046875 4.2861328125 6793.963080638704 9003
6590 0 0 0 148300.72998046875 4.2861328125 6793.963080638704 9003
6600 0 0 0 148300.72998046875 4.2861328125 6793.963080638704 9003
6610 0 0 0 148300.72998046875 4.2861328125 6793.963080638704 9003
6620 0 0 0 148300.72998046875 4.2861328125 6793.963080638704 9003
6630 0 0 0 148300.72998046875 4.2861328125 6793.963080638704 9003
6640 0 0 0 148300.72998046875 4.2861328125 6793.963080638704 9003
6650 0 0 0 148300.72998046875 4.2861328125 6793.963080638704 9003
6660 0 0 0 148300.72998046875 4.2861328125 6793.963080638704 9003
6670 0 0 0 148300.72998046875 4.2861328125 6793.963080638704 9003
6680 0 0 0 148300.72998046875 4.2861328125 6793.963080638704 9003
6690 0 0 0 148300.72998046875 4.2861328125 6793.963080638704 9003
6700 0 0 0 148300.72998046875 4.2861328125 6793.963080638704 9003
6710 0 0 0 148300.72998046875 4.2861328125 6793.963080638704 9003
6720 0 0 0 148300.72998046875 4.2861328125 6793.963080638704 9003
6730 0 0 0 148300.72998046875 4.2861328125 6793.963080638704 9003
6740 0 0 0 148300.72998046875 4.2861328125 6793.963080638704 9003
6750 0 0 0 148300.72998046875 4.2861328125 6793.963080638704 9003
6760 0 0 0 148300.72998046875 4.2861328125 6793.963080638704 9003
6770 0 0 0 148300.72998046875 4.2861328125 6793.963080638704 9003
6780 0 0 0 148300.72998046875 4.2861328125 6793.963080638704 9003
6790 0 0 0 148300.72998046875 4.2861328125 6793.963080638704 9003
6800 0 0 0 148300.72998046875 4.2861328125 6793.963080638704 9003
6810 0 0 0 148300.72998046875 4.2861328125 6793.963080638704 9003
6820 0 0 0 148300.72998046875 4.2861328125 6793.963080638704 9003
6830 0 0 0 148300.72998046875 4.2861328125 6793.963080638704 9003
6840 0 0 0 148300.72998046875 4.2861328125 6793.963080638704 9003
6850 0 0 0 148300.72998046875 4.2861328125 6793.963080638704 9003
6860 0 0 0 148300.72998046875 4.2861328125 6793.963080638704 9003
6870 0 0 0 148300.72998046875 4.2861328125 6793.963080638704 9003
6880 0 0 0 148300.72998046875 4.2861328125 6793.963080638704 9003
6890 0 0 0 148300.72998046875 4.2861328125 6793.963080638704 9003
6900 0 0 0 148300.72998046875 4.2861328125 6793.963080638704 9003
6910 0 0 0 148300.72998046875 4.2861328125 6793.963080638704 9003
6920 0 0 0 148300.72998046875 4.2861328125 6793.963080638704 9003
6930 0 0 0 148300.72998046875 4.2861328125 6793.963080638704 9003
6940 0 0 0 148300.72998046875 4.2861328125 6793.963080638704 9003
6950 0 0 0 148300.72998046875 4.2861328125 6793.963080638704 9003
6960 0 0 0 148300.72998046875 4.2861328125 6793.963080638704 9003
6970 0 0 0 148300.72998046875 4.2861328125 6793.963080638704 9003
6980 0 0 0 148300.72998046875 4.2861328125 6793.963080638704 9003
6990 0 0 0 148300.72998046875 4.2861328125 6793.963080638704 9003
7000 0 0 0 148300.72998046875 4.2861328125 6793.963080638704 9003
7010 0 0 0 148300.72998046875 4.2861328125 6793.963080638704 9003
7020 0 0 0 148300.72998046875 4.2861328125 6793.963080638704 9003
7030 0 0 0 148300.72998046875 4.2861328125 6793.963080638704 9003
7040 0 0 0 148300.72998046875 4.2861328125 6793.963080638704 9003
7050 0 0 0 148300.72998046875 4.2861328125 6793.963080638704 9003
7060 0 0 0 148300.72998046875 4.2861328125 6793.963080638704 9003
7070 0 0 0 148300.72998046875 4.2861328125 6793.963080638704 9003
7080 0 0 0 148300.72998046875 4.2861328125 6793.963080638704 9003
7090 0 0 0 148300.72998046875 4.2861328125 6793.963080638704 9003
7100 0 0 0 148300.72998046875 4.2861328125 6793.963080638704 9003
7110 0 0 0 148300.72998046875 4.2861328125 6793.963080638704 9003
7120 0 0 0 148300.72998046875 4.2861328125 6793.963080638704 9003
7130 0 0 0 148300.72998046875 4.2861328125 6793.963080638704 9003
7140 0 0 0 148300.72998046875 4.2861328125 6793.963080638704 9003
7150 0 0 0 148300.72998046875 4.2861328125 6793.963080638704 9003
7160 0 0 0 148300.72998046875 4.2861328125 6793.963080638704 9003
7170 0 0 0 148300.72998046875 4.2861328125 6793.963080638704 9003
7180 0 0 0 148300.72998046875 4.2861328125 6793.963080638704 9003
7190 0 0 0 148300.72998046875 4.2861328125 6793.963080638704 9003
7200 0 0 0 148300.72998046875 4.2861328125 6793.963080638704 9003
7210 0 0 0 148300.72998046875 4.2861328125 6793.963080638704 9003
7220 0 0 0 148300.72998046875 4.2861328125 6793.963080638704 9003
7230 0 0 0 148300.72998046875 4.2861328125 6793.963080638704 9003
7240 0 0 0 148300.72998046875 4.2861328125 6793.963080638704 9003
7250 0 0 0 148300.72998046875 4.2861328125 6793.963080638704 9003
7260 0 0 0 148300.72998046875 4.2861328125 6793.963080638704 9003
7270 0 0 0 148300.72998046875 4.2861328125 6793.963080638704 9003
7280 0 0 0 148300.72998046875 4.2861328125 6793.963080638704 9003
7290 0 0 0 148300.72998046875 4.2861328125 6793.963080638704 9003
7300 0 0 0 148300.72998046875 4.2861328125 6793.963080638704 9003
7310 0 0 0 148300.72998046875 4.2861328125 6793.963080638704 9003
7320 0 0 0 148300.72998046875 4.2861328125 6793.963080638704 9003
7330 0 0 0 148300.72998046875 4.2861328125 6793.963080638704 9003
7340 0 0 0 148300.72998046875 4.2861328125 6793.963080638704 9003
7350 0 0 0 148300.72998046875 4.2861328125 6793.963080638704 9003
7360 0 0 0 148300.72998046875 4.2861328125 6793.963080638704 9003
7370 0 0 0 148300.72998046875 4.2861328125 6793.963080638704 9003
7380 0 0 0 148300.72998046875 4.2861328125 6793.963080638704 9003
7390 0 0 0 148300.72998046875 4.2861328125 6793.963080638704 9003
7400 0 0 0 148300.72998046875 4.2861328125 6793.963080638704 9003
7410 0 0 0 148300.72998046875 4.2861328125 6793.963080638704 9003
7420 0 0 0 148300.72998046875 4.2861328125 6793.963080638704 9003
7430 0 0 0 148300.72998046875 4.2861328125 6793.963080638704 9003
7440 0 0 0 148300.72998046875 4.2861328125 6793.963080638704 9003
7450 0 0 0 148300.72998046875 4.2861328125 6793.963080638704 9003
7460 0 0 0 148300.72998046875 4.2861328125 6793.963080638704 9003
7470 0 0 0 148300.72998046875 4.2861328125 6793.963080638704 9003
7480 0 0 0 148300.72998046875 4.2861328125 6793.963080638704 9003
7490 0 0 0 148300.72998046875 4.2861328125 6793.963080638704 9003
7500 0 0 0 148300.72998046875 4.2861328125 6793.963080638704 9003
7510 0 0 0 148300.72998046875 4.2861328125 6793.963080638704 9003
7520 0 0 0 148300.72998046875 4.2861328125 6793.963080638704 9003
7530 0 0 0 148300.72998046875 4.2861328125 6793.963080638704 9003
7540 0 0 0 148300.72998046875 4.2861328125 6793.963080638704 9003
7550 0 0 0 148300.72998046875 4.2861328125 6793.963080638704 9003
7560 0 0 0 148300.72998046875 4.2861328125 6793.963080638704 9003
7570 0 0 0 148300.72998046875 4.2861328125 6793.963080638704 9003
7580 0 0 0 148300.72998046875 4.2861328125 6793.963080638704 9003
7590 0 0 0 148300.72998046875 4.2861328125 6793.963080638704 9003
7600 0 0 0 148300.72998046875 4.2861328125 6793.963080638704 9003
7610 0 0 0 148300.72998046875 4.2861328125 6793.963080638704 9003
7620 0 0 0 148300.72998046875 4.2861328125 6793.963080638704 9003
7630 0 0 0 148300.72998046875 4.2861328125 6793.963080638704 9003
7640 0 0 0 148300.72998046875 4.2861328125 6793.963080638704 9003
7650 0 0 0 148300.72998046875 4.2861328125 6793.963080638704 9003
7660 0 0 0 148300.72998046875 4.2861328125 6793.963080638704 9003
7670 0 0 0 148300.72998046875 4.2861328125 6793.963080638704 9003
7680 0 0 0 148300.72998046875 4.2861328125 6793.963080638704 9003
7690 0 0 0 148300.72998046875 4.2861328125 6793.963080638704 9003
7700 0 0 0 148300.72998046875 4.2861328125 6793.963080638704 9003
7710 0 0 0 148300.72998046875 4.2861328125 6793.963080638704 9003
7720 0 0 0 148300.72998046875 4.2861328125 6793.963080638704 9003
7730 0 0 0 148300.72998046875 4.2861328125 6793.963080638704 9003
7740 0 0 0 148300.72998046875 4.2861328125 6793.963080638704 9003
7750 0 0 0 148300.72998046875 4.2861328125 6793.963080638704 9003
7760 0 0 0 148300.72998046875 4.2861328125 6793.963080638704 9003
7770 0 0 0 148300.72998046875 4.2861328125 6793.963080638704 9003
7780 0 0 0 148300.72998046875 4.2861328125 6793.963080638704 9003
7790 0 0 0 148300.72998046875 4.2861328125 6793.963080638704 9003
7800 0 0 0 148300.72998046875 4.2861328125 6793.963080638704 9003
7810 0 0 0 148300.72998046875 4.2861328125 6793.963080638704 9003
7820 0 0 0 148300.72998046875 4.2861328125 6793.963080638704 9003
7830 0 0 0 148300.72998046875 4.2861328125 6793.963080638704 9003
7840 0 0 0 148300.72998046875 4.2861328125 6793.963080638704 9003
7850 0 0 0 148300.72998046875 4.2861328125 6793.963080638704 9003
7860 0 0 0 148300.72998046875 4.2861328125 6793.963080638704 9003
7870 0 0 0 148300.72998046875 4.2861328125 6793.963080638704 9003
7880 0 0 0 148300.72998046875 4.2861328125 6793.963080638704 9003
