20 0.1 11885.932861328125 0 11885.932861328125 11885.932861328125 0 0
30 1.4 19271.02858189174 5224.634546517105 25281.333984375 7856.34716796875 11885.932861328125 1
40 2 21807.402111816406 4580.198831977612 28496.843017578125 7856.34716796875 18778.6888671875 15
50 2.3 23870.948295261547 10469.497158768238 43432.60498046875 4535.98095703125 20509.38214983259 35
60 0.7 27439.72628348214 6726.666133745903 43432.60498046875 4535.98095703125 21842.417000606143 58
70 0.7 32741.810023716516 10815.731763710857 44099.2138671875 4535.98095703125 22445.204154146635 65
80 3.7 26679.45635161529 11688.133689180628 46966.764892578125 4535.98095703125 23446.263058132594 72
90 6 26567.890177408855 14246.819522070622 57259.94091796875 4535.98095703125 24543.769038489107 109
100 3.8 34002.298070004115 14527.881710478532 63035.1181640625 4535.98095703125 25262.391928046414 169
110 4 40762.51182250977 18235.126781912244 71793.36889648438 4535.98095703125 26866.81914251208 207
120 8.4 33442.70657493954 19290.558000356385 81832.76806640625 4535.98095703125 29117.133746560285 247
130 9.5 28270.285670230263 18327.197661789596 89355.15795898438 2276.2080078125 30214.862198475264 331
140 13.5 24691.469831452545 15825.349290157395 89355.15795898438 2276.2080078125 29781.21250320936 426
150 14.3 31745.275306968422 16698.232484422406 104687.05102539063 2276.2080078125 28556.408116957722 561
160 11.5 32794.0553795856 17874.520444472437 104687.05102539063 2276.2080078125 29204.146764928646 704
170 13 32128.198341721756 18230.707817856877 104687.05102539063 2276.2080078125 29708.224287133224 819
180 18.2 55319.90990674364 20284.381569807745 129255.9111328125 2276.2080078125 30039.727582282336 949
190 21.6 55462.93539993851 19207.67978366806 129255.9111328125 2276.2080078125 34107.80289886232 1131
200 9.4 61355.473588659406 17835.55266325447 129255.9111328125 2276.2080078125 37532.23394580549 1347
210 4.8 76250.0691121419 18908.191050496403 129255.9111328125 2276.2080078125 39086.2828885038 1441
220 6.5 79322.91450195316 13895.701853538154 129255.9111328125 2276.2080078125 40284.30957670705 1489
230 4.8 84543.35858154298 11254.62694109332 142388.3251953125 2276.2080078125 41917.19845710666 1554
240 2.7 99754.08062970197 19045.861639350635 160266.03393554688 2276.2080078125 43194.38677544183 1602
250 1.2 115232.42079671223 15359.063307351105 160266.03393554688 2276.2080078125 44131.84026473896 1629
260 1.7 121273.65044806985 7957.899734476466 160266.03393554688 2276.2080078125 44651.77138380275 1641
270 1.3 141748.30245267428 15190.585570804476 177150.8818359375 2276.2080078125 45437.399818116704 1658
280 1.8 146263.8195936415 9633.72926526235 180358.65209960938 2276.2080078125 46186.67673867281 1671
290 3.7 155795.92223131334 13036.88224387283 201167.39306640625 2276.2080078125 47253.21822558189 1689
300 4.2 169307.15547688803 18891.602550777294 207240.06298828125 2276.2080078125 49580.03169499792 1726
310 2.7 177255.84537760416 18002.774760016116 222181.04614257813 2276.2080078125 52424.22807443196 1768
320 0.3 180127.70963541666 1111.5403006033118 222181.04614257813 2276.2080078125 54301.91813971644 1795
330 0.1 179177.03393554688 0.0 222181.04614257813 2276.2080078125 54511.86106212306 1798
340 0 0 0 222181.04614257813 2276.2080078125 54581.157989790336 1799
350 0.1 210853.86108398438 0.0 222181.04614257813 2276.2080078125 54581.157989790336 1799
360 0 0 0 222181.04614257813 2276.2080078125 54667.976158175996 1800
370 0 0 0 222181.04614257813 2276.2080078125 54667.976158175996 1800
380 0 0 0 222181.04614257813 2276.2080078125 54667.976158175996 1800
390 0 0 0 222181.04614257813 2276.2080078125 54667.976158175996 1800
400 0 0 0 222181.04614257813 2276.2080078125 54667.976158175996 1800
410 0 0 0 222181.04614257813 2276.2080078125 54667.976158175996 1800
420 0 0 0 222181.04614257813 2276.2080078125 54667.976158175996 1800
430 0 0 0 222181.04614257813 2276.2080078125 54667.976158175996 1800
440 0 0 0 222181.04614257813 2276.2080078125 54667.976158175996 1800
450 0 0 0 222181.04614257813 2276.2080078125 54667.976158175996 1800
460 0 0 0 222181.04614257813 2276.2080078125 54667.976158175996 1800
470 0 0 0 222181.04614257813 2276.2080078125 54667.976158175996 1800
480 0 0 0 222181.04614257813 2276.2080078125 54667.976158175996 1800
490 0 0 0 222181.04614257813 2276.2080078125 54667.976158175996 1800
500 0 0 0 222181.04614257813 2276.2080078125 54667.976158175996 1800
510 0 0 0 222181.04614257813 2276.2080078125 54667.976158175996 1800
520 0 0 0 222181.04614257813 2276.2080078125 54667.976158175996 1800
530 0 0 0 222181.04614257813 2276.2080078125 54667.976158175996 1800
540 0 0 0 222181.04614257813 2276.2080078125 54667.976158175996 1800
550 0 0 0 222181.04614257813 2276.2080078125 54667.976158175996 1800
560 0 0 0 222181.04614257813 2276.2080078125 54667.976158175996 1800
570 0 0 0 222181.04614257813 2276.2080078125 54667.976158175996 1800
580 0 0 0 222181.04614257813 2276.2080078125 54667.976158175996 1800
590 0 0 0 222181.04614257813 2276.2080078125 54667.976158175996 1800
600 0 0 0 222181.04614257813 2276.2080078125 54667.976158175996 1800
610 0 0 0 222181.04614257813 2276.2080078125 54667.976158175996 1800
620 0 0 0 222181.04614257813 2276.2080078125 54667.976158175996 1800
630 0 0 0 222181.04614257813 2276.2080078125 54667.976158175996 1800
640 0 0 0 222181.04614257813 2276.2080078125 54667.976158175996 1800
650 0 0 0 222181.04614257813 2276.2080078125 54667.976158175996 1800
660 0 0 0 222181.04614257813 2276.2080078125 54667.976158175996 1800
670 0 0 0 222181.04614257813 2276.2080078125 54667.976158175996 1800
680 0 0 0 222181.04614257813 2276.2080078125 54667.976158175996 1800
690 0 0 0 222181.04614257813 2276.2080078125 54667.976158175996 1800
700 0 0 0 222181.04614257813 2276.2080078125 54667.976158175996 1800
710 0 0 0 222181.04614257813 2276.2080078125 54667.976158175996 1800
720 0 0 0 222181.04614257813 2276.2080078125 54667.976158175996 1800
730 0 0 0 222181.04614257813 2276.2080078125 54667.976158175996 1800
740 0 0 0 222181.04614257813 2276.2080078125 54667.976158175996 1800
750 0 0 0 222181.04614257813 2276.2080078125 54667.976158175996 1800
760 0 0 0 222181.04614257813 2276.2080078125 54667.976158175996 1800
770 0 0 0 222181.04614257813 2276.2080078125 54667.976158175996 1800
780 0.1 650932.3908691406 0.0 650932.3908691406 2276.2080078125 54667.976158175996 1800
790 0 0 0 650932.3908691406 2276.2080078125 54999.05023630535 1801
800 0.1 695249.8352050781 0.0 695249.8352050781 2276.2080078125 54999.05023630535 1801
810 0 0 0 695249.8352050781 2276.2080078125 55354.35033895173 1802
820 0 0 0 695249.8352050781 2276.2080078125 55354.35033895173 1802
830 0 0 0 695249.8352050781 2276.2080078125 55354.35033895173 1802
840 0 0 0 695249.8352050781 2276.2080078125 55354.35033895173 1802
850 0 0 0 695249.8352050781 2276.2080078125 55354.35033895173 1802
860 0 0 0 695249.8352050781 2276.2080078125 55354.35033895173 1802
870 0 0 0 695249.8352050781 2276.2080078125 55354.35033895173 1802
880 0 0 0 695249.8352050781 2276.2080078125 55354.35033895173 1802
890 0 0 0 695249.8352050781 2276.2080078125 55354.35033895173 1802
900 0 0 0 695249.8352050781 2276.2080078125 55354.35033895173 1802
910 0 0 0 695249.8352050781 2276.2080078125 55354.35033895173 1802
920 0 0 0 695249.8352050781 2276.2080078125 55354.35033895173 1802
930 0 0 0 695249.8352050781 2276.2080078125 55354.35033895173 1802
940 0 0 0 695249.8352050781 2276.2080078125 55354.35033895173 1802
950 0 0 0 695249.8352050781 2276.2080078125 55354.35033895173 1802
960 0 0 0 695249.8352050781 2276.2080078125 55354.35033895173 1802
970 0 0 0 695249.8352050781 2276.2080078125 55354.35033895173 1802
980 0 0 0 695249.8352050781 2276.2080078125 55354.35033895173 1802
990 0 0 0 695249.8352050781 2276.2080078125 55354.35033895173 1802
1000 0 0 0 695249.8352050781 2276.2080078125 55354.35033895173 1802
1010 0 0 0 695249.8352050781 2276.2080078125 55354.35033895173 1802
1020 0 0 0 695249.8352050781 2276.2080078125 55354.35033895173 1802
1030 0 0 0 695249.8352050781 2276.2080078125 55354.35033895173 1802
1040 0 0 0 695249.8352050781 2276.2080078125 55354.35033895173 1802
1050 0 0 0 695249.8352050781 2276.2080078125 55354.35033895173 1802
1060 0 0 0 695249.8352050781 2276.2080078125 55354.35033895173 1802
1070 0 0 0 695249.8352050781 2276.2080078125 55354.35033895173 1802
1080 0 0 0 695249.8352050781 2276.2080078125 55354.35033895173 1802
1090 0 0 0 695249.8352050781 2276.2080078125 55354.35033895173 1802
1100 0 0 0 695249.8352050781 2276.2080078125 55354.35033895173 1802
1110 0 0 0 695249.8352050781 2276.2080078125 55354.35033895173 1802
1120 0 0 0 695249.8352050781 2276.2080078125 55354.35033895173 1802
1130 0 0 0 695249.8352050781 2276.2080078125 55354.35033895173 1802
1140 0 0 0 695249.8352050781 2276.2080078125 55354.35033895173 1802
1150 0 0 0 695249.8352050781 2276.2080078125 55354.35033895173 1802
1160 0 0 0 695249.8352050781 2276.2080078125 55354.35033895173 1802
1170 0 0 0 695249.8352050781 2276.2080078125 55354.35033895173 1802
1180 0 0 0 695249.8352050781 2276.2080078125 55354.35033895173 1802
1190 0 0 0 695249.8352050781 2276.2080078125 55354.35033895173 1802
1200 0 0 0 695249.8352050781 2276.2080078125 55354.35033895173 1802
1210 0 0 0 695249.8352050781 2276.2080078125 55354.35033895173 1802
1220 0 0 0 695249.8352050781 2276.2080078125 55354.35033895173 1802
1230 0 0 0 695249.8352050781 2276.2080078125 55354.35033895173 1802
1240 0 0 0 695249.8352050781 2276.2080078125 55354.35033895173 1802
1250 0 0 0 695249.8352050781 2276.2080078125 55354.35033895173 1802
1260 0 0 0 695249.8352050781 2276.2080078125 55354.35033895173 1802
1270 0 0 0 695249.8352050781 2276.2080078125 55354.35033895173 1802
1280 0 0 0 695249.8352050781 2276.2080078125 55354.35033895173 1802
1290 0 0 0 695249.8352050781 2276.2080078125 55354.35033895173 1802
1300 0 0 0 695249.8352050781 2276.2080078125 55354.35033895173 1802
1310 0 0 0 695249.8352050781 2276.2080078125 55354.35033895173 1802
1320 0 0 0 695249.8352050781 2276.2080078125 55354.35033895173 1802
1330 0 0 0 695249.8352050781 2276.2080078125 55354.35033895173 1802
1340 0 0 0 695249.8352050781 2276.2080078125 55354.35033895173 1802
1350 0 0 0 695249.8352050781 2276.2080078125 55354.35033895173 1802
1360 0 0 0 695249.8352050781 2276.2080078125 55354.35033895173 1802
1370 0 0 0 695249.8352050781 2276.2080078125 55354.35033895173 1802
1380 0 0 0 695249.8352050781 2276.2080078125 55354.35033895173 1802
1390 0 0 0 695249.8352050781 2276.2080078125 55354.35033895173 1802
1400 0 0 0 695249.8352050781 2276.2080078125 55354.35033895173 1802
1410 0 0 0 695249.8352050781 2276.2080078125 55354.35033895173 1802
1420 0 0 0 695249.8352050781 2276.2080078125 55354.35033895173 1802
1430 0 0 0 695249.8352050781 2276.2080078125 55354.35033895173 1802
1440 0 0 0 695249.8352050781 2276.2080078125 55354.35033895173 1802
1450 0 0 0 695249.8352050781 2276.2080078125 55354.35033895173 1802
1460 0 0 0 695249.8352050781 2276.2080078125 55354.35033895173 1802
1470 0 0 0 695249.8352050781 2276.2080078125 55354.35033895173 1802
1480 0 0 0 695249.8352050781 2276.2080078125 55354.35033895173 1802
1490 0 0 0 695249.8352050781 2276.2080078125 55354.35033895173 1802
1500 0 0 0 695249.8352050781 2276.2080078125 55354.35033895173 1802
1510 0 0 0 695249.8352050781 2276.2080078125 55354.35033895173 1802
1520 0 0 0 695249.8352050781 2276.2080078125 55354.35033895173 1802
1530 0 0 0 695249.8352050781 2276.2080078125 55354.35033895173 1802
1540 0 0 0 695249.8352050781 2276.2080078125 55354.35033895173 1802
1550 0 0 0 695249.8352050781 2276.2080078125 55354.35033895173 1802
1560 0 0 0 695249.8352050781 2276.2080078125 55354.35033895173 1802
1570 0 0 0 695249.8352050781 2276.2080078125 55354.35033895173 1802
1580 0 0 0 695249.8352050781 2276.2080078125 55354.35033895173 1802
1590 0 0 0 695249.8352050781 2276.2080078125 55354.35033895173 1802
1600 0 0 0 695249.8352050781 2276.2080078125 55354.35033895173 1802
1610 0 0 0 695249.8352050781 2276.2080078125 55354.35033895173 1802
1620 0 0 0 695249.8352050781 2276.2080078125 55354.35033895173 1802
1630 0 0 0 695249.8352050781 2276.2080078125 55354.35033895173 1802
1640 0 0 0 695249.8352050781 2276.2080078125 55354.35033895173 1802
1650 0 0 0 695249.8352050781 2276.2080078125 55354.35033895173 1802
1660 0 0 0 695249.8352050781 2276.2080078125 55354.35033895173 1802
1670 0 0 0 695249.8352050781 2276.2080078125 55354.35033895173 1802
1680 0 0 0 695249.8352050781 2276.2080078125 55354.35033895173 1802
1690 0 0 0 695249.8352050781 2276.2080078125 55354.35033895173 1802
1700 0 0 0 695249.8352050781 2276.2080078125 55354.35033895173 1802
1710 0 0 0 695249.8352050781 2276.2080078125 55354.35033895173 1802
1720 0 0 0 695249.8352050781 2276.2080078125 55354.35033895173 1802
1730 0 0 0 695249.8352050781 2276.2080078125 55354.35033895173 1802
1740 0 0 0 695249.8352050781 2276.2080078125 55354.35033895173 1802
1750 0 0 0 695249.8352050781 2276.2080078125 55354.35033895173 1802
1760 0 0 0 695249.8352050781 2276.2080078125 55354.35033895173 1802
1770 0 0 0 695249.8352050781 2276.2080078125 55354.35033895173 1802
1780 0 0 0 695249.8352050781 2276.2080078125 55354.35033895173 1802
1790 0 0 0 695249.8352050781 2276.2080078125 55354.35033895173 1802
1800 0 0 0 695249.8352050781 2276.2080078125 55354.35033895173 1802
1810 0 0 0 695249.8352050781 2276.2080078125 55354.35033895173 1802
1820 0 0 0 695249.8352050781 2276.2080078125 55354.35033895173 1802
1830 0 0 0 695249.8352050781 2276.2080078125 55354.35033895173 1802
1840 0 0 0 695249.8352050781 2276.2080078125 55354.35033895173 1802
1850 0 0 0 695249.8352050781 2276.2080078125 55354.35033895173 1802
1860 0 0 0 695249.8352050781 2276.2080078125 55354.35033895173 1802
1870 0 0 0 695249.8352050781 2276.2080078125 55354.35033895173 1802
1880 0 0 0 695249.8352050781 2276.2080078125 55354.35033895173 1802
1890 0 0 0 695249.8352050781 2276.2080078125 55354.35033895173 1802
1900 0 0 0 695249.8352050781 2276.2080078125 55354.35033895173 1802
1910 0 0 0 695249.8352050781 2276.2080078125 55354.35033895173 1802
1920 0 0 0 695249.8352050781 2276.2080078125 55354.35033895173 1802
1930 0 0 0 695249.8352050781 2276.2080078125 55354.35033895173 1802
1940 0 0 0 695249.8352050781 2276.2080078125 55354.35033895173 1802
1950 0 0 0 695249.8352050781 2276.2080078125 55354.35033895173 1802
1960 0 0 0 695249.8352050781 2276.2080078125 55354.35033895173 1802
1970 0 0 0 695249.8352050781 2276.2080078125 55354.35033895173 1802
1980 0 0 0 695249.8352050781 2276.2080078125 55354.35033895173 1802
1990 0 0 0 695249.8352050781 2276.2080078125 55354.35033895173 1802
2000 0 0 0 695249.8352050781 2276.2080078125 55354.35033895173 1802
2010 0 0 0 695249.8352050781 2276.2080078125 55354.35033895173 1802
2020 0 0 0 695249.8352050781 2276.2080078125 55354.35033895173 1802
2030 0 0 0 695249.8352050781 2276.2080078125 55354.35033895173 1802
2040 0 0 0 695249.8352050781 2276.2080078125 55354.35033895173 1802
2050 0 0 0 695249.8352050781 2276.2080078125 55354.35033895173 1802
2060 0 0 0 695249.8352050781 2276.2080078125 55354.35033895173 1802
2070 0 0 0 695249.8352050781 2276.2080078125 55354.35033895173 1802
2080 0 0 0 695249.8352050781 2276.2080078125 55354.35033895173 1802
2090 0 0 0 695249.8352050781 2276.2080078125 55354.35033895173 1802
2100 0 0 0 695249.8352050781 2276.2080078125 55354.35033895173 1802
2110 0 0 0 695249.8352050781 2276.2080078125 55354.35033895173 1802
2120 0 0 0 695249.8352050781 2276.2080078125 55354.35033895173 1802
2130 0 0 0 695249.8352050781 2276.2080078125 55354.35033895173 1802
2140 0 0 0 695249.8352050781 2276.2080078125 55354.35033895173 1802
2150 0 0 0 695249.8352050781 2276.2080078125 55354.35033895173 1802
2160 0 0 0 695249.8352050781 2276.2080078125 55354.35033895173 1802
2170 0 0 0 695249.8352050781 2276.2080078125 55354.35033895173 1802
2180 0 0 0 695249.8352050781 2276.2080078125 55354.35033895173 1802
2190 0 0 0 695249.8352050781 2276.2080078125 55354.35033895173 1802
2200 0 0 0 695249.8352050781 2276.2080078125 55354.35033895173 1802
2210 0 0 0 695249.8352050781 2276.2080078125 55354.35033895173 1802
2220 0 0 0 695249.8352050781 2276.2080078125 55354.35033895173 1802
2230 0 0 0 695249.8352050781 2276.2080078125 55354.35033895173 1802
2240 0 0 0 695249.8352050781 2276.2080078125 55354.35033895173 1802
2250 0 0 0 695249.8352050781 2276.2080078125 55354.35033895173 1802
2260 0 0 0 695249.8352050781 2276.2080078125 55354.35033895173 1802
2270 0 0 0 695249.8352050781 2276.2080078125 55354.35033895173 1802
2280 0 0 0 695249.8352050781 2276.2080078125 55354.35033895173 1802
2290 0 0 0 695249.8352050781 2276.2080078125 55354.35033895173 1802
2300 0 0 0 695249.8352050781 2276.2080078125 55354.35033895173 1802
2310 0 0 0 695249.8352050781 2276.2080078125 55354.35033895173 1802
2320 0 0 0 695249.8352050781 2276.2080078125 55354.35033895173 1802
2330 0 0 0 695249.8352050781 2276.2080078125 55354.35033895173 1802
2340 0 0 0 695249.8352050781 2276.2080078125 55354.35033895173 1802
2350 0 0 0 695249.8352050781 2276.2080078125 55354.35033895173 1802
2360 0 0 0 695249.8352050781 2276.2080078125 55354.35033895173 1802
2370 0 0 0 695249.8352050781 2276.2080078125 55354.35033895173 1802
2380 0 0 0 695249.8352050781 2276.2080078125 55354.35033895173 1802
2390 0 0 0 695249.8352050781 2276.2080078125 55354.35033895173 1802
2400 0 0 0 695249.8352050781 2276.2080078125 55354.35033895173 1802
2410 0 0 0 695249.8352050781 2276.2080078125 55354.35033895173 1802
2420 0 0 0 695249.8352050781 2276.2080078125 55354.35033895173 1802
2430 0 0 0 695249.8352050781 2276.2080078125 55354.35033895173 1802
2440 0 0 0 695249.8352050781 2276.2080078125 55354.35033895173 1802
2450 0 0 0 695249.8352050781 2276.2080078125 55354.35033895173 1802
2460 0 0 0 695249.8352050781 2276.2080078125 55354.35033895173 1802
2470 0 0 0 695249.8352050781 2276.2080078125 55354.35033895173 1802
2480 0 0 0 695249.8352050781 2276.2080078125 55354.35033895173 1802
2490 0 0 0 695249.8352050781 2276.2080078125 55354.35033895173 1802
2500 0 0 0 695249.8352050781 2276.2080078125 55354.35033895173 1802
2510 0 0 0 695249.8352050781 2276.2080078125 55354.35033895173 1802
2520 0 0 0 695249.8352050781 2276.2080078125 55354.35033895173 1802
2530 0 0 0 695249.8352050781 2276.2080078125 55354.35033895173 1802
2540 0 0 0 695249.8352050781 2276.2080078125 55354.35033895173 1802
2550 0 0 0 695249.8352050781 2276.2080078125 55354.35033895173 1802
2560 0 0 0 695249.8352050781 2276.2080078125 55354.35033895173 1802
2570 0 0 0 695249.8352050781 2276.2080078125 55354.35033895173 1802
2580 0 0 0 695249.8352050781 2276.2080078125 55354.35033895173 1802
2590 0 0 0 695249.8352050781 2276.2080078125 55354.35033895173 1802
2600 0 0 0 695249.8352050781 2276.2080078125 55354.35033895173 1802
2610 0 0 0 695249.8352050781 2276.2080078125 55354.35033895173 1802
2620 0 0 0 695249.8352050781 2276.2080078125 55354.35033895173 1802
2630 0 0 0 695249.8352050781 2276.2080078125 55354.35033895173 1802
2640 0 0 0 695249.8352050781 2276.2080078125 55354.35033895173 1802
2650 0 0 0 695249.8352050781 2276.2080078125 55354.35033895173 1802
2660 0 0 0 695249.8352050781 2276.2080078125 55354.35033895173 1802
2670 0 0 0 695249.8352050781 2276.2080078125 55354.35033895173 1802
2680 0 0 0 695249.8352050781 2276.2080078125 55354.35033895173 1802
2690 0 0 0 695249.8352050781 2276.2080078125 55354.35033895173 1802
2700 0 0 0 695249.8352050781 2276.2080078125 55354.35033895173 1802
2710 0 0 0 695249.8352050781 2276.2080078125 55354.35033895173 1802
2720 0 0 0 695249.8352050781 2276.2080078125 55354.35033895173 1802
2730 0 0 0 695249.8352050781 2276.2080078125 55354.35033895173 1802
2740 0 0 0 695249.8352050781 2276.2080078125 55354.35033895173 1802
2750 0 0 0 695249.8352050781 2276.2080078125 55354.35033895173 1802
2760 0 0 0 695249.8352050781 2276.2080078125 55354.35033895173 1802
2770 0 0 0 695249.8352050781 2276.2080078125 55354.35033895173 1802
2780 0 0 0 695249.8352050781 2276.2080078125 55354.35033895173 1802
2790 0 0 0 695249.8352050781 2276.2080078125 55354.35033895173 1802
2800 0 0 0 695249.8352050781 2276.2080078125 55354.35033895173 1802
2810 0 0 0 695249.8352050781 2276.2080078125 55354.35033895173 1802
2820 0 0 0 695249.8352050781 2276.2080078125 55354.35033895173 1802
2830 0 0 0 695249.8352050781 2276.2080078125 55354.35033895173 1802
2840 0 0 0 695249.8352050781 2276.2080078125 55354.35033895173 1802
2850 0 0 0 695249.8352050781 2276.2080078125 55354.35033895173 1802
2860 0 0 0 695249.8352050781 2276.2080078125 55354.35033895173 1802
2870 0 0 0 695249.8352050781 2276.2080078125 55354.35033895173 1802
2880 0 0 0 695249.8352050781 2276.2080078125 55354.35033895173 1802
2890 0 0 0 695249.8352050781 2276.2080078125 55354.35033895173 1802
2900 0 0 0 695249.8352050781 2276.2080078125 55354.35033895173 1802
2910 0 0 0 695249.8352050781 2276.2080078125 55354.35033895173 1802
2920 0 0 0 695249.8352050781 2276.2080078125 55354.35033895173 1802
2930 0 0 0 695249.8352050781 2276.2080078125 55354.35033895173 1802
2940 0 0 0 695249.8352050781 2276.2080078125 55354.35033895173 1802
2950 0 0 0 695249.8352050781 2276.2080078125 55354.35033895173 1802
2960 0 0 0 695249.8352050781 2276.2080078125 55354.35033895173 1802
2970 0 0 0 695249.8352050781 2276.2080078125 55354.35033895173 1802
2980 0 0 0 695249.8352050781 2276.2080078125 55354.35033895173 1802
2990 0 0 0 695249.8352050781 2276.2080078125 55354.35033895173 1802
3000 0 0 0 695249.8352050781 2276.2080078125 55354.35033895173 1802
3010 0 0 0 695249.8352050781 2276.2080078125 55354.35033895173 1802
3020 0 0 0 695249.8352050781 2276.2080078125 55354.35033895173 1802
3030 0 0 0 695249.8352050781 2276.2080078125 55354.35033895173 1802
3040 0 0 0 695249.8352050781 2276.2080078125 55354.35033895173 1802
3050 0 0 0 695249.8352050781 2276.2080078125 55354.35033895173 1802
3060 0 0 0 695249.8352050781 2276.2080078125 55354.35033895173 1802
3070 0 0 0 695249.8352050781 2276.2080078125 55354.35033895173 1802
3080 0 0 0 695249.8352050781 2276.2080078125 55354.35033895173 1802
3090 0 0 0 695249.8352050781 2276.2080078125 55354.35033895173 1802
3100 0 0 0 695249.8352050781 2276.2080078125 55354.35033895173 1802
3110 0 0 0 695249.8352050781 2276.2080078125 55354.35033895173 1802
3120 0 0 0 695249.8352050781 2276.2080078125 55354.35033895173 1802
3130 0 0 0 695249.8352050781 2276.2080078125 55354.35033895173 1802
3140 0 0 0 695249.8352050781 2276.2080078125 55354.35033895173 1802
3150 0 0 0 695249.8352050781 2276.2080078125 55354.35033895173 1802
3160 0 0 0 695249.8352050781 2276.2080078125 55354.35033895173 1802
3170 0 0 0 695249.8352050781 2276.2080078125 55354.35033895173 1802
3180 0 0 0 695249.8352050781 2276.2080078125 55354.35033895173 1802
3190 0 0 0 695249.8352050781 2276.2080078125 55354.35033895173 1802
3200 0 0 0 695249.8352050781 2276.2080078125 55354.35033895173 1802
3210 0 0 0 695249.8352050781 2276.2080078125 55354.35033895173 1802
3220 0 0 0 695249.8352050781 2276.2080078125 55354.35033895173 1802
3230 0 0 0 695249.8352050781 2276.2080078125 55354.35033895173 1802
3240 0 0 0 695249.8352050781 2276.2080078125 55354.35033895173 1802
3250 0 0 0 695249.8352050781 2276.2080078125 55354.35033895173 1802
3260 0 0 0 695249.8352050781 2276.2080078125 55354.35033895173 1802
3270 0 0 0 695249.8352050781 2276.2080078125 55354.35033895173 1802
3280 0 0 0 695249.8352050781 2276.2080078125 55354.35033895173 1802
3290 0 0 0 695249.8352050781 2276.2080078125 55354.35033895173 1802
3300 0 0 0 695249.8352050781 2276.2080078125 55354.35033895173 1802
3310 0 0 0 695249.8352050781 2276.2080078125 55354.35033895173 1802
3320 0 0 0 695249.8352050781 2276.2080078125 55354.35033895173 1802
3330 0 0 0 695249.8352050781 2276.2080078125 55354.35033895173 1802
3340 0 0 0 695249.8352050781 2276.2080078125 55354.35033895173 1802
3350 0 0 0 695249.8352050781 2276.2080078125 55354.35033895173 1802
3360 0 0 0 695249.8352050781 2276.2080078125 55354.35033895173 1802
3370 0 0 0 695249.8352050781 2276.2080078125 55354.35033895173 1802
3380 0 0 0 695249.8352050781 2276.2080078125 55354.35033895173 1802
3390 0 0 0 695249.8352050781 2276.2080078125 55354.35033895173 1802
3400 0 0 0 695249.8352050781 2276.2080078125 55354.35033895173 1802
3410 0 0 0 695249.8352050781 2276.2080078125 55354.35033895173 1802
3420 0 0 0 695249.8352050781 2276.2080078125 55354.35033895173 1802
3430 0 0 0 695249.8352050781 2276.2080078125 55354.35033895173 1802
3440 0 0 0 695249.8352050781 2276.2080078125 55354.35033895173 1802
3450 0 0 0 695249.8352050781 2276.2080078125 55354.35033895173 1802
3460 0 0 0 695249.8352050781 2276.2080078125 55354.35033895173 1802
3470 0 0 0 695249.8352050781 2276.2080078125 55354.35033895173 1802
3480 0 0 0 695249.8352050781 2276.2080078125 55354.35033895173 1802
3490 0 0 0 695249.8352050781 2276.2080078125 55354.35033895173 1802
3500 0 0 0 695249.8352050781 2276.2080078125 55354.35033895173 1802
3510 0 0 0 695249.8352050781 2276.2080078125 55354.35033895173 1802
3520 0 0 0 695249.8352050781 2276.2080078125 55354.35033895173 1802
3530 0 0 0 695249.8352050781 2276.2080078125 55354.35033895173 1802
3540 0 0 0 695249.8352050781 2276.2080078125 55354.35033895173 1802
3550 0 0 0 695249.8352050781 2276.2080078125 55354.35033895173 1802
3560 0 0 0 695249.8352050781 2276.2080078125 55354.35033895173 1802
3570 0 0 0 695249.8352050781 2276.2080078125 55354.35033895173 1802
3580 0 0 0 695249.8352050781 2276.2080078125 55354.35033895173 1802
3590 0 0 0 695249.8352050781 2276.2080078125 55354.35033895173 1802
3600 0 0 0 695249.8352050781 2276.2080078125 55354.35033895173 1802
3610 0 0 0 695249.8352050781 2276.2080078125 55354.35033895173 1802
3620 0 0 0 695249.8352050781 2276.2080078125 55354.35033895173 1802
3630 0 0 0 695249.8352050781 2276.2080078125 55354.35033895173 1802
3640 0 0 0 695249.8352050781 2276.2080078125 55354.35033895173 1802
3650 0 0 0 695249.8352050781 2276.2080078125 55354.35033895173 1802
3660 0 0 0 695249.8352050781 2276.2080078125 55354.35033895173 1802
3670 0 0 0 695249.8352050781 2276.2080078125 55354.35033895173 1802
3680 0 0 0 695249.8352050781 2276.2080078125 55354.35033895173 1802
3690 0 0 0 695249.8352050781 2276.2080078125 55354.35033895173 1802
3700 0 0 0 695249.8352050781 2276.2080078125 55354.35033895173 1802
3710 0 0 0 695249.8352050781 2276.2080078125 55354.35033895173 1802
3720 0 0 0 695249.8352050781 2276.2080078125 55354.35033895173 1802
3730 0 0 0 695249.8352050781 2276.2080078125 55354.35033895173 1802
3740 0 0 0 695249.8352050781 2276.2080078125 55354.35033895173 1802
3750 0 0 0 695249.8352050781 2276.2080078125 55354.35033895173 1802
3760 0 0 0 695249.8352050781 2276.2080078125 55354.35033895173 1802
3770 0 0 0 695249.8352050781 2276.2080078125 55354.35033895173 1802
3780 0 0 0 695249.8352050781 2276.2080078125 55354.35033895173 1802
3790 0 0 0 695249.8352050781 2276.2080078125 55354.35033895173 1802
3800 0 0 0 695249.8352050781 2276.2080078125 55354.35033895173 1802
3810 0 0 0 695249.8352050781 2276.2080078125 55354.35033895173 1802
3820 0 0 0 695249.8352050781 2276.2080078125 55354.35033895173 1802
3830 0 0 0 695249.8352050781 2276.2080078125 55354.35033895173 1802
3840 0 0 0 695249.8352050781 2276.2080078125 55354.35033895173 1802
3850 0 0 0 695249.8352050781 2276.2080078125 55354.35033895173 1802
3860 0 0 0 695249.8352050781 2276.2080078125 55354.35033895173 1802
3870 0 0 0 695249.8352050781 2276.2080078125 55354.35033895173 1802
3880 0 0 0 695249.8352050781 2276.2080078125 55354.35033895173 1802
3890 0 0 0 695249.8352050781 2276.2080078125 55354.35033895173 1802
3900 0 0 0 695249.8352050781 2276.2080078125 55354.35033895173 1802
3910 0 0 0 695249.8352050781 2276.2080078125 55354.35033895173 1802
3920 0 0 0 695249.8352050781 2276.2080078125 55354.35033895173 1802
3930 0 0 0 695249.8352050781 2276.2080078125 55354.35033895173 1802
3940 0 0 0 695249.8352050781 2276.2080078125 55354.35033895173 1802
3950 0 0 0 695249.8352050781 2276.2080078125 55354.35033895173 1802
3960 0 0 0 695249.8352050781 2276.2080078125 55354.35033895173 1802
3970 0 0 0 695249.8352050781 2276.2080078125 55354.35033895173 1802
3980 0 0 0 695249.8352050781 2276.2080078125 55354.35033895173 1802
3990 0 0 0 695249.8352050781 2276.2080078125 55354.35033895173 1802
4000 0 0 0 695249.8352050781 2276.2080078125 55354.35033895173 1802
4010 0 0 0 695249.8352050781 2276.2080078125 55354.35033895173 1802
4020 0 0 0 695249.8352050781 2276.2080078125 55354.35033895173 1802
4030 0 0 0 695249.8352050781 2276.2080078125 55354.35033895173 1802
4040 0 0 0 695249.8352050781 2276.2080078125 55354.35033895173 1802
4050 0 0 0 695249.8352050781 2276.2080078125 55354.35033895173 1802
4060 0 0 0 695249.8352050781 2276.2080078125 55354.35033895173 1802
4070 0 0 0 695249.8352050781 2276.2080078125 55354.35033895173 1802
4080 0 0 0 695249.8352050781 2276.2080078125 55354.35033895173 1802
4090 0 0 0 695249.8352050781 2276.2080078125 55354.35033895173 1802
4100 0 0 0 695249.8352050781 2276.2080078125 55354.35033895173 1802
4110 0 0 0 695249.8352050781 2276.2080078125 55354.35033895173 1802
4120 0 0 0 695249.8352050781 2276.2080078125 55354.35033895173 1802
4130 0 0 0 695249.8352050781 2276.2080078125 55354.35033895173 1802
4140 0 0 0 695249.8352050781 2276.2080078125 55354.35033895173 1802
4150 0 0 0 695249.8352050781 2276.2080078125 55354.35033895173 1802
4160 0 0 0 695249.8352050781 2276.2080078125 55354.35033895173 1802
4170 0 0 0 695249.8352050781 2276.2080078125 55354.35033895173 1802
4180 0 0 0 695249.8352050781 2276.2080078125 55354.35033895173 1802
4190 0 0 0 695249.8352050781 2276.2080078125 55354.35033895173 1802
4200 0 0 0 695249.8352050781 2276.2080078125 55354.35033895173 1802
4210 0 0 0 695249.8352050781 2276.2080078125 55354.35033895173 1802
4220 0 0 0 695249.8352050781 2276.2080078125 55354.35033895173 1802
4230 0 0 0 695249.8352050781 2276.2080078125 55354.35033895173 1802
4240 0 0 0 695249.8352050781 2276.2080078125 55354.35033895173 1802
4250 0 0 0 695249.8352050781 2276.2080078125 55354.35033895173 1802
4260 0 0 0 695249.8352050781 2276.2080078125 55354.35033895173 1802
4270 0 0 0 695249.8352050781 2276.2080078125 55354.35033895173 1802
4280 0 0 0 695249.8352050781 2276.2080078125 55354.35033895173 1802
4290 0 0 0 695249.8352050781 2276.2080078125 55354.35033895173 1802
4300 0 0 0 695249.8352050781 2276.2080078125 55354.35033895173 1802
4310 0 0 0 695249.8352050781 2276.2080078125 55354.35033895173 1802
4320 0 0 0 695249.8352050781 2276.2080078125 55354.35033895173 1802
4330 0 0 0 695249.8352050781 2276.2080078125 55354.35033895173 1802
4340 0 0 0 695249.8352050781 2276.2080078125 55354.35033895173 1802
4350 0 0 0 695249.8352050781 2276.2080078125 55354.35033895173 1802
4360 0 0 0 695249.8352050781 2276.2080078125 55354.35033895173 1802
4370 0 0 0 695249.8352050781 2276.2080078125 55354.35033895173 1802
4380 0 0 0 695249.8352050781 2276.2080078125 55354.35033895173 1802
4390 0 0 0 695249.8352050781 2276.2080078125 55354.35033895173 1802
4400 0 0 0 695249.8352050781 2276.2080078125 55354.35033895173 1802
4410 0 0 0 695249.8352050781 2276.2080078125 55354.35033895173 1802
4420 0 0 0 695249.8352050781 2276.2080078125 55354.35033895173 1802
4430 0 0 0 695249.8352050781 2276.2080078125 55354.35033895173 1802
4440 0 0 0 695249.8352050781 2276.2080078125 55354.35033895173 1802
4450 0 0 0 695249.8352050781 2276.2080078125 55354.35033895173 1802
4460 0 0 0 695249.8352050781 2276.2080078125 55354.35033895173 1802
4470 0 0 0 695249.8352050781 2276.2080078125 55354.35033895173 1802
4480 0 0 0 695249.8352050781 2276.2080078125 55354.35033895173 1802
4490 0 0 0 695249.8352050781 2276.2080078125 55354.35033895173 1802
4500 0 0 0 695249.8352050781 2276.2080078125 55354.35033895173 1802
4510 0 0 0 695249.8352050781 2276.2080078125 55354.35033895173 1802
4520 0 0 0 695249.8352050781 2276.2080078125 55354.35033895173 1802
4530 0 0 0 695249.8352050781 2276.2080078125 55354.35033895173 1802
4540 0 0 0 695249.8352050781 2276.2080078125 55354.35033895173 1802
4550 0 0 0 695249.8352050781 2276.2080078125 55354.35033895173 1802
4560 0 0 0 695249.8352050781 2276.2080078125 55354.35033895173 1802
4570 0 0 0 695249.8352050781 2276.2080078125 55354.35033895173 1802
4580 0 0 0 695249.8352050781 2276.2080078125 55354.35033895173 1802
4590 0 0 0 695249.8352050781 2276.2080078125 55354.35033895173 1802
4600 0 0 0 695249.8352050781 2276.2080078125 55354.35033895173 1802
4610 0 0 0 695249.8352050781 2276.2080078125 55354.35033895173 1802
4620 0 0 0 695249.8352050781 2276.2080078125 55354.35033895173 1802
4630 0 0 0 695249.8352050781 2276.2080078125 55354.35033895173 1802
4640 0 0 0 695249.8352050781 2276.2080078125 55354.35033895173 1802
4650 0 0 0 695249.8352050781 2276.2080078125 55354.35033895173 1802
4660 0 0 0 695249.8352050781 2276.2080078125 55354.35033895173 1802
4670 0 0 0 695249.8352050781 2276.2080078125 55354.35033895173 1802
4680 0 0 0 695249.8352050781 2276.2080078125 55354.35033895173 1802
4690 0 0 0 695249.8352050781 2276.2080078125 55354.35033895173 1802
4700 0 0 0 695249.8352050781 2276.2080078125 55354.35033895173 1802
4710 0 0 0 695249.8352050781 2276.2080078125 55354.35033895173 1802
4720 0 0 0 695249.8352050781 2276.2080078125 55354.35033895173 1802
4730 0 0 0 695249.8352050781 2276.2080078125 55354.35033895173 1802
4740 0 0 0 695249.8352050781 2276.2080078125 55354.35033895173 1802
4750 0 0 0 695249.8352050781 2276.2080078125 55354.35033895173 1802
4760 0 0 0 695249.8352050781 2276.2080078125 55354.35033895173 1802
4770 0 0 0 695249.8352050781 2276.2080078125 55354.35033895173 1802
4780 0 0 0 695249.8352050781 2276.2080078125 55354.35033895173 1802
4790 0 0 0 695249.8352050781 2276.2080078125 55354.35033895173 1802
4800 0 0 0 695249.8352050781 2276.2080078125 55354.35033895173 1802
4810 0 0 0 695249.8352050781 2276.2080078125 55354.35033895173 1802
4820 0 0 0 695249.8352050781 2276.2080078125 55354.35033895173 1802
4830 0 0 0 695249.8352050781 2276.2080078125 55354.35033895173 1802
4840 0 0 0 695249.8352050781 2276.2080078125 55354.35033895173 1802
4850 0 0 0 695249.8352050781 2276.2080078125 55354.35033895173 1802
4860 0 0 0 695249.8352050781 2276.2080078125 55354.35033895173 1802
4870 0 0 0 695249.8352050781 2276.2080078125 55354.35033895173 1802
4880 0 0 0 695249.8352050781 2276.2080078125 55354.35033895173 1802
4890 0 0 0 695249.8352050781 2276.2080078125 55354.35033895173 1802
4900 0 0 0 695249.8352050781 2276.2080078125 55354.35033895173 1802
4910 0 0 0 695249.8352050781 2276.2080078125 55354.35033895173 1802
4920 0 0 0 695249.8352050781 2276.2080078125 55354.35033895173 1802
4930 0 0 0 695249.8352050781 2276.2080078125 55354.35033895173 1802
4940 0 0 0 695249.8352050781 2276.2080078125 55354.35033895173 1802
4950 0 0 0 695249.8352050781 2276.2080078125 55354.35033895173 1802
4960 0 0 0 695249.8352050781 2276.2080078125 55354.35033895173 1802
4970 0 0 0 695249.8352050781 2276.2080078125 55354.35033895173 1802
4980 0 0 0 695249.8352050781 2276.2080078125 55354.35033895173 1802
4990 0 0 0 695249.8352050781 2276.2080078125 55354.35033895173 1802
5000 0 0 0 695249.8352050781 2276.2080078125 55354.35033895173 1802
5010 0 0 0 695249.8352050781 2276.2080078125 55354.35033895173 1802
5020 0 0 0 695249.8352050781 2276.2080078125 55354.35033895173 1802
5030 0 0 0 695249.8352050781 2276.2080078125 55354.35033895173 1802
5040 0 0 0 695249.8352050781 2276.2080078125 55354.35033895173 1802
5050 0 0 0 695249.8352050781 2276.2080078125 55354.35033895173 1802
5060 0 0 0 695249.8352050781 2276.2080078125 55354.35033895173 1802
5070 0 0 0 695249.8352050781 2276.2080078125 55354.35033895173 1802
5080 0 0 0 695249.8352050781 2276.2080078125 55354.35033895173 1802
5090 0 0 0 695249.8352050781 2276.2080078125 55354.35033895173 1802
5100 0 0 0 695249.8352050781 2276.2080078125 55354.35033895173 1802
5110 0 0 0 695249.8352050781 2276.2080078125 55354.35033895173 1802
5120 0 0 0 695249.8352050781 2276.2080078125 55354.35033895173 1802
5130 0 0 0 695249.8352050781 2276.2080078125 55354.35033895173 1802
5140 0 0 0 695249.8352050781 2276.2080078125 55354.35033895173 1802
5150 0 0 0 695249.8352050781 2276.2080078125 55354.35033895173 1802
5160 0 0 0 695249.8352050781 2276.2080078125 55354.35033895173 1802
5170 0 0 0 695249.8352050781 2276.2080078125 55354.35033895173 1802
5180 0 0 0 695249.8352050781 2276.2080078125 55354.35033895173 1802
5190 0 0 0 695249.8352050781 2276.2080078125 55354.35033895173 1802
5200 0 0 0 695249.8352050781 2276.2080078125 55354.35033895173 1802
5210 0 0 0 695249.8352050781 2276.2080078125 55354.35033895173 1802
5220 0 0 0 695249.8352050781 2276.2080078125 55354.35033895173 1802
5230 0 0 0 695249.8352050781 2276.2080078125 55354.35033895173 1802
5240 0 0 0 695249.8352050781 2276.2080078125 55354.35033895173 1802
5250 0 0 0 695249.8352050781 2276.2080078125 55354.35033895173 1802
5260 0 0 0 695249.8352050781 2276.2080078125 55354.35033895173 1802
5270 0 0 0 695249.8352050781 2276.2080078125 55354.35033895173 1802
5280 0 0 0 695249.8352050781 2276.2080078125 55354.35033895173 1802
5290 0 0 0 695249.8352050781 2276.2080078125 55354.35033895173 1802
5300 0 0 0 695249.8352050781 2276.2080078125 55354.35033895173 1802
5310 0 0 0 695249.8352050781 2276.2080078125 55354.35033895173 1802
5320 0 0 0 695249.8352050781 2276.2080078125 55354.35033895173 1802
5330 0 0 0 695249.8352050781 2276.2080078125 55354.35033895173 1802
5340 0 0 0 695249.8352050781 2276.2080078125 55354.35033895173 1802
5350 0 0 0 695249.8352050781 2276.2080078125 55354.35033895173 1802
5360 0 0 0 695249.8352050781 2276.2080078125 55354.35033895173 1802
5370 0 0 0 695249.8352050781 2276.2080078125 55354.35033895173 1802
5380 0 0 0 695249.8352050781 2276.2080078125 55354.35033895173 1802
5390 0 0 0 695249.8352050781 2276.2080078125 55354.35033895173 1802
5400 0 0 0 695249.8352050781 2276.2080078125 55354.35033895173 1802
5410 0 0 0 695249.8352050781 2276.2080078125 55354.35033895173 1802
5420 0 0 0 695249.8352050781 2276.2080078125 55354.35033895173 1802
5430 0 0 0 695249.8352050781 2276.2080078125 55354.35033895173 1802
5440 0 0 0 695249.8352050781 2276.2080078125 55354.35033895173 1802
5450 0 0 0 695249.8352050781 2276.2080078125 55354.35033895173 1802
5460 0 0 0 695249.8352050781 2276.2080078125 55354.35033895173 1802
5470 0 0 0 695249.8352050781 2276.2080078125 55354.35033895173 1802
5480 0 0 0 695249.8352050781 2276.2080078125 55354.35033895173 1802
5490 0 0 0 695249.8352050781 2276.2080078125 55354.35033895173 1802
5500 0 0 0 695249.8352050781 2276.2080078125 55354.35033895173 1802
5510 0 0 0 695249.8352050781 2276.2080078125 55354.35033895173 1802
5520 0 0 0 695249.8352050781 2276.2080078125 55354.35033895173 1802
5530 0 0 0 695249.8352050781 2276.2080078125 55354.35033895173 1802
5540 0 0 0 695249.8352050781 2276.2080078125 55354.35033895173 1802
5550 0 0 0 695249.8352050781 2276.2080078125 55354.35033895173 1802
5560 0 0 0 695249.8352050781 2276.2080078125 55354.35033895173 1802
5570 0 0 0 695249.8352050781 2276.2080078125 55354.35033895173 1802
5580 0 0 0 695249.8352050781 2276.2080078125 55354.35033895173 1802
5590 0 0 0 695249.8352050781 2276.2080078125 55354.35033895173 1802
5600 0 0 0 695249.8352050781 2276.2080078125 55354.35033895173 1802
5610 0 0 0 695249.8352050781 2276.2080078125 55354.35033895173 1802
5620 0 0 0 695249.8352050781 2276.2080078125 55354.35033895173 1802
5630 0 0 0 695249.8352050781 2276.2080078125 55354.35033895173 1802
5640 0 0 0 695249.8352050781 2276.2080078125 55354.35033895173 1802
5650 0 0 0 695249.8352050781 2276.2080078125 55354.35033895173 1802
5660 0 0 0 695249.8352050781 2276.2080078125 55354.35033895173 1802
5670 0 0 0 695249.8352050781 2276.2080078125 55354.35033895173 1802
5680 0 0 0 695249.8352050781 2276.2080078125 55354.35033895173 1802
5690 0 0 0 695249.8352050781 2276.2080078125 55354.35033895173 1802
5700 0 0 0 695249.8352050781 2276.2080078125 55354.35033895173 1802
5710 0 0 0 695249.8352050781 2276.2080078125 55354.35033895173 1802
5720 0 0 0 695249.8352050781 2276.2080078125 55354.35033895173 1802
5730 0 0 0 695249.8352050781 2276.2080078125 55354.35033895173 1802
5740 0 0 0 695249.8352050781 2276.2080078125 55354.35033895173 1802
5750 0 0 0 695249.8352050781 2276.2080078125 55354.35033895173 1802
5760 0 0 0 695249.8352050781 2276.2080078125 55354.35033895173 1802
5770 0 0 0 695249.8352050781 2276.2080078125 55354.35033895173 1802
5780 0 0 0 695249.8352050781 2276.2080078125 55354.35033895173 1802
5790 0 0 0 695249.8352050781 2276.2080078125 55354.35033895173 1802
5800 0 0 0 695249.8352050781 2276.2080078125 55354.35033895173 1802
5810 0 0 0 695249.8352050781 2276.2080078125 55354.35033895173 1802
5820 0 0 0 695249.8352050781 2276.2080078125 55354.35033895173 1802
5830 0 0 0 695249.8352050781 2276.2080078125 55354.35033895173 1802
5840 0 0 0 695249.8352050781 2276.2080078125 55354.35033895173 1802
5850 0 0 0 695249.8352050781 2276.2080078125 55354.35033895173 1802
5860 0 0 0 695249.8352050781 2276.2080078125 55354.35033895173 1802
5870 0 0 0 695249.8352050781 2276.2080078125 55354.35033895173 1802
5880 0 0 0 695249.8352050781 2276.2080078125 55354.35033895173 1802
5890 0 0 0 695249.8352050781 2276.2080078125 55354.35033895173 1802
5900 0 0 0 695249.8352050781 2276.2080078125 55354.35033895173 1802
5910 0 0 0 695249.8352050781 2276.2080078125 55354.35033895173 1802
5920 0 0 0 695249.8352050781 2276.2080078125 55354.35033895173 1802
5930 0 0 0 695249.8352050781 2276.2080078125 55354.35033895173 1802
5940 0 0 0 695249.8352050781 2276.2080078125 55354.35033895173 1802
5950 0 0 0 695249.8352050781 2276.2080078125 55354.35033895173 1802
5960 0 0 0 695249.8352050781 2276.2080078125 55354.35033895173 1802
5970 0 0 0 695249.8352050781 2276.2080078125 55354.35033895173 1802
5980 0 0 0 695249.8352050781 2276.2080078125 55354.35033895173 1802
5990 0 0 0 695249.8352050781 2276.2080078125 55354.35033895173 1802
6000 0 0 0 695249.8352050781 2276.2080078125 55354.35033895173 1802
6010 0 0 0 695249.8352050781 2276.2080078125 55354.35033895173 1802
6020 0 0 0 695249.8352050781 2276.2080078125 55354.35033895173 1802
6030 0 0 0 695249.8352050781 2276.2080078125 55354.35033895173 1802
6040 0 0 0 695249.8352050781 2276.2080078125 55354.35033895173 1802
6050 0 0 0 695249.8352050781 2276.2080078125 55354.35033895173 1802
6060 0 0 0 695249.8352050781 2276.2080078125 55354.35033895173 1802
6070 0 0 0 695249.8352050781 2276.2080078125 55354.35033895173 1802
6080 0 0 0 695249.8352050781 2276.2080078125 55354.35033895173 1802
6090 0 0 0 695249.8352050781 2276.2080078125 55354.35033895173 1802
6100 0 0 0 695249.8352050781 2276.2080078125 55354.35033895173 1802
6110 0 0 0 695249.8352050781 2276.2080078125 55354.35033895173 1802
6120 0 0 0 695249.8352050781 2276.2080078125 55354.35033895173 1802
6130 0 0 0 695249.8352050781 2276.2080078125 55354.35033895173 1802
6140 0 0 0 695249.8352050781 2276.2080078125 55354.35033895173 1802
6150 0 0 0 695249.8352050781 2276.2080078125 55354.35033895173 1802
6160 0 0 0 695249.8352050781 2276.2080078125 55354.35033895173 1802
6170 0 0 0 695249.8352050781 2276.2080078125 55354.35033895173 1802
6180 0 0 0 695249.8352050781 2276.2080078125 55354.35033895173 1802
6190 0 0 0 695249.8352050781 2276.2080078125 55354.35033895173 1802
6200 0 0 0 695249.8352050781 2276.2080078125 55354.35033895173 1802
6210 0 0 0 695249.8352050781 2276.2080078125 55354.35033895173 1802
6220 0 0 0 695249.8352050781 2276.2080078125 55354.35033895173 1802
6230 0 0 0 695249.8352050781 2276.2080078125 55354.35033895173 1802
6240 0 0 0 695249.8352050781 2276.2080078125 55354.35033895173 1802
6250 0 0 0 695249.8352050781 2276.2080078125 55354.35033895173 1802
6260 0 0 0 695249.8352050781 2276.2080078125 55354.35033895173 1802
6270 0 0 0 695249.8352050781 2276.2080078125 55354.35033895173 1802
6280 0 0 0 695249.8352050781 2276.2080078125 55354.35033895173 1802
6290 0 0 0 695249.8352050781 2276.2080078125 55354.35033895173 1802
6300 0 0 0 695249.8352050781 2276.2080078125 55354.35033895173 1802
6310 0 0 0 695249.8352050781 2276.2080078125 55354.35033895173 1802
6320 0 0 0 695249.8352050781 2276.2080078125 55354.35033895173 1802
6330 0 0 0 695249.8352050781 2276.2080078125 55354.35033895173 1802
6340 0 0 0 695249.8352050781 2276.2080078125 55354.35033895173 1802
6350 0 0 0 695249.8352050781 2276.2080078125 55354.35033895173 1802
6360 0 0 0 695249.8352050781 2276.2080078125 55354.35033895173 1802
6370 0 0 0 695249.8352050781 2276.2080078125 55354.35033895173 1802
6380 0 0 0 695249.8352050781 2276.2080078125 55354.35033895173 1802
6390 0 0 0 695249.8352050781 2276.2080078125 55354.35033895173 1802
6400 0 0 0 695249.8352050781 2276.2080078125 55354.35033895173 1802
6410 0 0 0 695249.8352050781 2276.2080078125 55354.35033895173 1802
6420 0 0 0 695249.8352050781 2276.2080078125 55354.35033895173 1802
6430 0 0 0 695249.8352050781 2276.2080078125 55354.35033895173 1802
6440 0 0 0 695249.8352050781 2276.2080078125 55354.35033895173 1802
6450 0 0 0 695249.8352050781 2276.2080078125 55354.35033895173 1802
6460 0 0 0 695249.8352050781 2276.2080078125 55354.35033895173 1802
6470 0 0 0 695249.8352050781 2276.2080078125 55354.35033895173 1802
6480 0 0 0 695249.8352050781 2276.2080078125 55354.35033895173 1802
6490 0 0 0 695249.8352050781 2276.2080078125 55354.35033895173 1802
6500 0 0 0 695249.8352050781 2276.2080078125 55354.35033895173 1802
6510 0 0 0 695249.8352050781 2276.2080078125 55354.35033895173 1802
6520 0 0 0 695249.8352050781 2276.2080078125 55354.35033895173 1802
6530 0 0 0 695249.8352050781 2276.2080078125 55354.35033895173 1802
6540 0 0 0 695249.8352050781 2276.2080078125 55354.35033895173 1802
6550 0 0 0 695249.8352050781 2276.2080078125 55354.35033895173 1802
6560 0 0 0 695249.8352050781 2276.2080078125 55354.35033895173 1802
6570 0 0 0 695249.8352050781 2276.2080078125 55354.35033895173 1802
6580 0 0 0 695249.8352050781 2276.2080078125 55354.35033895173 1802
6590 0 0 0 695249.8352050781 2276.2080078125 55354.35033895173 1802
6600 0 0 0 695249.8352050781 2276.2080078125 55354.35033895173 1802
6610 0 0 0 695249.8352050781 2276.2080078125 55354.35033895173 1802
6620 0 0 0 695249.8352050781 2276.2080078125 55354.35033895173 1802
6630 0 0 0 695249.8352050781 2276.2080078125 55354.35033895173 1802
6640 0 0 0 695249.8352050781 2276.2080078125 55354.35033895173 1802
6650 0 0 0 695249.8352050781 2276.2080078125 55354.35033895173 1802
6660 0 0 0 695249.8352050781 2276.2080078125 55354.35033895173 1802
6670 0 0 0 695249.8352050781 2276.2080078125 55354.35033895173 1802
6680 0 0 0 695249.8352050781 2276.2080078125 55354.35033895173 1802
6690 0 0 0 695249.8352050781 2276.2080078125 55354.35033895173 1802
6700 0 0 0 695249.8352050781 2276.2080078125 55354.35033895173 1802
6710 0 0 0 695249.8352050781 2276.2080078125 55354.35033895173 1802
6720 0 0 0 695249.8352050781 2276.2080078125 55354.35033895173 1802
6730 0 0 0 695249.8352050781 2276.2080078125 55354.35033895173 1802
6740 0 0 0 695249.8352050781 2276.2080078125 55354.35033895173 1802
6750 0 0 0 695249.8352050781 2276.2080078125 55354.35033895173 1802
6760 0 0 0 695249.8352050781 2276.2080078125 55354.35033895173 1802
6770 0 0 0 695249.8352050781 2276.2080078125 55354.35033895173 1802
6780 0 0 0 695249.8352050781 2276.2080078125 55354.35033895173 1802
6790 0 0 0 695249.8352050781 2276.2080078125 55354.35033895173 1802
6800 0 0 0 695249.8352050781 2276.2080078125 55354.35033895173 1802
6810 0 0 0 695249.8352050781 2276.2080078125 55354.35033895173 1802
6820 0 0 0 695249.8352050781 2276.2080078125 55354.35033895173 1802
6830 0 0 0 695249.8352050781 2276.2080078125 55354.35033895173 1802
6840 0 0 0 695249.8352050781 2276.2080078125 55354.35033895173 1802
6850 0 0 0 695249.8352050781 2276.2080078125 55354.35033895173 1802
6860 0 0 0 695249.8352050781 2276.2080078125 55354.35033895173 1802
6870 0 0 0 695249.8352050781 2276.2080078125 55354.35033895173 1802
6880 0 0 0 695249.8352050781 2276.2080078125 55354.35033895173 1802
6890 0 0 0 695249.8352050781 2276.2080078125 55354.35033895173 1802
6900 0 0 0 695249.8352050781 2276.2080078125 55354.35033895173 1802
6910 0 0 0 695249.8352050781 2276.2080078125 55354.35033895173 1802
6920 0 0 0 695249.8352050781 2276.2080078125 55354.35033895173 1802
6930 0 0 0 695249.8352050781 2276.2080078125 55354.35033895173 1802
6940 0 0 0 695249.8352050781 2276.2080078125 55354.35033895173 1802
6950 0 0 0 695249.8352050781 2276.2080078125 55354.35033895173 1802
6960 0 0 0 695249.8352050781 2276.2080078125 55354.35033895173 1802
6970 0 0 0 695249.8352050781 2276.2080078125 55354.35033895173 1802
6980 0 0 0 695249.8352050781 2276.2080078125 55354.35033895173 1802
6990 0 0 0 695249.8352050781 2276.2080078125 55354.35033895173 1802
7000 0 0 0 695249.8352050781 2276.2080078125 55354.35033895173 1802
7010 0 0 0 695249.8352050781 2276.2080078125 55354.35033895173 1802
7020 0 0 0 695249.8352050781 2276.2080078125 55354.35033895173 1802
7030 0 0 0 695249.8352050781 2276.2080078125 55354.35033895173 1802
7040 0 0 0 695249.8352050781 2276.2080078125 55354.35033895173 1802
7050 0 0 0 695249.8352050781 2276.2080078125 55354.35033895173 1802
7060 0 0 0 695249.8352050781 2276.2080078125 55354.35033895173 1802
7070 0 0 0 695249.8352050781 2276.2080078125 55354.35033895173 1802
7080 0 0 0 695249.8352050781 2276.2080078125 55354.35033895173 1802
7090 0 0 0 695249.8352050781 2276.2080078125 55354.35033895173 1802
7100 0 0 0 695249.8352050781 2276.2080078125 55354.35033895173 1802
7110 0 0 0 695249.8352050781 2276.2080078125 55354.35033895173 1802
7120 0 0 0 695249.8352050781 2276.2080078125 55354.35033895173 1802
7130 0 0 0 695249.8352050781 2276.2080078125 55354.35033895173 1802
7140 0 0 0 695249.8352050781 2276.2080078125 55354.35033895173 1802
7150 0 0 0 695249.8352050781 2276.2080078125 55354.35033895173 1802
7160 0 0 0 695249.8352050781 2276.2080078125 55354.35033895173 1802
7170 0 0 0 695249.8352050781 2276.2080078125 55354.35033895173 1802
7180 0 0 0 695249.8352050781 2276.2080078125 55354.35033895173 1802
7190 0 0 0 695249.8352050781 2276.2080078125 55354.35033895173 1802
7200 0 0 0 695249.8352050781 2276.2080078125 55354.35033895173 1802
7210 0 0 0 695249.8352050781 2276.2080078125 55354.35033895173 1802
7220 0 0 0 695249.8352050781 2276.2080078125 55354.35033895173 1802
7230 0 0 0 695249.8352050781 2276.2080078125 55354.35033895173 1802
7240 0 0 0 695249.8352050781 2276.2080078125 55354.35033895173 1802
7250 0 0 0 695249.8352050781 2276.2080078125 55354.35033895173 1802
7260 0 0 0 695249.8352050781 2276.2080078125 55354.35033895173 1802
7270 0 0 0 695249.8352050781 2276.2080078125 55354.35033895173 1802
7280 0 0 0 695249.8352050781 2276.2080078125 55354.35033895173 1802
7290 0 0 0 695249.8352050781 2276.2080078125 55354.35033895173 1802
7300 0 0 0 695249.8352050781 2276.2080078125 55354.35033895173 1802
7310 0 0 0 695249.8352050781 2276.2080078125 55354.35033895173 1802
7320 0 0 0 695249.8352050781 2276.2080078125 55354.35033895173 1802
7330 0 0 0 695249.8352050781 2276.2080078125 55354.35033895173 1802
7340 0 0 0 695249.8352050781 2276.2080078125 55354.35033895173 1802
7350 0 0 0 695249.8352050781 2276.2080078125 55354.35033895173 1802
7360 0 0 0 695249.8352050781 2276.2080078125 55354.35033895173 1802
7370 0 0 0 695249.8352050781 2276.2080078125 55354.35033895173 1802
7380 0 0 0 695249.8352050781 2276.2080078125 55354.35033895173 1802
7390 0 0 0 695249.8352050781 2276.2080078125 55354.35033895173 1802
7400 0 0 0 695249.8352050781 2276.2080078125 55354.35033895173 1802
7410 0 0 0 695249.8352050781 2276.2080078125 55354.35033895173 1802
7420 0 0 0 695249.8352050781 2276.2080078125 55354.35033895173 1802
7430 0 0 0 695249.8352050781 2276.2080078125 55354.35033895173 1802
7440 0 0 0 695249.8352050781 2276.2080078125 55354.35033895173 1802
7450 0 0 0 695249.8352050781 2276.2080078125 55354.35033895173 1802
7460 0 0 0 695249.8352050781 2276.2080078125 55354.35033895173 1802
7470 0 0 0 695249.8352050781 2276.2080078125 55354.35033895173 1802
7480 0 0 0 695249.8352050781 2276.2080078125 55354.35033895173 1802
7490 0 0 0 695249.8352050781 2276.2080078125 55354.35033895173 1802
7500 0 0 0 695249.8352050781 2276.2080078125 55354.35033895173 1802
7510 0 0 0 695249.8352050781 2276.2080078125 55354.35033895173 1802
7520 0 0 0 695249.8352050781 2276.2080078125 55354.35033895173 1802
7530 0 0 0 695249.8352050781 2276.2080078125 55354.35033895173 1802
7540 0 0 0 695249.8352050781 2276.2080078125 55354.35033895173 1802
7550 0 0 0 695249.8352050781 2276.2080078125 55354.35033895173 1802
7560 0 0 0 695249.8352050781 2276.2080078125 55354.35033895173 1802
7570 0 0 0 695249.8352050781 2276.2080078125 55354.35033895173 1802
7580 0 0 0 695249.8352050781 2276.2080078125 55354.35033895173 1802
7590 0 0 0 695249.8352050781 2276.2080078125 55354.35033895173 1802
7600 0 0 0 695249.8352050781 2276.2080078125 55354.35033895173 1802
7610 0 0 0 695249.8352050781 2276.2080078125 55354.35033895173 1802
7620 0 0 0 695249.8352050781 2276.2080078125 55354.35033895173 1802
7630 0 0 0 695249.8352050781 2276.2080078125 55354.35033895173 1802
7640 0 0 0 695249.8352050781 2276.2080078125 55354.35033895173 1802
7650 0 0 0 695249.8352050781 2276.2080078125 55354.35033895173 1802
7660 0 0 0 695249.8352050781 2276.2080078125 55354.35033895173 1802
7670 0 0 0 695249.8352050781 2276.2080078125 55354.35033895173 1802
7680 0 0 0 695249.8352050781 2276.2080078125 55354.35033895173 1802
7690 0 0 0 695249.8352050781 2276.2080078125 55354.35033895173 1802
7700 0 0 0 695249.8352050781 2276.2080078125 55354.35033895173 1802
7710 0 0 0 695249.8352050781 2276.2080078125 55354.35033895173 1802
7720 0 0 0 695249.8352050781 2276.2080078125 55354.35033895173 1802
7730 0 0 0 695249.8352050781 2276.2080078125 55354.35033895173 1802
7740 0 0 0 695249.8352050781 2276.2080078125 55354.35033895173 1802
7750 0 0 0 695249.8352050781 2276.2080078125 55354.35033895173 1802
7760 0 0 0 695249.8352050781 2276.2080078125 55354.35033895173 1802
7770 0 0 0 695249.8352050781 2276.2080078125 55354.35033895173 1802
7780 0 0 0 695249.8352050781 2276.2080078125 55354.35033895173 1802
7790 0 0 0 695249.8352050781 2276.2080078125 55354.35033895173 1802
7800 0 0 0 695249.8352050781 2276.2080078125 55354.35033895173 1802
7810 0 0 0 695249.8352050781 2276.2080078125 55354.35033895173 1802
7820 0 0 0 695249.8352050781 2276.2080078125 55354.35033895173 1802
7830 0 0 0 695249.8352050781 2276.2080078125 55354.35033895173 1802
7840 0 0 0 695249.8352050781 2276.2080078125 55354.35033895173 1802
7850 0 0 0 695249.8352050781 2276.2080078125 55354.35033895173 1802
7860 0 0 0 695249.8352050781 2276.2080078125 55354.35033895173 1802
7870 0 0 0 695249.8352050781 2276.2080078125 55354.35033895173 1802
7880 0 0 0 695249.8352050781 2276.2080078125 55354.35033895173 1802
