0 0 0
10 2.3 23
20 2.5 48
30 1.3 61
40 4.2 103
50 4.1 144
60 3.1 175
70 6.5 240
80 8.4 324
90 7.6 400
100 14.5 545
110 14.7 692
120 16.2 854
130 27.8 1132
140 31.7 1449
150 32.4 1773
160 5.5 1828
170 0 1828
180 0 1828
190 0 1828
200 0 1828
210 0 1828
220 0 1828
230 0 1828
240 0 1828
250 0 1828
260 0 1828
270 0 1828
280 0 1828
290 0 1828
300 0 1828
310 0 1828
320 0 1828
330 0 1828
340 0 1828
350 0 1828
360 0 1828
370 0 1828
380 0 1828
390 0 1828
400 0 1828
410 0 1828
420 0 1828
430 0 1828
440 0 1828
450 0 1828
460 0 1828
470 0 1828
480 0 1828
490 0 1828
500 0 1828
510 0 1828
520 0 1828
530 0 1828
540 0 1828
550 0 1828
560 0 1828
570 0 1828
580 0 1828
590 0 1828
600 0 1828
610 0 1828
620 0 1828
630 0 1828
640 0 1828
650 0 1828
660 0 1828
670 0 1828
680 0 1828
690 0 1828
700 0 1828
710 0 1828
720 0 1828
730 0 1828
740 0 1828
750 0 1828
760 0 1828
770 0 1828
780 0 1828
790 0 1828
800 0 1828
810 0 1828
820 0 1828
830 0 1828
840 0 1828
850 0 1828
860 0 1828
870 0 1828
880 0 1828
890 0 1828
900 0 1828
910 0 1828
920 0 1828
930 0 1828
940 0 1828
950 0 1828
960 0 1828
970 0 1828
980 0 1828
990 0 1828
1000 0 1828
1010 0 1828
1020 0 1828
1030 0 1828
1040 0 1828
1050 0 1828
1060 0 1828
1070 0 1828
1080 0 1828
1090 0 1828
1100 0 1828
1110 0 1828
1120 0 1828
1130 0 1828
1140 0 1828
1150 0 1828
1160 0 1828
1170 0 1828
1180 0 1828
1190 0 1828
1200 0 1828
1210 0 1828
1220 0 1828
1230 0 1828
1240 0 1828
1250 0 1828
1260 0 1828
1270 0 1828
1280 0 1828
1290 0 1828
1300 0 1828
1310 0 1828
1320 0 1828
1330 0 1828
1340 0 1828
1350 0 1828
1360 0 1828
1370 0 1828
1380 0 1828
1390 0 1828
1400 0 1828
1410 0 1828
1420 0 1828
1430 0 1828
1440 0 1828
1450 0 1828
1460 0 1828
1470 0 1828
1480 0 1828
1490 0 1828
1500 0 1828
1510 0 1828
1520 0 1828
1530 0 1828
1540 0 1828
1550 0 1828
1560 0 1828
1570 0 1828
1580 0 1828
1590 0 1828
1600 0 1828
1610 0 1828
1620 0 1828
1630 0 1828
1640 0 1828
1650 0 1828
1660 0 1828
1670 0 1828
1680 0 1828
1690 0 1828
1700 0 1828
1710 0 1828
1720 0 1828
1730 0 1828
1740 0 1828
1750 0 1828
1760 0 1828
1770 0 1828
1780 0 1828
1790 0 1828
1800 0 1828
1810 0 1828
1820 0 1828
1830 0 1828
1840 0 1828
1850 0 1828
1860 0 1828
1870 0 1828
1880 0 1828
1890 0 1828
1900 0 1828
1910 0 1828
1920 0 1828
1930 0 1828
1940 0 1828
1950 0 1828
1960 0 1828
1970 0 1828
1980 0 1828
1990 0 1828
2000 0 1828
2010 0 1828
2020 0 1828
2030 0 1828
2040 0 1828
2050 0 1828
2060 0 1828
2070 0 1828
2080 0 1828
2090 0 1828
2100 0 1828
2110 0 1828
2120 0 1828
2130 0 1828
2140 0 1828
2150 0 1828
2160 0 1828
2170 0 1828
2180 0 1828
2190 0 1828
2200 0 1828
2210 0 1828
2220 0 1828
2230 0 1828
2240 0 1828
2250 0 1828
2260 0 1828
2270 0 1828
2280 0 1828
2290 0 1828
2300 0 1828
2310 0 1828
2320 0 1828
2330 0 1828
2340 0 1828
2350 0 1828
2360 0 1828
2370 0 1828
2380 0 1828
2390 0 1828
2400 0 1828
2410 0 1828
2420 0 1828
2430 0 1828
2440 0 1828
2450 0 1828
2460 0 1828
2470 0 1828
2480 0 1828
2490 0 1828
2500 0 1828
2510 0 1828
2520 0 1828
2530 0 1828
2540 0 1828
2550 0 1828
2560 0 1828
2570 0 1828
2580 0 1828
2590 0 1828
2600 0 1828
2610 0 1828
2620 0 1828
2630 0 1828
2640 0 1828
2650 0 1828
2660 0 1828
2670 0 1828
2680 0 1828
2690 0 1828
2700 0 1828
2710 0 1828
2720 0 1828
2730 0 1828
2740 0 1828
2750 0 1828
2760 0 1828
2770 0 1828
2780 0 1828
2790 0 1828
2800 0 1828
2810 0 1828
2820 0 1828
2830 0 1828
2840 0 1828
2850 0 1828
2860 0 1828
2870 0 1828
2880 0 1828
2890 0 1828
2900 0 1828
2910 0 1828
2920 0 1828
2930 0 1828
2940 0 1828
2950 0 1828
2960 0 1828
2970 0 1828
2980 0 1828
2990 0 1828
3000 0 1828
3010 0 1828
3020 0 1828
3030 0 1828
3040 0 1828
3050 0 1828
3060 0 1828
3070 0 1828
3080 0 1828
3090 0 1828
3100 0 1828
3110 0 1828
3120 0 1828
3130 0 1828
3140 0 1828
3150 0 1828
3160 0 1828
3170 0 1828
3180 0 1828
3190 0 1828
3200 0 1828
3210 0 1828
3220 0 1828
3230 0 1828
3240 0 1828
3250 0 1828
3260 0 1828
3270 0 1828
3280 0 1828
3290 0 1828
3300 0 1828
3310 0 1828
3320 0 1828
3330 0 1828
3340 0 1828
3350 0 1828
3360 0 1828
3370 0 1828
3380 0 1828
3390 0 1828
3400 0 1828
3410 0 1828
3420 0 1828
3430 0 1828
3440 0 1828
3450 0 1828
3460 0 1828
3470 0 1828
3480 0 1828
3490 0 1828
3500 0 1828
3510 0 1828
3520 0 1828
3530 0 1828
3540 0 1828
3550 0 1828
3560 0 1828
3570 0 1828
3580 0 1828
3590 0 1828
3600 0 1828
3610 0 1828
3620 0 1828
3630 0 1828
3640 0 1828
3650 0 1828
3660 0 1828
3670 0 1828
3680 0 1828
3690 0 1828
3700 0 1828
3710 0 1828
3720 0 1828
3730 0 1828
3740 0 1828
3750 0 1828
3760 0 1828
3770 0 1828
3780 0 1828
3790 0 1828
3800 0 1828
3810 0 1828
3820 0 1828
3830 0 1828
3840 0 1828
3850 0 1828
3860 0 1828
3870 0 1828
3880 0 1828
3890 0 1828
3900 0 1828
3910 0 1828
3920 0 1828
3930 0 1828
3940 0 1828
3950 0 1828
3960 0 1828
3970 0 1828
3980 0 1828
3990 0 1828
4000 0 1828
4010 0 1828
4020 0 1828
4030 0 1828
4040 0 1828
4050 0 1828
4060 0 1828
4070 0 1828
4080 0 1828
4090 0 1828
4100 0 1828
4110 0 1828
4120 0 1828
4130 0 1828
4140 0 1828
4150 0 1828
4160 0 1828
4170 0 1828
4180 0 1828
4190 0 1828
4200 0 1828
4210 0 1828
4220 0 1828
4230 0 1828
4240 0 1828
4250 0 1828
4260 0 1828
4270 0 1828
4280 0 1828
4290 0 1828
4300 0 1828
4310 0 1828
4320 0 1828
4330 0 1828
4340 0 1828
4350 0 1828
4360 0 1828
4370 0 1828
4380 0 1828
4390 0 1828
4400 0 1828
4410 0 1828
4420 0 1828
4430 0 1828
4440 0 1828
4450 0 1828
4460 0 1828
4470 0 1828
4480 0 1828
4490 0 1828
4500 0 1828
4510 0 1828
4520 0 1828
4530 0 1828
4540 0 1828
4550 0 1828
4560 0 1828
4570 0 1828
4580 0 1828
4590 0 1828
4600 0 1828
4610 0 1828
4620 0 1828
4630 0 1828
4640 0 1828
4650 0 1828
4660 0 1828
4670 0 1828
4680 0 1828
4690 0 1828
4700 0 1828
4710 0 1828
4720 0 1828
4730 0 1828
4740 0 1828
4750 0 1828
4760 0 1828
4770 0 1828
4780 0 1828
4790 0 1828
4800 0 1828
4810 0 1828
4820 0 1828
4830 0 1828
4840 0 1828
4850 0 1828
4860 0 1828
4870 0 1828
4880 0 1828
4890 0 1828
4900 0 1828
4910 0 1828
4920 0 1828
4930 0 1828
4940 0 1828
4950 0 1828
4960 0 1828
4970 0 1828
4980 0 1828
4990 0 1828
5000 0 1828
5010 0 1828
5020 0 1828
5030 0 1828
5040 0 1828
5050 0 1828
5060 0 1828
5070 0 1828
5080 0 1828
5090 0 1828
5100 0 1828
5110 0 1828
5120 0 1828
5130 0 1828
5140 0 1828
5150 0 1828
5160 0 1828
5170 0 1828
5180 0 1828
5190 0 1828
5200 0 1828
5210 0 1828
5220 0 1828
5230 0 1828
5240 0 1828
5250 0 1828
5260 0 1828
5270 0 1828
5280 0 1828
5290 0 1828
5300 0 1828
5310 0 1828
5320 0 1828
5330 0 1828
5340 0 1828
5350 0 1828
5360 0 1828
5370 0 1828
5380 0 1828
5390 0 1828
5400 0 1828
5410 0 1828
5420 0 1828
5430 0 1828
5440 0 1828
5450 0 1828
5460 0 1828
5470 0 1828
5480 0 1828
5490 0 1828
5500 0 1828
5510 0 1828
5520 0 1828
5530 0 1828
5540 0 1828
5550 0 1828
5560 0 1828
5570 0 1828
5580 0 1828
5590 0 1828
5600 0 1828
5610 0 1828
5620 0 1828
5630 0 1828
5640 0 1828
5650 0 1828
5660 0 1828
5670 0 1828
5680 0 1828
5690 0 1828
5700 0 1828
5710 0 1828
5720 0 1828
5730 0 1828
5740 0 1828
5750 0 1828
5760 0 1828
5770 0 1828
5780 0 1828
5790 0 1828
5800 0 1828
5810 0 1828
5820 0 1828
5830 0 1828
5840 0 1828
5850 0 1828
5860 0 1828
5870 0 1828
5880 0 1828
5890 0 1828
5900 0 1828
5910 0 1828
5920 0 1828
5930 0 1828
5940 0 1828
5950 0 1828
5960 0 1828
5970 0 1828
5980 0 1828
5990 0 1828
6000 0 1828
6010 0 1828
6020 0 1828
6030 0 1828
6040 0 1828
6050 0 1828
6060 0 1828
6070 0 1828
6080 0 1828
6090 0 1828
6100 0 1828
6110 0 1828
6120 0 1828
6130 0 1828
6140 0 1828
6150 0 1828
6160 0 1828
6170 0 1828
6180 0 1828
6190 0 1828
6200 0 1828
6210 0 1828
6220 0 1828
6230 0 1828
6240 0 1828
6250 0 1828
6260 0 1828
6270 0 1828
6280 0 1828
6290 0 1828
6300 0 1828
6310 0 1828
6320 0 1828
6330 0 1828
6340 0 1828
6350 0 1828
6360 0 1828
6370 0 1828
6380 0 1828
6390 0 1828
6400 0 1828
6410 0 1828
6420 0 1828
6430 0 1828
6440 0 1828
6450 0 1828
6460 0 1828
6470 0 1828
6480 0 1828
6490 0 1828
6500 0 1828
6510 0 1828
6520 0 1828
6530 0 1828
6540 0 1828
6550 0 1828
6560 0 1828
6570 0 1828
6580 0 1828
6590 0 1828
6600 0 1828
6610 0 1828
6620 0 1828
6630 0 1828
6640 0 1828
6650 0 1828
6660 0 1828
6670 0 1828
6680 0 1828
6690 0 1828
6700 0 1828
6710 0 1828
6720 0 1828
6730 0 1828
6740 0 1828
6750 0 1828
6760 0 1828
6770 0 1828
6780 0 1828
6790 0 1828
6800 0 1828
6810 0 1828
6820 0 1828
6830 0 1828
6840 0 1828
6850 0 1828
6860 0 1828
6870 0 1828
6880 0 1828
6890 0 1828
6900 0 1828
6910 0 1828
6920 0 1828
6930 0 1828
6940 0 1828
6950 0 1828
6960 0 1828
6970 0 1828
6980 0 1828
6990 0 1828
7000 0 1828
7010 0 1828
7020 0 1828
7030 0 1828
7040 0 1828
7050 0 1828
7060 0 1828
7070 0 1828
7080 0 1828
7090 0 1828
7100 0 1828
7110 0 1828
7120 0 1828
7130 0 1828
7140 0 1828
7150 0 1828
7160 0 1828
7170 0 1828
7180 0 1828
7190 0 1828
7200 0 1828
7210 0 1828
7220 0 1828
7230 0 1828
7240 0 1828
7250 0 1828
7260 0 1828
7270 0 1828
7280 0 1828
7290 0 1828
7300 0 1828
7310 0 1828
7320 0 1828
7330 0 1828
7340 0 1828
7350 0 1828
7360 0 1828
7370 0 1828
7380 0 1828
7390 0 1828
7400 0 1828
7410 0 1828
7420 0 1828
7430 0 1828
7440 0 1828
7450 0 1828
7460 0 1828
7470 0 1828
7480 0 1828
7490 0 1828
7500 0 1828
7510 0 1828
7520 0 1828
7530 0 1828
7540 0 1828
7550 0 1828
7560 0 1828
7570 0 1828
7580 0 1828
7590 0 1828
7600 0 1828
7610 0 1828
7620 0 1828
7630 0 1828
7640 0 1828
7650 0 1828
7660 0 1828
7670 0 1828
7680 0 1828
7690 0 1828
7700 0 1828
7710 0 1828
7720 0 1828
7730 0 1828
7740 0 1828
7750 0 1828
7760 0 1828
7770 0 1828
7780 0 1828
7790 0 1828
7800 0 1828
7810 0 1828
7820 0 1828
7830 0 1828
7840 0 1828
7850 0 1828
7860 0 1828
7870 0 1828
7880 0 1828
