10 0.8 8
20 0.6 14
30 1.3 27
40 0.2 29
50 1.3 42
60 0.2 44
70 1.8 62
80 0 62
90 0 62
100 0 62
110 0.6 68
120 4 108
130 0.1 109
140 1.7 126
150 0.8 134
160 1.7 151
170 0.1 152
180 0.5 157
190 1 167
200 1.4 181
210 0.2 183
220 0.1 184
230 0 184
240 0 184
250 0 184
260 0 184
270 0.5 189
280 0.1 190
290 0 190
300 0 190
310 0.6 196
320 0 196
330 0.2 198
340 0.1 199
350 0 199
360 0 199
370 0 199
380 0 199
390 0 199
400 0 199
410 0 199
420 0 199
430 0 199
440 0 199
450 0 199
460 0 199
470 0 199
480 0 199
490 0 199
500 0 199
510 0 199
511 0 199
