10 1.7 17
20 1.1 28
30 2.5 53
40 0.2 55
50 2.1 76
60 0.1 77
70 4.9 126
80 0.1 127
90 0.2 129
100 0 129
110 8.2 211
120 8.1 292
130 0.1 293
140 30.8 601
150 15.9 760
160 80.3 1563
170 18.7 1750
180 10.6 1856
190 19.3 2049
200 16.6 2215
210 2.3 2238
220 0.9 2247
230 0.1 2248
240 0 2248
250 0 2248
260 0.2 2250
270 0.1 2251
280 1.3 2264
290 0 2264
300 0 2264
310 1.2 2276
320 0 2276
330 15.7 2433
340 5.2 2485
350 1.2 2497
360 0.2 2499
370 0.1 2500
380 0 2500
390 0 2500
400 0 2500
410 0 2500
420 0 2500
430 0 2500
440 0 2500
450 0 2500
460 0 2500
470 0 2500
480 0 2500
490 0 2500
500 0 2500
510 0 2500
511 0 2500
