40 0.2 2
50 0.1 3
60 0 3
70 0.1 4
80 0.2 6
90 0.3 9
100 0.6 15
110 1.9 34
120 2.5 59
130 5.8 117
140 8.8 205
150 6.7 272
160 3.7 309
170 2.4 333
180 0.7 340
190 0.8 348
200 0.2 350
210 0 350
220 0 350
230 0.1 351
240 0 351
250 0 351
260 0 351
270 0.3 354
280 0 354
290 0.4 358
300 0.2 360
310 0 360
320 0.4 364
330 0.2 366
340 0 366
350 0 366
360 0 366
370 0 366
380 0 366
390 0 366
400 0 366
410 0 366
420 0 366
430 0 366
440 0 366
450 0 366
460 0 366
470 0 366
480 0 366
490 0 366
500 0 366
510 0 366
511 0 366
