30 2.1 21
40 2.3 44
50 3.3 77
60 1.6 93
70 0.2 95
80 30.1 396
90 18.3 579
100 30.3 882
110 43.3 1315
120 42.8 1743
130 60.2 2345
140 101.4 3359
150 113.4 4493
160 38.8 4881
170 60.4 5485
180 2.8 5513
190 0.4 5517
200 0.3 5520
210 0 5520
220 0 5520
230 0 5520
240 0 5520
250 0 5520
260 0 5520
270 0 5520
280 0 5520
290 0 5520
300 0 5520
310 0.1 5521
320 11.8 5639
330 0 5639
340 0 5639
350 0 5639
360 0 5639
370 0 5639
380 0 5639
390 0 5639
400 0 5639
410 0 5639
420 0 5639
430 0 5639
440 0 5639
450 0 5639
460 0 5639
470 0 5639
480 0 5639
490 0 5639
500 0 5639
510 0 5639
511 0 5639
