0 0 0
10 0 0
20 0 0
30 0 0
40 0 0
50 0 0
60 0.1 1
70 0.3 4
80 1.6 20
90 2.1 41
100 2.3 64
110 4.6 110
120 6.4 174
130 9.9 273
140 17.1 444
150 23.2 676
160 27.3 949
170 22 1169
180 9.1 1260
190 13 1390
200 8.4 1474
210 1.6 1490
220 0.8 1498
230 3.9 1537
240 0.5 1542
250 0.9 1551
260 2.1 1572
270 4.9 1621
280 1 1631
290 0.3 1634
300 0.8 1642
310 1.6 1658
320 1.4 1672
330 6.9 1741
340 3.5 1776
350 0.8 1784
360 0.1 1785
370 0.1 1786
380 0 1786
390 1 1796
400 0.9 1805
410 0.2 1807
420 0 1807
430 0 1807
440 0 1807
450 0 1807
460 0.1 1808
470 0 1808
480 0 1808
490 0 1808
500 0 1808
510 0 1808
511 0 1808
