60 0.1 49435.10595703125 0 49435.10595703125 49435.10595703125 0 0
70 0.3 48820.687662760414 8144.788224568267 59062.72998046875 39135.48095703125 49435.10595703125 1
80 1.6 41613.543869018555 18570.686208533192 75844.18408203125 17148.840087890625 48974.292236328125 4
90 2.1 19087.184268043155 19918.651307836542 83353.52392578125 2837.919921875 43085.69354248047 20
100 2.3 17282.188975458557 14717.002018342546 83353.52392578125 2372.701171875 30793.774158012577 41
110 4.6 28948.80054241678 25967.431110275626 91529.18798828125 1828.969970703125 25938.048233032227 64
120 6.4 18127.184490203857 16305.665219755336 94376.30297851563 1229.760009765625 27197.090107865766 110
130 9.9 22174.110992739897 21769.314808835577 103615.32592773438 1136.09619140625 23861.032869185525 174
140 17.1 24439.436038011696 28355.119303347357 129961.0400390625 1052.251953125 23249.291968936013 273
150 23.2 28132.094302473397 30990.727218525044 142808.83618164063 854.3798828125 23707.658265809754 444
160 27.3 27535.176481477505 26254.497245642444 147238.86694335938 854.3798828125 25226.103769516805 676
170 22 48803.981747159094 32950.79109993447 154155.96801757813 854.3798828125 25890.357563368514 949
180 9.1 55460.6680358216 36532.88759967047 173079.86010742188 854.3798828125 30202.587948684104 1169
190 13 76654.89625150243 35733.68622738759 181534.4580078125 854.3798828125 32026.782621644033 1260
200 8.4 74173.27735537573 30134.389466858924 181534.4580078125 854.3798828125 36200.634975515684 1390
210 1.6 74829.08300781249 15175.009774840866 181534.4580078125 854.3798828125 38364.61188183064 1474
220 0.8 86893.27001953125 19902.22390779353 181534.4580078125 854.3798828125 38756.17667244521 1490
230 3.9 117318.32845678084 32493.483999940003 188251.84887695313 854.3798828125 39013.25060220268 1498
240 0.5 136840.69858398437 27688.68841507988 188251.84887695313 854.3798828125 41000.17190105014 1537
250 0.9 154199.40310329862 15288.914552581093 188251.84887695313 854.3798828125 41310.938848789876 1542
260 2.1 129716.39329892113 33058.426631498674 217553.84594726563 854.3798828125 41965.99763556653 1551
270 4.9 142384.03334761632 27110.152617356205 220805.328125 854.3798828125 43138.235745573176 1572
280 1 132404.4415283203 5609.75833393509 220805.328125 854.3798828125 46138.26294020619 1621
290 0.3 226299.06941731772 1726.574718352962 228457.283203125 854.3798828125 46667.17881137795 1631
300 0.8 230279.5106201172 16467.262584809352 249538.25317382813 854.3798828125 46996.980324118354 1634
310 1.6 168041.6410522461 17807.059449101514 249538.25317382813 854.3798828125 47889.952457107385 1642
320 1.4 199735.09584263392 25706.998227344873 261643.27490234375 854.3798828125 49049.43799240426 1658
330 6.9 212062.93592900815 19614.24197831656 261643.27490234375 854.3798828125 50311.160007896615 1672
340 3.5 220973.3921875 17323.96132916867 261643.27490234375 854.3798828125 56721.77031149035 1741
350 0.8 237615.12225341797 15380.515333891039 261643.27490234375 854.3798828125 59958.71105792072 1776
360 0.1 246087.90502929688 0.0 261643.27490234375 854.3798828125 60755.376578976764 1784
370 0.1 244754.27905273438 0.0 261643.27490234375 854.3798828125 60859.204326007755 1785
380 0 0 0 261643.27490234375 854.3798828125 60962.169093491924 1786
390 1 258278.4634765625 37092.73330797475 361690.5510253906 854.3798828125 60962.169093491924 1786
400 0.9 294154.71918402775 41969.76151268709 363216.873046875 854.3798828125 62060.81215798564 1796
410 0.2 273121.67431640625 22613.613525390625 363216.873046875 854.3798828125 63218.06709606563 1805
420 0 0 0 363216.873046875 854.3798828125 63450.38984893817 1807
430 0 0 0 363216.873046875 854.3798828125 63450.38984893817 1807
440 0 0 0 363216.873046875 854.3798828125 63450.38984893817 1807
450 0 0 0 363216.873046875 854.3798828125 63450.38984893817 1807
460 0.1 312837.56494140625 0.0 363216.873046875 854.3798828125 63450.38984893817 1807
470 0 0 0 363216.873046875 854.3798828125 63588.325233391966 1808
480 0 0 0 363216.873046875 854.3798828125 63588.325233391966 1808
490 0 0 0 363216.873046875 854.3798828125 63588.325233391966 1808
500 0 0 0 363216.873046875 854.3798828125 63588.325233391966 1808
510 0 0 0 363216.873046875 854.3798828125 63588.325233391966 1808
511 0 0 0 363216.873046875 854.3798828125 63588.325233391966 1808
