10 24.75234375 24.75234375
20 17.775 42.52734375
30 43.9171875 86.44453125
40 31.80859375 118.253125
50 49.68828125 167.94140625
60 28.75234375 196.69375
70 73.7453125 270.4390625
80 143.10546875 413.54453125
90 78.4375 491.98203125
100 157.43828125 649.4203125
110 249.896875 899.3171875
120 450.52109375 1349.83828125
130 550.08984375 1899.928125
140 1015.5984375 2915.5265625
150 1026.53203125 3942.05859375
160 761.6890625 4703.74765625
170 512.90546875 5216.653125
180 178.56640625 5395.21953125
190 187.72890625 5582.9484375
200 106.8046875 5689.753125
210 27.396875 5717.15
220 11.6140625 5728.7640625
230 41.17578125 5769.93984375
240 31.1625 5801.10234375
250 8.44375 5809.54609375
260 10.6734375 5820.21953125
270 26.24296875 5846.4625
280 11.64453125 5858.10703125
290 16.60546875 5874.7125
300 18.70234375 5893.41484375
310 17.0359375 5910.45078125
320 22.46796875 5932.91875
330 64.0953125 5997.0140625
340 37.2859375 6034.3
350 9.009375 6043.309375
360 1.3140625 6044.6234375
370 0.62265625 6045.24609375
380 0 6045.24609375
390 0 6045.24609375
400 0.7484375 6045.99453125
410 0 6045.99453125
420 0 6045.99453125
430 0 6045.99453125
440 0 6045.99453125
450 0 6045.99453125
460 0 6045.99453125
470 0 6045.99453125
480 0 6045.99453125
490 0 6045.99453125
500 0 6045.99453125
510 0 6045.99453125
511 0 6045.99453125
