0 0 0
10 20 20
20 36 36
30 51 51
40 79 79
50 113 113
60 143 143
70 219 219
80 270 270
90 307 307
100 445 445
110 556 559
120 666 667
130 850 852
140 1015 1015
150 1112 1122
160 859 1122
170 639 1122
180 548 1122
190 418 1122
200 334 1122
210 318 1122
220 310 1122
230 271 1122
240 266 1122
250 257 1122
260 236 1122
270 187 1122
280 177 1122
290 174 1122
300 166 1122
310 150 1122
320 136 1122
330 67 1122
340 32 1122
350 24 1122
360 23 1122
370 22 1122
380 22 1122
390 12 1122
400 3 1122
410 1 1122
420 1 1122
430 1 1122
440 1 1122
450 1 1122
460 0 1122
470 0 1122
480 0 1122
490 0 1122
500 0 1122
510 0 1122
511 0 1122
