0 0 0
10 2 20
20 1.6 36
30 1.5 51
40 2.8 79
50 3.4 113
60 3.1 144
70 7.9 223
80 6.7 290
90 5.8 348
100 16.1 509
110 15.7 666
120 17.4 840
130 28.3 1123
140 33.6 1459
150 32.9 1788
160 2 1808
170 0 1808
180 0 1808
190 0 1808
200 0 1808
210 0 1808
220 0 1808
230 0 1808
240 0 1808
250 0 1808
260 0 1808
270 0 1808
280 0 1808
290 0 1808
300 0 1808
310 0 1808
320 0 1808
330 0 1808
340 0 1808
350 0 1808
360 0 1808
370 0 1808
380 0 1808
390 0 1808
400 0 1808
410 0 1808
420 0 1808
430 0 1808
440 0 1808
450 0 1808
460 0 1808
470 0 1808
480 0 1808
490 0 1808
500 0 1808
510 0 1808
511 0 1808
