10 0.1 1
20 0 1
30 0 1
40 0.1 2
50 0 2
60 0 2
70 0.1 3
80 0 3
90 0 3
100 0.1 4
110 0 4
120 0 4
130 0.1 5
140 0 5
150 0 5
160 0 5
170 0 5
180 0 5
190 0 5
200 0 5
210 0 5
220 0 5
230 0 5
240 0 5
250 0 5
260 0 5
270 0 5
280 0 5
290 0 5
300 0 5
310 0 5
320 0 5
330 0 5
340 0 5
350 0 5
360 0 5
370 0 5
380 0 5
390 0 5
400 0 5
410 0 5
420 0 5
430 0 5
440 0 5
450 0 5
460 0 5
470 0 5
480 0 5
490 0 5
500 0 5
510 0 5
520 0 5
530 0 5
540 0 5
550 0 5
560 0 5
570 0 5
580 0 5
590 0 5
600 0 5
610 0 5
620 0 5
630 0 5
640 0 5
650 0 5
660 0 5
670 0 5
680 0 5
690 0 5
700 0 5
710 0 5
720 0 5
730 0 5
740 0 5
750 0 5
760 0 5
770 0 5
780 0 5
790 0 5
800 0 5
810 0 5
820 0 5
830 0 5
840 0 5
850 0 5
860 0 5
870 0 5
880 0 5
890 0 5
900 0 5
910 0 5
920 0 5
930 0 5
940 0 5
950 0 5
960 0 5
970 0 5
980 0 5
990 0 5
1000 0 5
1010 0 5
1020 0 5
1030 0 5
1040 0 5
1050 0 5
1060 0 5
1070 0 5
1080 0 5
1090 0 5
1100 0 5
1110 0 5
1120 0 5
1130 0 5
1140 0 5
1150 0 5
1160 0 5
1170 0 5
1180 0 5
1190 0 5
1200 0 5
1210 0 5
1220 0 5
1230 0 5
1240 0 5
1250 0 5
1260 0 5
1270 0 5
1280 0 5
1290 0 5
1300 0 5
1310 0 5
1320 0 5
1330 0 5
1340 0 5
1350 0 5
1360 0 5
1370 0 5
1380 0 5
1390 0 5
1400 0 5
1410 0 5
1420 0 5
1430 0 5
1440 0 5
1450 0 5
1460 0 5
1470 0 5
1480 0 5
1490 0 5
1500 0 5
1510 0 5
1520 0 5
1530 0 5
1540 0 5
1550 0 5
1560 0 5
1570 0 5
1580 0 5
1590 0 5
1592 0 5
