10 0.3 419.415283203125 564.5009070479731 1217.666015625 10.869873046875 0 0
20 0 0 0 1217.666015625 10.869873046875 419.415283203125 3
30 2.9 11559.801513671875 4484.2051464408705 19047.760986328125 10.869873046875 419.415283203125 3
40 0 0 0 19047.760986328125 10.869873046875 10515.39030456543 32
50 5 2.6284619140625 1.6644969696737535 19047.760986328125 0.698974609375 10515.39030456543 32
60 15 428.2195524088541 3614.630389030766 31731.18701171875 0.698974609375 4105.169668802401 82
70 22.5 1.9825987413194444 2.044331634000605 31731.18701171875 0.676025390625 1727.831231478987 232
80 36 2.0717685275607667 2.328235554915939 31731.18701171875 0.676025390625 878.1245742230238 457
90 38.9 1.8810784111905527 2.2281527343369616 31731.18701171875 0.676025390625 492.10375408793607 817
100 51.3 727.4913508543494 7222.905605015021 74331.24609375 0.658935546875 333.9805195620206 1206
110 75.5 1.9619680644660602 2.3287365051690085 74331.24609375 0.64697265625 451.4156891099931 1719
120 81.1 1.8766159640875462 2.199046495373312 74331.24609375 0.64697265625 314.25418571897734 2474
130 101.5 1.9809370670412567 2.487719076501621 74331.24609375 0.636962890625 237.13448737157532 3285
140 135.9 171.69522087989776 4333.781176105331 115174.9921875 0.634033203125 181.6273121252725 4300
150 153.7 1.8702539507258469 2.316237237450624 115174.9921875 0.614990234375 179.24213594530002 5659
160 96.1 1.5480758873406608 2.5857168058847595 115174.9921875 0.614990234375 141.35711890449116 7196
170 29.2 1.0159786694670372 0.9538699395338768 115174.9921875 0.614990234375 124.88580710609939 8157
180 9 1.7963134765625 3.4193005749526786 115174.9921875 0.614990234375 120.60482830346042 8449
190 2 31181.8716796875 62360.389697860286 158573.60107421875 0.614990234375 119.35260130563623 8539
200 1.4 35902.354125976555 68740.72769614527 169199.52905273438 0.614990234375 191.93705995356675 8559
210 0.5 1.31787109375 0.24930915747271673 169199.52905273438 0.614990234375 250.25338316881482 8573
220 0.3 1.8970540364583333 0.6868489197645131 169199.52905273438 0.614990234375 250.1082820309767 8578
230 0.1 197357.61181640625 0.0 197357.61181640625 0.614990234375 250.02150500219412 8581
240 0 0 0 197357.61181640625 0.614990234375 272.9890638825721 8582
250 0 0 0 197357.61181640625 0.614990234375 272.9890638825721 8582
260 0.2 230223.73901367188 295.001953125 230518.74096679688 0.614990234375 272.9890638825721 8582
270 0 0 0 230518.74096679688 0.614990234375 326.5656598634177 8584
280 0.2 249057.78247070313 3453.99560546875 252511.77807617188 0.614990234375 326.5656598634177 8584
290 0.1 254814.23999023438 0.0 254814.23999023438 0.614990234375 384.50444784637597 8586
300 0 0 0 254814.23999023438 0.614990234375 414.1340898100871 8587
310 0.1 275238.3859863281 0.0 275238.3859863281 0.614990234375 414.1340898100871 8587
320 0 0 0 275238.3859863281 0.614990234375 446.135050673678 8588
330 0 0 0 275238.3859863281 0.614990234375 446.135050673678 8588
340 0.2 306057.9005126953 388.0894775390625 306445.9899902344 0.614990234375 446.135050673678 8588
350 0 0 0 306445.9899902344 0.614990234375 517.2902929232756 8590
360 0.2 327660.3380126953 3042.6739501953125 330703.0119628906 0.614990234375 517.2902929232756 8590
370 1.4 263846.408569336 65764.71910201729 363830.0158691406 0.614990234375 593.4409092453827 8592
380 0.3 352559.42228190106 653.7463356854284 363830.0158691406 0.614990234375 1021.6934710907543 8606
390 0.7 355276.6754673549 1597.971060588492 363830.0158691406 0.614990234375 1144.1947124001317 8609
400 3.8 259410.93846371298 139033.69877039123 371206.4392089844 0.614990234375 1431.906802149979 8616
410 5.4 303880.97109646274 121107.65939863407 371206.4392089844 0.614990234375 2564.701255944686 8654
420 0.4 116312.52508544922 155857.2637662346 384755.2531738281 0.614990234375 4433.221992208808 8708
430 0 0 0 384755.2531738281 0.614990234375 4484.589899965116 8712
440 0 0 0 384755.2531738281 0.614990234375 4484.589899965116 8712
450 0 0 0 384755.2531738281 0.614990234375 4484.589899965116 8712
460 0 0 0 384755.2531738281 0.614990234375 4484.589899965116 8712
470 0.1 96227.52514648438 0.0 384755.2531738281 0.614990234375 4484.589899965116 8712
480 0.4 88774.99548339844 11677.239276660506 384755.2531738281 0.614990234375 4495.119331302947 8713
490 0.3 88130.16764322917 4572.9144031458745 384755.2531738281 0.614990234375 4533.793130156725 8717
500 0 0 0 384755.2531738281 0.614990234375 4562.553350746085 8720
510 0 0 0 384755.2531738281 0.614990234375 4562.553350746085 8720
520 0 0 0 384755.2531738281 0.614990234375 4562.553350746085 8720
530 0 0 0 384755.2531738281 0.614990234375 4562.553350746085 8720
540 0 0 0 384755.2531738281 0.614990234375 4562.553350746085 8720
550 0.2 147194.0205078125 3099.95947265625 384755.2531738281 0.614990234375 4562.553350746085 8720
560 0.4 157494.9627685547 3943.4694856694937 384755.2531738281 0.614990234375 4595.259488594529 8722
570 0.1 168153.712890625 0.0 384755.2531738281 0.614990234375 4665.348740613764 8726
580 0 0 0 384755.2531738281 0.614990234375 4684.082367765134 8727
590 0 0 0 384755.2531738281 0.614990234375 4684.082367765134 8727
600 0 0 0 384755.2531738281 0.614990234375 4684.082367765134 8727
610 0 0 0 384755.2531738281 0.614990234375 4684.082367765134 8727
620 0 0 0 384755.2531738281 0.614990234375 4684.082367765134 8727
630 0.2 226038.1778564453 181.7530517578125 384755.2531738281 0.614990234375 4684.082367765134 8727
640 0.2 232660.44299316406 2403.5611572265625 384755.2531738281 0.614990234375 4734.79931025309 8729
650 0.3 244649.67439778647 3231.045618770452 384755.2531738281 0.614990234375 4787.0099719603195 8731
660 0 0 0 384755.2531738281 0.614990234375 4869.399254451443 8734
670 0 0 0 384755.2531738281 0.614990234375 4869.399254451443 8734
680 0 0 0 384755.2531738281 0.614990234375 4869.399254451443 8734
690 0 0 0 384755.2531738281 0.614990234375 4869.399254451443 8734
700 0 0 0 384755.2531738281 0.614990234375 4869.399254451443 8734
710 0 0 0 384755.2531738281 0.614990234375 4869.399254451443 8734
720 0.6 315954.80700683594 5023.908903966815 384755.2531738281 0.614990234375 4869.399254451443 8734
730 0.1 328266.09912109375 0.0 384755.2531738281 0.614990234375 5082.959030940495 8740
740 0.2 335278.6931152344 5357.5029296875 384755.2531738281 0.614990234375 5119.932276574878 8741
750 0 0 0 384755.2531738281 0.614990234375 5195.457556419019 8743
760 0 0 0 384755.2531738281 0.614990234375 5195.457556419019 8743
770 0 0 0 384755.2531738281 0.614990234375 5195.457556419019 8743
780 0 0 0 384755.2531738281 0.614990234375 5195.457556419019 8743
790 0 0 0 384755.2531738281 0.614990234375 5195.457556419019 8743
800 0.3 395892.1279296875 1697.737801403033 398290.27392578125 0.614990234375 5195.457556419019 8743
810 0.1 399581.60302734375 0.0 399581.60302734375 0.614990234375 5329.471964276303 8746
820 0.1 410191.0910644531 0.0 410191.0910644531 0.614990234375 5374.544804228637 8747
830 0.1 423089.6970214844 0.0 423089.6970214844 0.614990234375 5420.820129589888 8748
840 0 0 0 423089.6970214844 0.614990234375 5468.559171410884 8749
850 0 0 0 423089.6970214844 0.614990234375 5468.559171410884 8749
860 0 0 0 423089.6970214844 0.614990234375 5468.559171410884 8749
870 0 0 0 423089.6970214844 0.614990234375 5468.559171410884 8749
880 0 0 0 423089.6970214844 0.614990234375 5468.559171410884 8749
890 0.4 485107.95892333984 3877.018055721382 491044.2470703125 0.614990234375 5468.559171410884 8749
900 0.3 496571.70296223956 6011.467889141885 504731.9689941406 0.614990234375 5687.7477466431155 8753
910 0 0 0 504731.9689941406 0.614990234375 5855.935488265635 8756
920 0.2 515307.34606933594 121.2520751953125 515428.59814453125 0.614990234375 5855.935488265635 8756
930 0 0 0 515428.59814453125 0.614990234375 5972.275157272503 8758
940 0 0 0 515428.59814453125 0.614990234375 5972.275157272503 8758
950 0 0 0 515428.59814453125 0.614990234375 5972.275157272503 8758
960 0 0 0 515428.59814453125 0.614990234375 5972.275157272503 8758
970 0.3 563860.1705729166 1654.785431148085 565663.7548828125 0.614990234375 5972.275157272503 8758
980 0.4 577096.7584838867 3603.20652674515 582587.6950683594 0.614990234375 6163.310847975268 8761
990 0 0 0 582587.6950683594 0.614990234375 6423.862335772604 8765
1000 0.1 596659.9721679688 0.0 596659.9721679688 0.614990234375 6423.862335772604 8765
1010 0 0 0 596659.9721679688 0.614990234375 6491.194769018349 8766
1020 0 0 0 596659.9721679688 0.614990234375 6491.194769018349 8766
1030 0 0 0 596659.9721679688 0.614990234375 6491.194769018349 8766
1040 0 0 0 596659.9721679688 0.614990234375 6491.194769018349 8766
1050 0.1 645259.9140625 0.0 645259.9140625 0.614990234375 6491.194769018349 8766
1060 0.4 651226.030090332 2765.0618508805005 655324.9050292969 0.614990234375 6564.055350664691 8767
1070 0.1 657168.9392089844 0.0 657168.9392089844 0.614990234375 6858.05237483054 8771
1080 0 0 0 657168.9392089844 0.614990234375 6932.18722285085 8772
1090 0.1 681641.0649414063 0.0 681641.0649414063 0.614990234375 6932.18722285085 8772
1100 0 0 0 681641.0649414063 0.614990234375 7009.094652204384 8773
1110 0 0 0 681641.0649414063 0.614990234375 7009.094652204384 8773
1120 0 0 0 681641.0649414063 0.614990234375 7009.094652204384 8773
1130 0 0 0 681641.0649414063 0.614990234375 7009.094652204384 8773
1140 0.4 731349.7595825195 2616.2888007591346 734390.1918945313 0.614990234375 7009.094652204384 8773
1150 0.3 741581.7635904948 3523.940396914527 744421.1049804688 0.614990234375 7339.203192676216 8777
1160 0 0 0 744421.1049804688 0.614990234375 7590.083338598022 8780
1170 0 0 0 744421.1049804688 0.614990234375 7590.083338598022 8780
1180 0.4 771653.86328125 9410.657158880435 787927.1220703125 0.614990234375 7590.083338598022 8780
1190 0 0 0 787927.1220703125 0.614990234375 7938.017664619265 8784
1200 0 0 0 787927.1220703125 0.614990234375 7938.017664619265 8784
1210 0.1 804055.4699707031 0.0 804055.4699707031 0.614990234375 7938.017664619265 8784
1220 0.1 814484.2819824219 0.0 814484.2819824219 0.614990234375 8028.640026862417 8785
1230 0.5 821492.4693847656 2535.8661948607823 824440.7529296875 0.614990234375 8120.428740947957 8786
1240 0 0 0 824440.7529296875 0.614990234375 8583.04507620209 8791
1250 0 0 0 824440.7529296875 0.614990234375 8583.04507620209 8791
1260 0.1 845050.3540039063 0.0 845050.3540039063 0.614990234375 8583.04507620209 8791
1270 0 0 0 845050.3540039063 0.614990234375 8678.184670029172 8792
1280 0 0 0 845050.3540039063 0.614990234375 8678.184670029172 8792
1290 0 0 0 845050.3540039063 0.614990234375 8678.184670029172 8792
1300 0.7 887798.519984654 5859.398117884401 901180.4328613281 0.614990234375 8678.184670029172 8792
1310 0.6 894273.7184244791 6532.150775979273 902550.5300292969 0.614990234375 9377.564411727362 8799
1320 0 0 0 902550.5300292969 0.614990234375 9980.560087374894 8805
1330 0.2 840901.2684326172 1154.0965576171875 902550.5300292969 0.614990234375 9980.560087374894 8805
1340 0.2 851226.2395019531 72653.28149414063 923879.5209960938 0.614990234375 10169.255604201337 8807
1350 0 0 0 923879.5209960938 0.614990234375 10360.20962483881 8809
1360 0.3 663160.6443684896 28974.93126397943 923879.5209960938 0.614990234375 10360.20962483881 8809
1370 0.1 635462.0539550781 0.0 923879.5209960938 0.614990234375 10582.452169576776 8812
1380 0.1 970501.9599609375 0.0 970501.9599609375 0.614990234375 10653.356470244596 8813
1390 0.1 500618.55517578125 0.0 970501.9599609375 0.614990234375 10762.256924464098 8814
1400 0.3 464204.28759765625 30741.55380708645 970501.9599609375 0.614990234375 10817.827690005937 8815
1410 0.1 417117.93701171875 0.0 970501.9599609375 0.614990234375 10972.07574849119 8818
1420 0.1 353497.9260253906 0.0 970501.9599609375 0.614990234375 11018.129253566962 8819
1430 0.7 237042.97328404017 29604.785223032002 970501.9599609375 0.614990234375 11056.959162498008 8820
1440 0.5 131532.65458984376 6501.385226484743 970501.9599609375 0.614990234375 11236.170910413584 8827
1450 7.1 562318.9083337918 297277.8266341625 1048415.3779296875 0.614990234375 11304.27353930819 8832
1460 1.2 31327.809936523438 49506.870317073415 1048415.3779296875 0.614990234375 15698.527057269363 8903
1470 0 0 0 1048415.3779296875 0.614990234375 15719.564790814069 8915
1480 0 0 0 1048415.3779296875 0.614990234375 15719.564790814069 8915
1490 0 0 0 1048415.3779296875 0.614990234375 15719.564790814069 8915
1500 0 0 0 1048415.3779296875 0.614990234375 15719.564790814069 8915
1510 0 0 0 1048415.3779296875 0.614990234375 15719.564790814069 8915
1520 0 0 0 1048415.3779296875 0.614990234375 15719.564790814069 8915
1530 7.2 76537.07407633464 24237.379820479713 1048415.3779296875 0.614990234375 15719.564790814069 8915
1540 6.5 18723.08006310096 50952.04309790944 1048415.3779296875 0.614990234375 16206.80866180077 8987
1550 0.2 47.2178955078125 3.0360107421875 1048415.3779296875 0.614990234375 16224.877336246695 9052
1560 0.5 63862.95317382812 78165.90057058187 1048415.3779296875 0.614990234375 16221.303742378628 9054
1570 0.1 17.0400390625 0.0 1048415.3779296875 0.614990234375 16247.598945729687 9059
1580 0 0 0 1048415.3779296875 0.614990234375 16245.807493311733 9060
1590 0 0 0 1048415.3779296875 0.614990234375 16245.807493311733 9060
1592 0 0 0 1048415.3779296875 0.614990234375 16245.807493311733 9060
