10 0.7 182.494873046875 416.30837762995964 1202.14208984375 0.373046875 0 0
20 0.6 12006.451171875 1079.096695365873 13458.781005859375 0.373046875 182.494873046875 7
30 8.8 3263.9908058860087 2576.7465904195337 13458.781005859375 0.373046875 5639.70547250601 13
40 0 0 0 13458.781005859375 0.373046875 3569.7758619856127 101
50 10.1 1.1773137762995056 0.8318473894845542 13458.781005859375 0.373046875 3569.7758619856127 101
60 27.1 379.28599497664896 3697.2646470137515 48013.17919921875 0.373046875 1785.476587880956 202
70 39 0.9756197415865384 0.47099654136804026 48013.17919921875 0.373046875 979.8155927920191 473
80 62 0.9942827778477819 0.47197938309373705 48013.17919921875 0.373046875 537.4661264076984 863
90 63.8 0.9522039240056818 0.43353504845308194 48013.17919921875 0.373046875 313.18255051389707 1483
100 89.1 501.3746621488322 6015.844738470828 74331.24609375 0.296875 219.26319119077087 2121
110 128.4 0.9433487271222741 0.48666636955454184 74331.24609375 0.296875 302.7164848905161 3012
120 134.4 0.9395259675525486 0.4341848466790875 74331.24609375 0.296875 212.52172072994867 4296
130 174.3 0.9162271295001434 0.42267088176546996 74331.24609375 0.296875 162.10213389295214 5640
140 231.6 146.40483881237154 3984.5715234877252 110900.25317382813 0.199951171875 124.04889869199091 7383
150 259.3 0.9046994763546082 0.4151143541380593 110900.25317382813 0.199951171875 129.3872178299228 9699
160 136 0.8296318502987128 0.30122499799531366 110900.25317382813 0.199951171875 102.28380340665544 12292
170 32.6 0.8673822133819018 0.20871964289573355 110900.25317382813 0.199951171875 92.17702979717367 13652
180 9.7 1.6607829615012886 3.31295709472664 110900.25317382813 0.199951171875 90.04747298559003 13978
190 2.3 26945.779243800953 58721.63892924224 155223.42602539063 0.199951171875 89.43834268844356 14075
200 1.9 26454.337556537826 61087.91154577273 169199.52905273438 0.199951171875 133.25277315557278 14098
210 0.5 1.31787109375 0.24930915747271673 169199.52905273438 0.199951171875 168.6781900914843 14117
220 0.3 1.8970540364583333 0.6868489197645131 169199.52905273438 0.199951171875 168.61893491551854 14122
230 0.1 197357.61181640625 0.0 197357.61181640625 0.199951171875 168.58352495851767 14125
240 0 0 0 197357.61181640625 0.199951171875 182.54282187848423 14126
250 0 0 0 197357.61181640625 0.199951171875 182.54282187848423 14126
260 0.2 230223.73901367188 295.001953125 230518.74096679688 0.199951171875 182.54282187848423 14126
270 0 0 0 230518.74096679688 0.199951171875 215.1081101276056 14128
280 0.4 250619.71643066406 2899.8205861776614 252511.77807617188 0.199951171875 215.1081101276056 14128
290 0.3 253979.68627929688 768.6037728041224 254814.23999023438 0.199951171875 285.9840253046609 14132
300 0 0 0 254814.23999023438 0.199951171875 339.8277541169692 14135
310 0.2 275180.4055175781 57.98046875 275238.3859863281 0.199951171875 339.8277541169692 14135
320 0 0 0 275238.3859863281 0.199951171875 378.7102012788085 14137
330 0 0 0 275238.3859863281 0.199951171875 378.7102012788085 14137
340 1 307021.516796875 1363.0005788997107 309159.4479980469 0.199951171875 378.7102012788085 14137
350 1.2 313349.94527180993 2098.3589298716843 316416.1071777344 0.199951171875 595.4648535694681 14147
360 2.3 320038.2921832541 2822.9278805435374 330703.0119628906 0.199951171875 860.529742687265 14159
370 4.5 293556.42421875003 48004.06060501117 337185.02294921875 0.199951171875 1378.1639646681588 14182
380 0.7 132867.14453125 40625.376313554836 337185.02294921875 0.199951171875 2302.323781314935 14227
390 3.9 58816.101725260414 53337.31818275614 354133.72802734375 0.199951171875 2366.532980784483 14234
400 8.3 25390.81803287368 14829.135403307817 354133.72802734375 0.199951171875 2520.7775811512283 14273
410 6.2 10697.740391885081 1591.0492314280336 354133.72802734375 0.199951171875 2653.001972171914 14356
420 0.7 65271.7450125558 130528.55030403034 384755.2531738281 0.199951171875 2687.5957980855096 14418
430 0 0 0 384755.2531738281 0.199951171875 2717.9659224876787 14425
440 0 0 0 384755.2531738281 0.199951171875 2717.9659224876787 14425
450 0 0 0 384755.2531738281 0.199951171875 2717.9659224876787 14425
460 0 0 0 384755.2531738281 0.199951171875 2717.9659224876787 14425
470 0.1 96227.52514648438 0.0 384755.2531738281 0.199951171875 2717.9659224876787 14425
480 0.4 88774.99548339844 11677.239276660506 384755.2531738281 0.199951171875 2724.4479382386835 14426
490 0.3 84481.75358072917 4139.097586829497 384755.2531738281 0.199951171875 2748.3011738714376 14430
500 0 0 0 384755.2531738281 0.199951171875 2765.2900436296704 14433
510 0 0 0 384755.2531738281 0.199951171875 2765.2900436296704 14433
520 0 0 0 384755.2531738281 0.199951171875 2765.2900436296704 14433
530 0 0 0 384755.2531738281 0.199951171875 2765.2900436296704 14433
540 0 0 0 384755.2531738281 0.199951171875 2765.2900436296704 14433
550 0.2 147194.0205078125 3099.95947265625 384755.2531738281 0.199951171875 2765.2900436296704 14433
560 0.4 154774.29553222656 3591.9573385072295 384755.2531738281 0.199951171875 2785.3009519031975 14435
570 0.1 168153.712890625 0.0 384755.2531738281 0.199951171875 2827.4060823361424 14439
580 0 0 0 384755.2531738281 0.199951171875 2838.855272558323 14440
590 0 0 0 384755.2531738281 0.199951171875 2838.855272558323 14440
600 0 0 0 384755.2531738281 0.199951171875 2838.855272558323 14440
610 0 0 0 384755.2531738281 0.199951171875 2838.855272558323 14440
620 0 0 0 384755.2531738281 0.199951171875 2838.855272558323 14440
630 0.2 226038.1778564453 181.7530517578125 384755.2531738281 0.199951171875 2838.855272558323 14440
640 0.2 232660.44299316406 2403.5611572265625 384755.2531738281 0.199951171875 2869.7650250280485 14442
650 0.3 244649.67439778647 3231.045618770452 384755.2531738281 0.199951171875 2901.583174843631 14444
660 0 0 0 384755.2531738281 0.199951171875 2951.7835121917883 14447
670 0 0 0 384755.2531738281 0.199951171875 2951.7835121917883 14447
680 0 0 0 384755.2531738281 0.199951171875 2951.7835121917883 14447
690 0 0 0 384755.2531738281 0.199951171875 2951.7835121917883 14447
700 0 0 0 384755.2531738281 0.199951171875 2951.7835121917883 14447
710 0 0 0 384755.2531738281 0.199951171875 2951.7835121917883 14447
720 0.8 273350.3453979492 103317.92583963824 384755.2531738281 0.199951171875 2951.7835121917883 14447
730 0.1 328266.09912109375 0.0 384755.2531738281 0.199951171875 3101.433356196358 14455
740 0.2 329878.99060058594 42.1995849609375 384755.2531738281 0.199951171875 3123.9267614097575 14456
750 0 0 0 384755.2531738281 0.199951171875 3169.127351233962 14458
760 0 0 0 384755.2531738281 0.199951171875 3169.127351233962 14458
770 0 0 0 384755.2531738281 0.199951171875 3169.127351233962 14458
780 0 0 0 384755.2531738281 0.199951171875 3169.127351233962 14458
790 0 0 0 384755.2531738281 0.199951171875 3169.127351233962 14458
800 0.3 395892.1279296875 1697.737801403033 398290.27392578125 0.199951171875 3169.127351233962 14458
810 0.1 399581.60302734375 0.0 399581.60302734375 0.199951171875 3250.5995178708035 14461
820 0.1 410191.0910644531 0.0 410191.0910644531 0.199951171875 3278.004510507332 14462
830 0.1 423089.6970214844 0.0 423089.6970214844 0.199951171875 3306.139274149311 14463
840 0 0 0 423089.6970214844 0.199951171875 3335.1619205643647 14464
850 0 0 0 423089.6970214844 0.199951171875 3335.1619205643647 14464
860 0 0 0 423089.6970214844 0.199951171875 3335.1619205643647 14464
870 0 0 0 423089.6970214844 0.199951171875 3335.1619205643647 14464
880 0 0 0 423089.6970214844 0.199951171875 3335.1619205643647 14464
890 0.4 482459.3459472656 2151.943647938091 485837.5588378906 0.199951171875 3335.1619205643647 14464
900 0.3 493037.54996744794 1854.4443085447897 494556.5549316406 0.199951171875 3467.6264447630656 14468
910 0 0 0 494556.5549316406 0.199951171875 3569.119760399031 14471
920 0.2 515307.34606933594 121.2520751953125 515428.59814453125 0.199951171875 3569.119760399031 14471
930 0 0 0 515428.59814453125 0.199951171875 3639.836021894082 14473
940 0 0 0 515428.59814453125 0.199951171875 3639.836021894082 14473
950 0 0 0 515428.59814453125 0.199951171875 3639.836021894082 14473
960 0 0 0 515428.59814453125 0.199951171875 3639.836021894082 14473
970 0.3 563860.1705729166 1654.785431148085 565663.7548828125 0.199951171875 3639.836021894082 14473
980 0.4 574465.1114501953 2204.4005204950713 576981.7438964844 0.199951171875 3755.9358425388086 14476
990 0 0 0 576981.7438964844 0.199951171875 3913.590310938714 14480
1000 0.1 596659.9721679688 0.0 596659.9721679688 0.199951171875 3913.590310938714 14480
1010 0 0 0 596659.9721679688 0.199951171875 3954.5230077039255 14481
1020 0 0 0 596659.9721679688 0.199951171875 3954.5230077039255 14481
1030 0 0 0 596659.9721679688 0.199951171875 3954.5230077039255 14481
1040 0 0 0 596659.9721679688 0.199951171875 3954.5230077039255 14481
1050 0.1 645259.9140625 0.0 645259.9140625 0.199951171875 3954.5230077039255 14481
1060 0.4 651226.030090332 2765.0618508805005 655324.9050292969 0.199951171875 3998.8059376207048 14482
1070 0.1 657168.9392089844 0.0 657168.9392089844 0.199951171875 4177.5239340732 14486
1080 0 0 0 657168.9392089844 0.199951171875 4222.5982362251225 14487
1090 0.1 681641.0649414063 0.0 681641.0649414063 0.199951171875 4222.5982362251225 14487
1100 0 0 0 681641.0649414063 0.199951171875 4269.355446792846 14488
1110 0 0 0 681641.0649414063 0.199951171875 4269.355446792846 14488
1120 0 0 0 681641.0649414063 0.199951171875 4269.355446792846 14488
1130 0 0 0 681641.0649414063 0.199951171875 4269.355446792846 14488
1140 0.4 731349.7595825195 2616.2888007591346 734390.1918945313 0.199951171875 4269.355446792846 14488
1150 0.3 741581.7635904948 3523.940396914527 744421.1049804688 0.199951171875 4470.040073934918 14492
1160 0 0 0 744421.1049804688 0.199951171875 4622.598554138414 14495
1170 0 0 0 744421.1049804688 0.199951171875 4622.598554138414 14495
1180 0.4 766081.5425415039 594.2293620345823 767053.1791992188 0.199951171875 4622.598554138414 14495
1190 0 0 0 767053.1791992188 0.199951171875 4832.670681591994 14499
1200 0 0 0 767053.1791992188 0.199951171875 4832.670681591994 14499
1210 0.1 804055.4699707031 0.0 804055.4699707031 0.199951171875 4832.670681591994 14499
1220 0.3 542313.5030110677 383474.157581039 814484.2819824219 0.199951171875 4887.789495336071 14500
1230 0.5 821492.4693847656 2535.8661948607823 824440.7529296875 0.199951171875 4998.958021885557 14503
1240 0 0 0 824440.7529296875 0.199951171875 5280.352256570862 14508
1250 0 0 0 824440.7529296875 0.199951171875 5280.352256570862 14508
1260 0.1 845050.3540039063 0.0 845050.3540039063 0.199951171875 5280.352256570862 14508
1270 0 0 0 845050.3540039063 0.199951171875 5338.231504054998 14509
1280 0 0 0 845050.3540039063 0.199951171875 5338.231504054998 14509
1290 0 0 0 845050.3540039063 0.199951171875 5338.231504054998 14509
1300 0.7 885385.2728445871 2165.03831411765 889579.4240722656 0.199951171875 5338.231504054998 14509
1310 0.6 894273.7184244791 6532.150775979273 902550.5300292969 0.199951171875 5762.613516274874 14516
1320 0.1 846944.4509277344 0.0 902550.5300292969 0.199951171875 6129.716300288731 14522
1330 0.6 854358.9937744141 21703.47284240896 902550.5300292969 0.199951171875 6187.611689301156 14523
1340 0.6 823889.5818684896 49903.731556801846 923879.5209960938 0.199951171875 6537.878623881009 14529
1350 0.4 785120.7167358398 4782.234005402225 923879.5209960938 0.199951171875 6875.278707779712 14535
1360 0.8 696470.824005127 31569.587239032437 923879.5209960938 0.199951171875 7089.391215662801 14539
1370 0.4 659550.0177001953 27942.730272617046 923879.5209960938 0.199951171875 7468.510722249432 14547
1380 0.5 775864.8118164062 156228.76299087203 970501.9599609375 0.199951171875 7647.764796052729 14551
1390 0.7 577486.1448800223 39423.49418934826 970501.9599609375 0.199951171875 7911.648090577445 14556
1400 0.8 495168.01806640625 34144.37448070761 970501.9599609375 0.199951171875 8185.42557306911 14563
1410 0.8 444403.5501098633 29598.308039860483 970501.9599609375 0.199951171875 8452.796428874937 14571
1420 0.6 367937.0095214844 20393.59700891599 970501.9599609375 0.199951171875 8692.017639482516 14579
1430 1.6 292339.90531921387 117130.288431372 970501.9599609375 0.199951171875 8839.804403369524 14585
1440 1.1 178025.99001242899 44944.47642007416 970501.9599609375 0.199951171875 9150.468167129096 14601
1450 9.3 56121.360789965576 42160.69696509805 970501.9599609375 0.199951171875 9277.598658526462 14612
1460 1.4 21056.776297433036 30850.167902271085 970501.9599609375 0.199951171875 9573.856385709314 14705
1470 0 0 0 970501.9599609375 0.199951171875 9584.778383043653 14719
1480 0 0 0 970501.9599609375 0.199951171875 9584.778383043653 14719
1490 0 0 0 970501.9599609375 0.199951171875 9584.778383043653 14719
1500 0 0 0 970501.9599609375 0.199951171875 9584.778383043653 14719
1510 0 0 0 970501.9599609375 0.199951171875 9584.778383043653 14719
1520 0 0 0 970501.9599609375 0.199951171875 9584.778383043653 14719
1530 7.8 72909.66147085336 8892.244206992034 970501.9599609375 0.199951171875 9584.778383043653 14719
1540 6.5 3047.3949368990384 2065.189600515256 970501.9599609375 0.199951171875 9918.585295312976 14797
1550 0.2 47.2178955078125 3.0360107421875 970501.9599609375 0.199951171875 9888.53366206732 14862
1560 0.7 31490.939801897322 49192.71322040297 970501.9599609375 0.199951171875 9887.209480720907 14864
1570 0.1 17.0400390625 0.0 970501.9599609375 0.199951171875 9897.378676622206 14871
1580 0 0 0 970501.9599609375 0.199951171875 9896.714318187727 14872
1590 0 0 0 970501.9599609375 0.199951171875 9896.714318187727 14872
1592 0 0 0 970501.9599609375 0.199951171875 9896.714318187727 14872
