10 1.2 88.78271484375 288.5564335557601 1045.81591796875 1.463134765625 0 0
20 2.8 1.7673863002232142 0.189641545407662 1045.81591796875 1.449951171875 88.78271484375 12
30 2.1 1.7759486607142858 0.11939298283788909 1045.81591796875 1.427978515625 27.87198486328125 40
40 2.8 1.7209211077008928 0.21665481900649786 1045.81591796875 1.427978515625 18.888103547643443 61
50 4.1 1.7149092511432926 0.12751284229951773 1045.81591796875 1.427978515625 13.487192218223315 89
60 4.6 1.6676821501358696 0.1589290270659799 1045.81591796875 1.410888671875 9.774395282451923 130
70 7.9 1.5897788518591771 0.19654518889085948 1045.81591796875 1.325927734375 7.655595259232954 176
80 11.6 1.66790771484375 0.3031599842252794 1045.81591796875 1.26318359375 5.7763815487132355 255
90 11.7 1.9265491452991452 0.48015966860505493 1045.81591796875 1.26318359375 4.4917913472877355 371
100 13.1 1.998935845062023 0.8929329626154369 1045.81591796875 1.26318359375 3.8767640160732584 488
110 21 2.051963588169641 1.2218649023944839 1045.81591796875 1.26318359375 3.479356115584612 619
120 22.3 2.0825271948570627 1.174472619955628 1045.81591796875 1.26318359375 3.117772966299758 829
130 30.9 1.9351154808859223 1.1375549954040782 1045.81591796875 1.035888671875 2.89832448052816 1052
140 44 1.9922013716264197 1.2204354614650126 1045.81591796875 0.943115234375 2.679638528368387 1361
150 38.8 2.1032702259181697 1.322225449734813 1045.81591796875 0.943115234375 2.5116916383259293 1801
160 17.2 1.9165564248728197 0.9879033833572028 1045.81591796875 0.927978515625 2.439298989621402 2189
170 0.4 1.58294677734375 0.19572240730667995 1045.81591796875 0.927978515625 2.4012169391611073 2361
180 0 0 0 1045.81591796875 0.927978515625 2.3998329727140586 2365
190 0 0 0 1045.81591796875 0.927978515625 2.3998329727140586 2365
200 0 0 0 1045.81591796875 0.927978515625 2.3998329727140586 2365
210 0 0 0 1045.81591796875 0.927978515625 2.3998329727140586 2365
213 0 0 0 1045.81591796875 0.927978515625 2.3998329727140586 2365
