10 0.1 1219.20703125 0.0 1219.20703125 1219.20703125 0 0
20 9 1430.459090169271 1177.5675712932525 5373.806884765625 55.64306640625 1219.20703125 1
30 7.4 984.2247512404983 480.7929125398446 5373.806884765625 55.64306640625 1428.1376389723557 91
40 4.9 3184.735520966199 1298.608506780749 6943.31201171875 55.64306640625 1229.049434777462 165
50 3.2 8447.02027130127 3396.813398982482 14959.669189453125 55.64306640625 1676.8467161945093 214
60 8.3 4860.332643072288 6585.394804412602 22013.64208984375 1.200927734375 2557.5196989726246 246
70 21.4 4355.115066670923 8643.981376915995 28305.8740234375 1.06494140625 3138.472508578315 329
80 37.8 1459.0639409463872 5829.969910691835 29644.130126953125 1.044921875 3617.959630920521 543
90 41.3 3.3240703739785107 3.1786817564228524 29644.130126953125 1.044921875 2731.898207673808 921
100 47.6 3.3175710469734767 3.106618593253212 29644.130126953125 1.044921875 1887.1447453763346 1334
110 69.1 3.7656345395034383 3.69611304998959 29644.130126953125 1.044921875 1391.7294221825357 1810
120 76.6 3.5552739474543094 3.497666002986202 29644.130126953125 1.044921875 1008.2496231975956 2501
130 103.3 3.6655044186380685 3.43865642385666 29644.130126953125 1.0341796875 772.6830876831762 3267
140 148.2 3.727000536384531 3.69754248405334 29644.130126953125 1.0341796875 587.9400264012534 4300
150 146.3 3.453321413886278 3.5478951300876655 29644.130126953125 1.0341796875 438.19881153931357 5782
160 103.2 3.1680257634599087 4.483583952297345 29644.130126953125 1.0341796875 350.4096256106041 7245
170 40.7 27642.738494798064 45363.84221759637 148400.25415039063 1.0341796875 307.1145511823991 8277
180 31.3 2055.3014536117207 6110.919090501327 148400.25415039063 1.0341796875 1588.275185112797 8684
190 10 37.13067382812501 97.63871009858491 148400.25415039063 1.0341796875 1604.5227367455816 8997
200 1.6 102.14356994628906 176.53024108153372 148400.25415039063 1.0341796875 1587.2929679985502 9097
210 0.6 20.880818684895832 2.4930470315417956 148400.25415039063 1.0341796875 1584.6854413477397 9113
213 0.1 15.463134765625 0.0 148400.25415039063 1.0341796875 1583.6565096955874 9119
