10 0.3 406.2569986979167 553.5301018004644 1189.06298828125 12.7451171875 0 0
20 18.1 719.0232014524341 921.5389894920932 5373.806884765625 12.7451171875 406.2569986979167 3
30 13.6 648.8624842026653 451.71300118977194 5373.806884765625 12.7451171875 713.92375249448 184
40 7.8 2214.091853215144 802.3631071128051 5373.806884765625 12.7451171875 686.2727134704588 320
50 9.1 5881.23594715831 612.8011472318223 6835.926025390625 12.7451171875 985.69455492796 398
60 18.5 3532.0035855679903 3938.2146936267623 10575.485107421875 0.873046875 1896.725775158966 489
70 39.9 2908.848981584822 5190.04503866577 14474.85693359375 0.859130859375 2345.5779931495736 674
80 66 762.7088826497402 2787.681131739386 14474.85693359375 0.8388671875 2555.0329087000523 1073
90 69.7 1.7597715796493902 0.9035073673226437 14474.85693359375 0.8388671875 1872.4398001061654 1733
100 78.2 1.8444330942295397 0.997088126489157 14474.85693359375 0.8388671875 1335.870261059671 2430
110 119.5 1.949727257126046 1.2497018806297984 14474.85693359375 0.194091796875 1011.0856416733151 3212
120 128.9 1.907448164153413 1.2002522894710492 14474.85693359375 0.194091796875 737.4488325679496 4407
130 178.2 1.9290689282144362 1.1975389335355708 14474.85693359375 0.194091796875 570.9964371156158 5696
140 252.7 1.970583228476207 1.2938499292749615 14474.85693359375 0.194091796875 435.3882464082142 7478
150 241 1.8907449429460577 1.224417642907932 14474.85693359375 0.194091796875 325.91833787696 10005
160 152.2 1.8867221185631566 2.4620451756950956 14474.85693359375 0.194091796875 263.01809631667214 12415
170 52.8 20230.960380323002 37946.63506950248 148273.1337890625 0.194091796875 234.50105882441974 13937
180 38.9 1240.7179491685406 1129.8804132100627 148273.1337890625 0.194091796875 964.4098401414782 14465
190 10.6 35.02253233711673 91.55691038234147 148273.1337890625 0.194091796875 971.6458610389824 14854
200 1.9 85.9976742393092 157.42648285189685 148273.1337890625 0.194091796875 965.009358843635 14960
210 0.6 20.880818684895832 2.4930470315417956 148273.1337890625 0.194091796875 963.894383077063 14979
213 0.1 15.463134765625 0.0 148273.1337890625 0.194091796875 963.5168000682974 14985
