20 0.1 5269.239990234375 0 5269.239990234375 5269.239990234375 0 0
30 1 14669.4587890625 3189.0645324566076 20241.5810546875 5269.239990234375 5269.239990234375 1
40 0.9 19487.851236979168 5070.658815327881 28002.592041015625 5269.239990234375 13814.893443714489 11
50 0.4 27185.48095703125 6084.939112489723 33983.69287109375 5269.239990234375 16367.724450683594 20
60 1.3 35529.53883713942 6866.102311131803 48040.794921875 5269.239990234375 18170.683868408203 24
70 2 30728.103845214842 14988.757890216946 58774.386962890625 5269.239990234375 24269.74101958404 37
80 4.9 21331.313476562496 16649.69805251819 58774.386962890625 2110.3251953125 26535.83323910362 57
90 6.8 19236.750836540676 14999.49630177478 58774.386962890625 2110.3251953125 24129.970330004424 106
100 9.3 16817.0020922589 14376.111153442409 77948.45092773438 1017.555908203125 22217.6776543979 174
110 11 11936.94663529829 9512.39483918228 77948.45092773438 1017.555908203125 20336.54346983263 267
120 12.6 13336.455678788443 7179.170348598478 77948.45092773438 1017.555908203125 17885.73272235577 377
130 16.3 13418.353295449093 7174.118549848048 77948.45092773438 1017.555908203125 16746.15238937469 503
140 22.6 12719.960203997853 7847.922513361312 77948.45092773438 1017.555908203125 15931.691049570078 666
150 27.3 13449.124272049565 7426.217726376592 77948.45092773438 1017.555908203125 15117.95655282196 892
160 30.9 15196.44263011352 7793.9099071625105 77948.45092773438 1017.555908203125 14726.891134237527 1165
170 15.1 32293.36983747672 35259.654716460594 157018.80590820313 1017.555908203125 14825.324928149115 1474
180 11.8 59244.474150059585 44039.30645069275 157018.80590820313 1017.555908203125 16448.509408954327 1625
190 6.6 90127.6786147609 45495.04713442714 157018.80590820313 1017.555908203125 19345.769213573043 1743
200 1.1 99352.86450195313 40505.39920261377 157018.80590820313 1017.555908203125 21928.19376884026 1809
210 0.3 150905.61865234375 12241.525388113898 162790.6689453125 1017.555908203125 22396.145075468965 1820
213 0.1 141002.5400390625 0.0 162790.6689453125 1017.555908203125 22607.62528431736 1823
