10 5.8203125 5.8203125
20 100.5109375 106.33125
30 82.53125 188.8625
40 52.81796875 241.68046875
50 67.68828125 309.36875
60 83.57421875 392.94296875
70 138.75234375 531.6953125
80 201.4671875 733.1625
90 162.8375 896
100 166.89921875 1062.89921875
110 246.96171875 1309.8609375
120 263.4578125 1573.31875
130 369.4890625 1942.8078125
140 518.58203125 2461.38984375
150 482.3734375 2943.76328125
160 276.6203125 3220.38359375
170 172.9421875 3393.32578125
180 137.8484375 3531.17421875
190 49.71953125 3580.89375
200 9.22109375 3590.11484375
210 2.9578125 3593.07265625
213 0.49453125 3593.5671875
