10 4.54765625 4.54765625
20 21151.68125 21156.22890625
30 17392.075 38548.30390625
40 10728.73984375 49277.04375
50 5098.59921875 54375.64296875
60 3200.3125 57575.95546875
70 2921.1109375 60497.06640625
80 1865.02265625 62362.0890625
90 252.8015625 62614.890625
100 283.99296875 62898.88359375
110 432.81796875 63331.7015625
120 467.2125 63798.9140625
130 646.784375 64445.6984375
140 915.775 65361.4734375
150 873.0875 66234.5609375
160 551.49375 66786.0546875
170 46167.81953125 112953.87421875
180 40973.61953125 153927.49375
190 2594.92578125 156522.41953125
200 1516.30546875 158038.725
210 12.77734375 158051.50234375
213 0.1109375 158051.61328125
