10 1.3 84.96576397235577 277.00916818989674 1043.947021484375 1.62890625 0 0
20 2 1.99510498046875 0.33758929691663475 1043.947021484375 1.544921875 84.96576397235577 13
30 2.2 2.1270308061079546 0.7731112496559404 1043.947021484375 1.44091796875 34.68051609848485 33
40 2.7 2.173683449074074 0.5717955293361122 1043.947021484375 1.39990234375 21.659121981534092 55
50 3.6 2.0644938151041665 0.5759769677566454 1043.947021484375 1.39990234375 15.243184903772866 82
60 3.9 1.9711976662660255 0.3537184530999027 1043.947021484375 1.39990234375 11.222567283501059 118
70 6.7 2.441938257929104 2.652721604910262 1043.947021484375 1.39990234375 8.924456359474522 157
80 8.4 1.9470447358630956 0.5280028859290831 1043.947021484375 1.39990234375 6.9854888916015625 224
90 8.3 2.0578642695783134 0.6758958065962307 1043.947021484375 1.342041015625 5.6113677582183445 308
100 12.9 1.9712538608284889 0.6866411918496396 1043.947021484375 1.342041015625 4.857043488251279 391
110 18.7 2.1504689588903756 0.8620136591002339 1043.947021484375 1.342041015625 4.1411456768329336 520
120 20.8 1.946752694936899 0.5837141674632281 1043.947021484375 1.078857421875 3.6146159084379432 707
130 31.3 2.0592824917631805 1.3462671425384187 1043.947021484375 1.078857421875 3.235473232581968 915
140 41 1.9941227610518286 0.9465087159295358 1043.947021484375 1.078857421875 2.9356786870801113 1228
150 40.1 1.9172064954800498 0.5678966335220157 1043.947021484375 1.078857421875 2.7000022953392104 1638
160 11 2.1171364524147718 0.8513038287532378 1043.947021484375 1.078857421875 2.5460537344056533 2039
170 0.5 3.14287109375 1.8377905881860113 1043.947021484375 1.078857421875 2.524098917737902 2149
180 0.5 2.515380859375 0.47047452955392216 1043.947021484375 1.078857421875 2.5255352505513007 2154
190 0 0 0 1043.947021484375 1.078857421875 2.525511734128938 2159
200 0.2 7.654541015625 4.180419921875 1043.947021484375 1.078857421875 2.525511734128938 2159
210 0 0 0 1043.947021484375 1.078857421875 2.5302586376749776 2161
220 0.1 9.40185546875 0.0 1043.947021484375 1.078857421875 2.5302586376749776 2161
230 0 0 0 1043.947021484375 1.078857421875 2.533436989585743 2162
240 0 0 0 1043.947021484375 1.078857421875 2.533436989585743 2162
250 0 0 0 1043.947021484375 1.078857421875 2.533436989585743 2162
260 0 0 0 1043.947021484375 1.078857421875 2.533436989585743 2162
270 0 0 0 1043.947021484375 1.078857421875 2.533436989585743 2162
273 0 0 0 1043.947021484375 1.078857421875 2.533436989585743 2162
