10 64.31796875 64.31796875
20 52058.04296875 52122.3609375
30 53708.55 105830.9109375
40 55561.3625 161392.2734375
50 56399.3234375 217791.596875
60 44362.8984375 262154.4953125
70 52633.521875 314788.0171875
80 52266.53125 367054.5484375
90 54493.2265625 421547.775
100 53563.93671875 475111.71171875
110 57893.25703125 533004.96875
120 47552.76015625 580557.72890625
130 53657.24921875 634214.978125
140 49688.76640625 683903.74453125
150 46883.93203125 730787.6765625
160 54737.05859375 785524.73515625
170 52959.36796875 838484.103125
180 55573.6078125 894057.7109375
190 57121.76484375 951179.47578125
200 56304.3 1007483.77578125
210 36424.61875 1043908.39453125
220 21186.67109375 1065095.065625
230 5724.5203125 1070819.5859375
240 4.2875 1070823.8734375
250 0 1070823.8734375
260 0 1070823.8734375
270 0 1070823.8734375
273 0 1070823.8734375
