10 0.3 3
20 0 3
30 0 3
40 0 3
50 0 3
60 0 3
70 0 3
80 0 3
90 0.1 4
100 0.2 6
110 0 6
120 0.9 15
130 1.3 28
140 0 28
150 0 28
160 0 28
170 0 28
180 0 28
190 0 28
200 0.3 31
210 0.1 32
220 0 32
230 0.7 39
240 0.2 41
250 0 41
260 0 41
270 0 41
280 0 41
290 0 41
300 0 41
310 0 41
320 0 41
330 0 41
340 0 41
350 0 41
360 0 41
370 0 41
380 0 41
390 0 41
400 0.4 45
410 0.8 53
420 0 53
430 0 53
440 0 53
450 0 53
460 0 53
470 0 53
480 0 53
490 0.3 56
500 0.6 62
510 0.1 63
520 0 63
530 0 63
540 0 63
550 0 63
560 0 63
570 0 63
572 0 63
