70 5.6 56
80 25 306
90 67.5 981
100 102.2 2003
110 82.4 2827
120 124.8 4075
130 146.3 5538
140 215.4 7692
150 119.9 8891
160 49.5 9386
170 168.4 11070
180 44.8 11518
190 13.7 11655
200 4.2 11697
210 2.3 11720
220 3.4 11754
230 0 11754
240 0 11754
250 0 11754
260 0 11754
270 0 11754
280 0 11754
290 0 11754
300 0 11754
310 0 11754
320 0 11754
330 0 11754
340 0 11754
350 0.3 11757
360 0 11757
370 0 11757
380 0 11757
390 0 11757
400 0 11757
410 0 11757
420 0 11757
430 0 11757
440 0 11757
450 0 11757
460 0 11757
470 0 11757
480 0 11757
490 0 11757
500 0 11757
510 0 11757
520 0 11757
530 0 11757
540 0 11757
550 0 11757
560 0 11757
570 0 11757
572 0 11757
