90 0.6 6
100 4.4 50
110 3 80
120 1.9 99
130 0.2 101
140 0 101
150 0 101
160 0.2 103
170 0.6 109
180 0 109
190 0 109
200 0 109
210 0.7 116
220 2.1 137
230 0.1 138
240 0.1 139
250 1.8 157
260 1.5 172
270 2 192
280 1.4 206
290 1.6 222
300 1 232
310 1.5 247
320 1.3 260
330 1.4 274
340 1.1 285
350 1.3 298
360 0 298
370 0 298
380 0 298
390 0.5 303
400 0 303
410 0 303
420 1.8 321
430 0.2 323
440 0.1 324
450 0.5 329
460 0.2 331
470 0.8 339
480 0.1 340
490 0 340
500 0 340
510 0 340
520 0 340
530 0 340
540 0 340
550 0 340
560 0 340
570 0 340
572 0 340
