10 1 105.69189453125 312.44609488563674 1043.030029296875 1.210205078125 0 0
20 1.6 1.5640869140625 0.17508227934498155 1043.030029296875 1.1171875 105.69189453125 10
30 2.9 1.5436169854525863 0.1845328064872903 1043.030029296875 1.1171875 41.61324368990385 26
40 3.9 1.6338829627403846 0.5718866259571425 1043.030029296875 1.10302734375 20.485622336647726 55
50 5.1 1.6248180912990196 0.23783931056842417 1043.030029296875 1.10302734375 12.664156000664894 94
60 3.5 1.62001953125 0.22854255787703434 1043.030029296875 1.10302734375 8.781354391163793 145
70 5.4 2.0589735243055554 3.165685947520449 1043.030029296875 1.10302734375 7.388872612847222 180
80 9.3 1.6738832535282258 0.8372330340103671 1043.030029296875 1.088134765625 6.158895900106837 234
90 9.7 1.8026588675902062 1.1449365599081425 1043.030029296875 1.086181640625 4.883341844657875 327
100 14.8 1.8784278663429055 1.1665838396169794 1043.030029296875 0.98779296875 4.178562956036262 424
110 17.7 1.9916302524717515 1.3122947392121067 1043.030029296875 0.98779296875 3.5834231076540646 572
120 18.1 1.8325640430766574 1.2284163597158255 1043.030029296875 0.98779296875 3.2072584409420895 749
130 31.6 1.9140547740308544 1.4473841502816231 1043.030029296875 0.985107421875 2.939710391465054 930
140 38.1 1.9733585547900263 1.4148262949900094 1043.030029296875 0.7109375 2.6795922733998796 1246
150 33.7 1.7788781412277441 1.2227641196228072 1043.030029296875 0.7109375 2.5142111751882297 1627
160 9.4 1.7987865691489362 1.1743426929680882 1043.030029296875 0.7109375 2.388036413251018 1964
170 4.5 2.187706163194446 1.4994045311476538 1043.030029296875 0.7109375 2.3611221832482987 2058
180 0.8 1.594757080078125 0.13759817593045237 1043.030029296875 0.7109375 2.357411426756419 2103
190 0.5 3.910205078125 3.791512506655772 1043.030029296875 0.7109375 2.3545212160631803 2111
200 0 0 0 1043.030029296875 0.7109375 2.3581972176275987 2116
210 0.5 2.081201171875 1.4527059841023038 1043.030029296875 0.7109375 2.3581972176275987 2116
220 0 0 0 1043.030029296875 0.7109375 2.3575442330784413 2121
230 0 0 0 1043.030029296875 0.7109375 2.3575442330784413 2121
240 0 0 0 1043.030029296875 0.7109375 2.3575442330784413 2121
250 0 0 0 1043.030029296875 0.7109375 2.3575442330784413 2121
260 0 0 0 1043.030029296875 0.7109375 2.3575442330784413 2121
270 0 0 0 1043.030029296875 0.7109375 2.3575442330784413 2121
280 0 0 0 1043.030029296875 0.7109375 2.3575442330784413 2121
290 0 0 0 1043.030029296875 0.7109375 2.3575442330784413 2121
300 0 0 0 1043.030029296875 0.7109375 2.3575442330784413 2121
310 0.1 9.473876953125 0.0 1043.030029296875 0.7109375 2.3575442330784413 2121
320 0 0 0 1043.030029296875 0.7109375 2.3608978300247405 2122
330 0 0 0 1043.030029296875 0.7109375 2.3608978300247405 2122
340 0 0 0 1043.030029296875 0.7109375 2.3608978300247405 2122
350 0 0 0 1043.030029296875 0.7109375 2.3608978300247405 2122
360 0 0 0 1043.030029296875 0.7109375 2.3608978300247405 2122
370 0 0 0 1043.030029296875 0.7109375 2.3608978300247405 2122
380 0 0 0 1043.030029296875 0.7109375 2.3608978300247405 2122
390 0 0 0 1043.030029296875 0.7109375 2.3608978300247405 2122
400 0 0 0 1043.030029296875 0.7109375 2.3608978300247405 2122
410 0 0 0 1043.030029296875 0.7109375 2.3608978300247405 2122
420 0.1 10.93115234375 0.0 1043.030029296875 0.7109375 2.3608978300247405 2122
430 0 0 0 1043.030029296875 0.7109375 2.3649346903703483 2123
440 0 0 0 1043.030029296875 0.7109375 2.3649346903703483 2123
450 0 0 0 1043.030029296875 0.7109375 2.3649346903703483 2123
460 0.1 1.4970703125 0.0 1043.030029296875 0.7109375 2.3649346903703483 2123
470 0 0 0 1043.030029296875 0.7109375 2.3645260913223867 2124
480 0 0 0 1043.030029296875 0.7109375 2.3645260913223867 2124
490 0 0 0 1043.030029296875 0.7109375 2.3645260913223867 2124
500 0 0 0 1043.030029296875 0.7109375 2.3645260913223867 2124
510 0 0 0 1043.030029296875 0.7109375 2.3645260913223867 2124
520 0 0 0 1043.030029296875 0.7109375 2.3645260913223867 2124
530 0 0 0 1043.030029296875 0.7109375 2.3645260913223867 2124
540 0 0 0 1043.030029296875 0.7109375 2.3645260913223867 2124
550 0 0 0 1043.030029296875 0.7109375 2.3645260913223867 2124
560 0 0 0 1043.030029296875 0.7109375 2.3645260913223867 2124
570 0 0 0 1043.030029296875 0.7109375 2.3645260913223867 2124
572 0 0 0 1043.030029296875 0.7109375 2.3645260913223867 2124
