0 0 0
10 0 0
20 0 0
30 0 0
40 0 0
50 0 0
60 0 0
70 0 0
80 1.3 13
90 2.8 41
100 8.9 130
110 7.3 203
120 11.5 318
130 12.9 447
140 27 717
150 15.7 874
160 8.2 956
170 29.1 1247
180 17.3 1420
190 9.6 1516
200 5 1566
210 3.3 1599
220 0.8 1607
230 4 1647
240 3.1 1678
250 0.9 1687
260 0.3 1690
270 0.3 1693
280 0.4 1697
290 0.3 1700
300 0.3 1703
310 0.1 1704
320 0.6 1710
330 0.4 1714
340 0.2 1716
350 0.4 1720
360 1.2 1732
370 0 1732
380 0 1732
390 0 1732
400 0.3 1735
410 0.2 1737
420 0.2 1739
430 0.1 1740
440 0 1740
450 0.1 1741
460 0.1 1742
470 0.8 1750
480 1.7 1767
490 0.2 1769
500 0.7 1776
510 0.1 1777
520 0.1 1778
530 0 1778
540 0 1778
550 0 1778
560 0 1778
570 0 1778
572 0 1778
