10 0.3 1013.5174153645834 354.3652351081515 1499.123046875 663.465087890625 0 0
20 0 0 0 1499.123046875 663.465087890625 1013.5174153645834 3
30 4.5 9448.57702907986 7280.732680125903 23349.446044921875 12.256103515625 1013.5174153645834 3
40 1.9 5820.929905941612 4936.137550693379 23349.446044921875 1.52197265625 8921.385803222654 48
50 0 0 0 23349.446044921875 1.52197265625 8042.152041307135 67
60 0 0 0 23349.446044921875 1.52197265625 8042.152041307135 67
70 2.8 56.94627162388393 29.136449456168435 23349.446044921875 1.52197265625 8042.152041307135 67
80 14.2 61.65577719245159 37.68846809663093 23349.446044921875 1.52197265625 5688.617709189966 95
90 37.8 3141.408227668236 9328.889537049434 61157.52197265625 1.31005859375 2317.1890410733117 237
100 64.8 4891.673584361134 16137.880252447661 66886.998046875 1.27099609375 2823.782297224339 615
110 50.9 3708.221169822105 13881.599005118063 66886.998046875 1.27099609375 3884.7431476318156 1263
120 82.7 6281.763150234755 15621.548582615713 94467.77001953125 1.27099609375 3834.0379068275593 1772
130 93.9 2533.756572036824 12428.350053766026 96381.39990234375 1.27099609375 4612.9023840487025 2599
140 163.8 2588.893690172132 12730.528805418631 96381.39990234375 1.093017578125 4061.0883881529553 3538
150 80.7 2385.268263654934 8939.068414729883 96381.39990234375 1.093017578125 3595.1967893715437 5176
160 35.6 3577.3829565155374 5285.492256958326 96381.39990234375 1.093017578125 3431.9990089514695 5983
170 115.9 7008.107885721126 9047.555194872979 96381.39990234375 1.093017578125 3440.163811811985 6339
180 37.8 1027.2598566933282 5540.631169608243 96381.39990234375 1.093017578125 3991.677172929709 7498
190 27.5 19884.054800248585 24832.58370824686 96381.39990234375 1.093017578125 3849.4032082855556 7876
200 14.5 14249.98324521821 13939.57867741813 96381.39990234375 1.093017578125 4390.3833564624465 8151
210 12.5 16169.679251953125 19024.18094037367 96381.39990234375 1.093017578125 4562.7124287707375 8296
220 4 26594.062017822267 31389.04335303719 96774.18310546875 1.093017578125 4735.004419377293 8421
230 9.7 15897.15366764658 17348.700079130802 100728.56494140625 1.093017578125 4838.344722407407 8461
240 3.9 13997.10591321114 21456.662177390514 100728.56494140625 1.093017578125 4963.689951162747 8558
250 2.4 66315.07657877605 52024.94498304218 123325.9609375 1.093017578125 5004.66973742771 8597
260 1 76245.016015625 25946.277392580923 129360.78393554688 1.093017578125 5175.351765521013 8621
270 1.7 81182.95286649816 30018.417583691687 144306.32299804688 1.093017578125 5257.6940946255245 8631
280 1.1 75893.85600142046 26884.73520993141 144306.32299804688 1.093017578125 5406.945875282537 8648
290 1.4 97429.21841866629 34121.73519413023 144954.65893554688 1.093017578125 5496.489241882319 8659
300 0.8 70281.62615966797 28402.728427477814 145423.77001953125 1.093017578125 5644.887513354125 8673
310 1.4 73390.04694475446 33795.66612668187 156205.42602539063 1.093017578125 5704.453681902738 8681
320 1.2 92677.94114176433 42244.31044601005 172293.97802734375 1.093017578125 5813.43566070434 8695
330 1.1 86150.806640625 45987.82708179214 178156.56884765625 1.093017578125 5933.152447860963 8707
340 1 83613.92482910157 29261.27203539378 178156.56884765625 1.093017578125 6034.367657326482 8718
350 1.3 64180.253605769234 27779.713301555836 178156.56884765625 1.093017578125 6123.253492766188 8728
360 5.2 39218.30972524789 27870.233221761915 178156.56884765625 1.093017578125 6209.598419144067 8741
370 0 0 0 178156.56884765625 1.093017578125 6404.8051731435435 8793
380 0 0 0 178156.56884765625 1.093017578125 6404.8051731435435 8793
390 0.4 74395.40924072266 25755.6564003793 178156.56884765625 1.093017578125 6404.8051731435435 8793
400 0.7 46834.64972795759 1581.7807530626883 178156.56884765625 1.093017578125 6435.720532501316 8797
410 1.3 52025.75011268029 1512.5551786394901 178156.56884765625 1.093017578125 6467.841443947043 8804
420 1.2 59613.49977620443 181.8007764108165 178156.56884765625 1.093017578125 6535.013136438088 8817
430 0.1 59319.494873046875 0.0 178156.56884765625 1.093017578125 6607.155150219625 8829
440 0.1 59583.18798828125 0.0 178156.56884765625 1.093017578125 6613.1248376174535 8830
450 0.3 79565.67464192708 28580.609627221416 178156.56884765625 1.093017578125 6619.123032969132 8831
460 0.1 59821.699951171875 0.0 178156.56884765625 1.093017578125 6643.895463898141 8834
470 0.8 59575.745361328125 213.0075758399117 178156.56884765625 1.093017578125 6649.914457048936 8835
480 2.8 67640.42769949776 31052.293512221197 178156.56884765625 1.093017578125 6697.794887585432 8843
490 0.4 13995.967590332031 1865.1208732483828 178156.56884765625 1.093017578125 6890.151298219357 8871
500 1.2 9097.355773925781 7727.545274178731 178156.56884765625 1.093017578125 6893.353919646788 8875
510 0.2 9777.636596679688 9651.024536132813 178156.56884765625 1.093017578125 6896.329954557483 8887
520 0.1 126.486083984375 0.0 178156.56884765625 1.093017578125 6896.978240448387 8889
530 0 0 0 178156.56884765625 1.093017578125 6896.21665527893 8890
540 0 0 0 178156.56884765625 1.093017578125 6896.21665527893 8890
550 0 0 0 178156.56884765625 1.093017578125 6896.21665527893 8890
560 0 0 0 178156.56884765625 1.093017578125 6896.21665527893 8890
570 0 0 0 178156.56884765625 1.093017578125 6896.21665527893 8890
572 0 0 0 178156.56884765625 1.093017578125 6896.21665527893 8890
