10 0.9 337.6288248697917 382.4476488619585 1351.35205078125 33.98291015625 0 0
20 0.4 11733.087036132813 401.73101827250565 12299.614013671875 33.98291015625 337.6288248697917 9
30 11.5 3288.0238981827442 5883.529671863004 23349.446044921875 0.697021484375 3843.9236591045674 13
40 3.5 7366.077525111607 4205.2464716779405 23349.446044921875 0.697021484375 3344.4824676513667 128
50 0.1 5653.219970703125 0.0 23349.446044921875 0.697021484375 4208.015148701112 163
60 0 0 0 23349.446044921875 0.697021484375 4216.827373225515 164
70 6 27.61259765625 33.478989484205776 23349.446044921875 0.553955078125 4216.827373225515 164
80 25.8 33.83274096111917 38.23426531881514 23349.446044921875 0.553955078125 3094.716272626604 224
90 73.3 2726.995993162729 9916.683905432059 59839.18408203125 0.47705078125 1456.3180336853281 482
100 116.4 4743.41432111288 15040.901072352115 59985.857177734375 0.47705078125 2222.908111295974 1215
110 90.3 2868.2207193469685 12004.923471802651 59985.857177734375 0.47705078125 3456.1444409415726 2379
120 145.6 2991.647126417892 8537.282877439391 59985.857177734375 0.469970703125 3294.384806389492 3282
130 164 1473.4108995391127 6572.728812068087 59985.857177734375 0.469970703125 3201.3527122487894 4738
140 275.9 640.9397578804592 2363.105524323962 59985.857177734375 0.469970703125 2757.040298820776 6378
150 135.4 1625.4619979069544 5312.338076110385 59985.857177734375 0.469970703125 2118.0645526837143 9137
160 55.7 2128.6158081273848 2896.4232551345985 59985.857177734375 0.469970703125 2054.487786010591 10491
170 178 4584.104491090245 7996.535727170404 59985.857177734375 0.469970703125 2058.225051426871 11048
180 46.8 870.9010515783593 4694.228519434913 59985.857177734375 0.469970703125 2408.713467594692 12828
190 37 15369.467202676324 21394.786003389076 59985.857177734375 0.469970703125 2354.5846912186657 13296
200 16.3 13948.975455629314 13168.418401590594 59985.857177734375 0.469970703125 2706.956016349599 13666
210 20.1 11728.377902965645 18480.969234998334 59998.779052734375 0.469970703125 2839.4637297491645 13829
220 5.6 23349.355996268136 28970.613192388788 59998.779052734375 0.469970703125 2966.8102549677324 14030
230 10.7 17003.682169976637 17563.69475116823 59998.779052734375 0.469970703125 3047.8426673994254 14086
240 4 13111.3501159668 17016.891235779247 59998.779052734375 0.469970703125 3153.054731570197 14193
250 2.6 41177.48066594051 27438.652986857192 59998.779052734375 0.469970703125 3181.0412288213643 14233
260 1.5 59623.13232421875 300.3045626996673 59998.779052734375 0.469970703125 3250.3243079549006 14259
270 2 59508.3004272461 244.39051727569657 59999.25390625 0.469970703125 3309.5643331926726 14274
280 1.4 59533.610072544645 237.77162425394303 59999.25390625 0.469970703125 3388.196956802654 14294
290 1.6 59558.216857910156 298.6064203224601 59999.25390625 0.469970703125 3443.1337602427143 14308
300 1 59597.48642578125 292.7956575396189 59999.25390625 0.469970703125 3505.8146684780313 14324
310 1.6 55883.65594482422 14431.406308761889 59999.25390625 0.469970703125 3544.9465728712944 14334
320 1.3 59716.876765324516 331.96932585486144 59999.25390625 0.469970703125 3603.3033219968165 14350
330 1.4 59503.93772670201 341.83186755699995 59999.25390625 0.469970703125 3654.091907582228 14363
340 1.1 59804.069713245735 243.34596576751755 60000.31494140625 0.469970703125 3708.4772342475735 14377
350 1.6 54533.34280395508 14015.583454277637 60000.31494140625 0.469970703125 3751.36377284008 14388
360 7 21784.807076590405 21278.34027596206 60000.31494140625 0.469970703125 3807.772524887972 14404
370 0 0 0 60000.31494140625 0.469970703125 3894.714104176294 14474
380 0 0 0 60000.31494140625 0.469970703125 3894.714104176294 14474
390 0.5 59713.008203125 358.4578130571073 60000.31494140625 0.469970703125 3894.714104176294 14474
400 0.7 46834.64972795759 1581.7807530626883 60000.31494140625 0.469970703125 3913.989708188639 14479
410 1.3 52025.75011268029 1512.5551786394901 60000.31494140625 0.469970703125 3934.7300519783935 14486
420 1.9 56418.434506064965 13299.380101634999 60000.31494140625 0.469970703125 3977.84911265769 14499
430 0.2 59523.04284667969 203.5479736328125 60000.31494140625 0.469970703125 4046.479166554559 14518
440 0.1 59583.18798828125 0.0 60000.31494140625 0.469970703125 4054.120566510499 14520
450 0.5 59582.26875 297.7834309807989 60000.31494140625 0.469970703125 4057.944619084135 14521
460 0.3 39636.00870768229 28026.5968899573 60000.31494140625 0.469970703125 4077.0566678693876 14526
470 0.8 59575.745361328125 213.0075758399117 60000.31494140625 0.469970703125 4084.3990077495887 14529
480 3 43310.164713541664 17714.538648729245 60000.31494140625 0.469970703125 4114.936998451152 14537
490 0.4 13995.967590332031 1865.1208732483828 60000.31494140625 0.469970703125 4195.657588239902 14567
500 1.2 9097.355773925781 7727.545274178731 60000.31494140625 0.469970703125 4198.347948545192 14571
510 0.2 9777.636596679688 9651.024536132813 60000.31494140625 0.469970703125 4202.379224270664 14583
520 0.1 126.486083984375 0.0 60000.31494140625 0.469970703125 4203.143743622382 14585
530 0 0 0 60000.31494140625 0.469970703125 4202.864252489814 14586
540 0 0 0 60000.31494140625 0.469970703125 4202.864252489814 14586
550 0 0 0 60000.31494140625 0.469970703125 4202.864252489814 14586
560 0 0 0 60000.31494140625 0.469970703125 4202.864252489814 14586
570 0 0 0 60000.31494140625 0.469970703125 4202.864252489814 14586
572 0 0 0 60000.31494140625 0.469970703125 4202.864252489814 14586
