10 10.2109375 10.2109375
20 8.890625 19.1015625
30 42.8171875 61.91875
40 39.48359375 101.40234375
50 20.91484375 122.3171875
60 12.4671875 134.784375
70 32.83125 167.615625
80 98.47578125 266.09140625
90 237.72109375 503.8125
100 406.53359375 910.34609375
110 338.66875 1249.01484375
120 434.3609375 1683.37578125
130 673.790625 2357.16640625
140 908.3875 3265.55390625
150 616.490625 3882.04453125
160 229.47265625 4111.5171875
170 444.440625 4555.9578125
180 171.85078125 4727.80859375
190 111.69453125 4839.503125
200 62.3234375 4901.8265625
210 90.671875 4992.4984375
220 45.671875 5038.1703125
230 35.43125 5073.6015625
240 12.7796875 5086.38125
250 14.91484375 5101.29609375
260 8.84609375 5110.1421875
270 7.8234375 5117.965625
280 3.75703125 5121.72265625
290 8.1859375 5129.90859375
300 5.3140625 5135.22265625
310 8.3328125 5143.55546875
320 5.29921875 5148.8546875
330 5.52578125 5154.38046875
340 2.4765625 5156.85703125
350 6.66640625 5163.5234375
360 32.53125 5196.0546875
370 3.18515625 5199.23984375
380 0.66015625 5199.9
390 2.24453125 5202.14453125
400 2.346875 5204.49140625
410 4.9828125 5209.47421875
420 9.15859375 5218.6328125
430 4.6875 5223.3203125
440 0 5223.3203125
450 2.05390625 5225.37421875
460 1.50390625 5226.878125
470 0.278125 5227.15625
480 7.29296875 5234.44921875
490 1.32109375 5235.7703125
500 4.490625 5240.2609375
510 0.7484375 5241.009375
520 0.7484375 5241.7578125
530 0 5241.7578125
540 0 5241.7578125
550 0 5241.7578125
560 0 5241.7578125
570 0 5241.7578125
572 0 5241.7578125
