10 2.5 25
20 2.1 46
30 6.6 112
40 2.7 139
50 0.6 145
60 1.1 156
70 0.1 157
80 0.9 166
90 20.1 367
100 27.9 646
110 5.5 701
120 6.7 768
130 5.3 821
140 3.2 853
150 11.3 966
160 3 996
170 0.4 1000
180 0 1000
190 0 1000
200 0 1000
210 0 1000
220 0 1000
230 0 1000
240 0 1000
250 0 1000
260 0 1000
270 0 1000
280 0 1000
290 0 1000
300 0 1000
310 0 1000
320 0 1000
330 0 1000
340 0 1000
350 0 1000
360 0 1000
370 0 1000
380 0 1000
390 0.3 1003
400 0 1003
410 0 1003
420 0.2 1005
430 0 1005
440 0 1005
450 0 1005
460 0 1005
470 0 1005
480 0 1005
490 0 1005
500 0 1005
510 0 1005
511 0 1005
