110 5.9 59
120 29.8 357
130 122.2 1579
140 220.7 3786
150 247.5 6261
160 195.4 8215
170 149.1 9706
180 81.5 10521
190 72.9 11250
200 26.2 11512
210 9.1 11603
220 29.8 11901
230 10.7 12008
240 1.8 12026
250 1.1 12037
260 0.3 12040
270 0.2 12042
280 0.1 12043
290 0.9 12052
300 0.1 12053
310 0 12053
320 0 12053
330 0 12053
340 0 12053
350 0 12053
360 0 12053
370 0 12053
380 0 12053
390 0 12053
400 0 12053
410 0 12053
420 0 12053
430 0 12053
440 0 12053
450 0 12053
460 0 12053
470 0 12053
480 0 12053
490 0 12053
500 0 12053
510 0 12053
511 0 12053
