70 0.3 3
80 0.2 5
90 2.3 28
100 1.1 39
110 0.1 40
120 1.1 51
130 0 51
140 0.4 55
150 1.1 66
160 34.4 410
170 16.7 577
180 8.3 660
190 12.9 789
200 0.5 794
210 2.2 816
220 10.8 924
230 4.6 970
240 0.1 971
250 0.5 976
260 0.4 980
270 0.3 983
280 0.9 992
290 1.7 1009
300 1.5 1024
310 0.5 1029
320 0.1 1030
330 0.2 1032
340 0.2 1034
350 0.3 1037
360 0.7 1044
370 0.3 1047
380 0.1 1048
390 0 1048
400 0.1 1049
410 0.1 1050
420 0.4 1054
430 0 1054
440 0.1 1055
450 0 1055
460 0 1055
470 0.1 1056
480 0.1 1057
490 0.1 1058
500 0 1058
510 0.1 1059
511 0 1059
