10 1.4 348.9676513671875 332.5959227306836 1483.213134765625 34.715087890625 0 0
20 0.8 9613.696411132813 4677.958220953198 16484.65087890625 34.715087890625 348.9676513671875 14
30 5.2 4998.025348369892 5671.458401676218 19471.9541015625 34.715087890625 3717.9599276455965 22
40 1.5 6156.809033203125 10131.309016627602 33628.766845703125 34.715087890625 4617.465358424831 74
50 0.1 15443.968994140625 0.0 33628.766845703125 34.715087890625 4876.905303612184 89
60 1 17342.366430664064 14305.039896796585 44759.862060546875 34.715087890625 4994.317122395833 90
70 0.4 58392.86474609375 2204.5566952118393 59960.906005859375 34.715087890625 6229.122053222656 100
80 0.8 50933.369140625 8084.107795531684 59960.906005859375 34.715087890625 8235.419849102314 104
90 4.9 52420.96637834822 15089.784729463445 67352.71508789063 34.715087890625 11285.273369925362 112
100 23 30257.78376783288 17782.746223303744 68149.72900390625 34.715087890625 23804.832111619275 161
110 4.8 12746.203567504883 18721.19280975238 71195.47607421875 1.535888671875 27600.686027039043 391
120 18.2 3862.7971070677363 14310.484377428711 71195.47607421875 1.473876953125 25976.505712556947 439
130 73.7 3539.903974887632 12454.439019131212 81723.0341796875 1.39404296875 19495.51542882259 621
140 128.3 317.03291521793375 4767.547731455337 96760.40991210938 1.39404296875 10836.247651539774 1358
150 157.1 1737.9530584868314 10774.13062597849 96760.40991210938 1.39404296875 5726.004369941546 2641
160 169.3 14028.962221797923 25221.113296766707 96760.40991210938 1.35693359375 4238.533189909411 4212
170 114.8 8724.470028973628 21175.022399576752 96760.40991210938 1.35693359375 7045.509709974991 5905
180 62.3 7928.808613735832 20216.88807750737 96760.40991210938 1.35693359375 7318.790079492988 7053
190 60.1 12984.894353730117 25025.153567970556 96760.40991210938 1.35693359375 7368.300442550999 7676
200 22.6 1497.8686383002628 10222.014392875348 99745.37109375 1.35693359375 7776.126096848287 8277
210 10.4 13303.862424410305 25980.31474241851 99745.37109375 1.35693359375 7609.257205206295 8503
220 30.7 21768.925045647124 30147.662187285154 119622.26391601563 1.35693359375 7678.066191240595 8607
230 12.6 21249.698598710318 30426.823560364763 119637.544921875 1.35693359375 8163.358278777369 8914
240 1.8 3336.0411512586807 13742.727941860376 119637.544921875 1.35693359375 8345.756385006523 9040
250 1.2 29716.787862141926 38405.40563835528 119637.544921875 1.35693359375 8335.801110750897 9058
260 0.6 39768.76517740885 28119.170338168897 119637.544921875 1.35693359375 8364.089075581844 9070
270 0.4 29834.35174560547 29831.85898242196 119637.544921875 1.35693359375 8384.85021006961 9076
280 0.9 59343.537407769094 200.42568960213902 119637.544921875 1.35693359375 8394.299329688789 9080
290 2.3 47116.4501953125 40094.32648850321 130386.2080078125 1.35693359375 8444.749669957544 9089
300 1.3 54941.78727839543 15860.718015628234 130386.2080078125 1.35693359375 8542.362610265178 9112
310 0.5 59289.18247070313 270.3270620490915 130386.2080078125 1.35693359375 8608.465900203335 9125
320 0 0 0 130386.2080078125 1.35693359375 8636.220947613248 9130
330 0.2 89464.70141601563 29621.112548828125 130386.2080078125 1.35693359375 8636.220947613248 9130
340 0.2 59758.14807128906 122.2139892578125 130386.2080078125 1.35693359375 8653.923199139399 9132
350 0.4 83440.00073242188 37072.815080679895 130386.2080078125 1.35693359375 8665.113088535534 9134
360 0.7 85271.18858119419 29673.613245567227 130386.2080078125 1.35693359375 8697.844490436994 9138
370 0.3 59346.655029296875 444.7395454879222 130386.2080078125 1.35693359375 8756.457219648071 9145
380 0.1 119211.13110351563 0.0 130386.2080078125 1.35693359375 8773.047796105106 9148
390 0.3 18582.703369140625 14595.995689041054 130386.2080078125 1.35693359375 8785.118851226693 9149
400 0.1 59250.16796875 0.0 130386.2080078125 1.35693359375 8788.330472025835 9152
410 0.1 59120.5390625 0.0 130386.2080078125 1.35693359375 8793.843619354222 9153
420 0.6 42311.68493652344 24219.461897900735 130386.2080078125 1.35693359375 8799.341401246635 9154
430 0 0 0 130386.2080078125 1.35693359375 8821.292717972798 9160
440 0.1 59106.072021484375 0.0 130386.2080078125 1.35693359375 8821.292717972798 9160
450 0 0 0 130386.2080078125 1.35693359375 8826.781723463848 9161
460 0 0 0 130386.2080078125 1.35693359375 8826.781723463848 9161
470 0.1 59835.905029296875 0.0 130386.2080078125 1.35693359375 8826.781723463848 9161
480 0.1 59316.951904296875 0.0 130386.2080078125 1.35693359375 8832.349189443528 9162
490 0.1 59767.7470703125 0.0 130386.2080078125 1.35693359375 8837.858804494806 9163
500 0 0 0 130386.2080078125 1.35693359375 8843.416409063315 9164
510 0.1 59994.6669921875 0.0 130386.2080078125 1.35693359375 8843.416409063315 9164
511 0 0 0 130386.2080078125 1.35693359375 8848.997560245325 9165
