10 36.57265625 36.57265625
20 23.29296875 59.865625
30 98.159375 158.025
40 46.3453125 204.3703125
50 20.078125 224.4484375
60 29.728125 254.1765625
70 20.659375 274.8359375
80 32.67265625 307.50859375
90 217.640625 525.14921875
100 441.84296875 966.9921875
110 138.3328125 1105.325
120 194.3046875 1299.6296875
130 516.709375 1816.3390625
140 751.55546875 2567.89453125
150 895.4 3463.29453125
160 946.940625 4410.23515625
170 711.09921875 5121.334375
180 306.9171875 5428.2515625
190 318.15625 5746.4078125
200 126.26484375 5872.67265625
210 44.315625 5916.98828125
220 199.4078125 6116.39609375
230 69.2921875 6185.68828125
240 19.5171875 6205.20546875
250 9.05859375 6214.2640625
260 2.5296875 6216.79375
270 2.065625 6218.859375
280 1.43125 6220.290625
290 7.35703125 6227.64765625
300 4.4578125 6232.10546875
310 1.2921875 6233.39765625
320 0.96328125 6234.3609375
330 0 6234.3609375
340 0.271875 6234.6328125
350 0.546875 6235.1796875
360 1.2015625 6236.38125
370 1.0109375 6237.3921875
380 0.271875 6237.6640625
390 0.61640625 6238.28046875
400 0 6238.28046875
410 0.55 6238.83046875
420 0.55 6239.38046875
430 0.7421875 6240.12265625
440 0 6240.12265625
450 0.275 6240.39765625
460 0 6240.39765625
470 0 6240.39765625
480 0 6240.39765625
490 0 6240.39765625
500 0 6240.39765625
510 0 6240.39765625
511 0 6240.39765625
