0 0 0
10 21 21
20 42 42
30 60 61
40 99 99
50 135 135
60 179 179
70 232 232
80 302 302
90 391 391
100 525 525
110 690 690
120 827 827
130 1074 1074
140 1248 1249
150 1296 1304
160 1010 1315
170 693 1315
180 495 1315
190 362 1315
200 250 1315
210 201 1315
220 128 1315
230 74 1315
240 59 1315
250 56 1315
260 51 1315
270 49 1315
280 43 1315
290 31 1315
300 22 1315
310 19 1315
320 19 1315
330 18 1315
340 16 1315
350 15 1315
360 12 1315
370 9 1315
380 9 1315
390 7 1315
400 7 1315
410 7 1315
420 4 1315
430 4 1315
440 4 1315
450 4 1315
460 4 1315
470 3 1315
480 2 1315
490 1 1315
500 1 1315
510 0 1315
511 0 1315
