10 2.5 62.85140625 211.54652693200356 1064.839111328125 1.73583984375 0 0
20 2 3.64219970703125 2.7395641662588326 1064.839111328125 1.73583984375 62.85140625 25
30 1.7 2.3581399356617645 0.3504725042737481 1064.839111328125 1.678955078125 36.53620334201389 45
40 5.2 3.8498065655048084 3.068046210174126 1064.839111328125 1.678955078125 27.164798859627016 62
50 3.7 3.1191802153716215 1.920524065797279 1064.839111328125 1.5419921875 16.52989009388706 114
60 3.5 4.2781947544642875 2.465187924021378 1064.839111328125 1.5419921875 13.243822110409768 151
70 6 2.66572265625 2.8007168778133944 1064.839111328125 1.5419921875 11.556741693968414 186
80 10.3 2.041304801274271 0.38490118295141096 1064.839111328125 1.527099609375 9.388200465256606 246
90 9.9 2.1066351996527777 0.39341236351668035 1064.839111328125 1.527099609375 7.21991893691798 349
100 15.5 2.3405808971774187 1.206817529172211 1064.839111328125 1.502197265625 6.089974539620536 448
110 19.9 2.0179535372173354 0.48354280647335474 1064.839111328125 1.502197265625 5.126200054415423 603
120 20 1.98468017578125 0.3553558872593347 1064.839111328125 1.502197265625 4.354951853764027 802
130 34 2.0286218979779393 0.7330130069387923 1064.839111328125 1.283935546875 3.881843734406188 1002
140 34.5 2.0497976109601446 0.5575356510174764 1064.839111328125 1.283935546875 3.412324044103949 1342
150 36 2.0370368109809034 0.8940666205507068 1064.839111328125 1.283935546875 3.1336805233958205 1687
160 7.2 2.3860948350694446 1.7121486726174115 1064.839111328125 1.283935546875 2.9408169491557765 2047
170 0.7 2.456577845982143 0.6251268044115798 1064.839111328125 1.283935546875 2.9219684393803087 2119
180 0.6 2.5301106770833335 0.4568717149186449 1064.839111328125 1.283935546875 2.920436109110418 2126
190 0.3 10.099039713541666 11.26586920911053 1064.839111328125 1.283935546875 2.919337632284826 2132
200 0 0 0 1064.839111328125 1.283935546875 2.92942620663788 2135
210 0 0 0 1064.839111328125 1.283935546875 2.92942620663788 2135
220 0 0 0 1064.839111328125 1.283935546875 2.92942620663788 2135
230 0 0 0 1064.839111328125 1.283935546875 2.92942620663788 2135
240 0 0 0 1064.839111328125 1.283935546875 2.92942620663788 2135
250 0 0 0 1064.839111328125 1.283935546875 2.92942620663788 2135
260 0 0 0 1064.839111328125 1.283935546875 2.92942620663788 2135
270 0 0 0 1064.839111328125 1.283935546875 2.92942620663788 2135
271 0 0 0 1064.839111328125 1.283935546875 2.92942620663788 2135
