10 3.7 356.6954906566723 621.7258244418391 2713.77587890625 13.06787109375 0 0
20 7.8 2567.430006760817 3470.528520345674 13206.049072265625 8.429931640625 356.6954906566723 37
30 7.4 4265.3272144214525 4313.709517841782 16518.220947265625 8.429931640625 1856.1502059273096 115
40 12.7 4757.898397130289 4999.433327151127 19182.14111328125 1.512939453125 2799.4258600467097 189
50 8.2 10087.592654344513 3415.8004560291397 21053.954833984375 1.450927734375 3586.533493621439 316
60 14.4 4805.352717081706 4608.408990040573 21361.93798828125 1.450927734375 4925.947692564385 398
70 5.1 8033.4184474571075 10652.031544268933 28190.699951171875 1.450927734375 4893.907699078211 542
80 53.2 2367.684953044232 7894.074385319537 38128.718017578125 1.015869140625 5163.916212007931 593
90 78.3 4332.016260139782 10296.136376125703 43907.43212890625 1.015869140625 3841.6095188802083 1125
100 100.2 712.307554081291 4257.01480878865 44598.10400390625 0.135009765625 4042.8613419442786 1908
110 121.2 993.2169614483419 6581.842598985041 53273.078857421875 0.135009765625 2896.0520995254765 2910
120 137.1 2943.286180892708 9847.555569357484 56774.993896484375 0.135009765625 2336.5576338899873 4122
130 206.7 666.1329015575855 3699.1366625687524 56774.993896484375 0.10595703125 2487.9912472052483 5493
140 231.6 701.3366937456153 4881.588089155318 56774.993896484375 0.10595703125 1989.872040796026 7560
150 248.4 1078.3290770894664 5214.699045467747 57828.51904296875 0.10595703125 1687.7003251450792 9876
160 140.2 2220.4482009169415 9784.22522196092 59883.091064453125 0.10595703125 1565.2344529630288 12360
170 48.7 6627.128327731964 12124.1775369332 59883.091064453125 0.10595703125 1631.9841749969908 13762
180 31.2 7370.244681333884 3986.4223554092787 59883.091064453125 0.10595703125 1802.7073978464493 14249
190 24.3 3315.874058601789 3378.1597780233396 59883.091064453125 0.10595703125 1922.0035747881482 14561
200 8.1 981.6224109037423 3044.120506306895 59883.091064453125 0.10595703125 1944.8832375527197 14804
210 1.5 18.928173828125 29.829994325087387 59883.091064453125 0.10595703125 1939.641441989497 14885
220 0.5 13.071142578125 5.247175393698597 59883.091064453125 0.10595703125 1937.7078380282608 14900
230 0 0 0 59883.091064453125 0.10595703125 1937.0622034440776 14905
240 0.1 12.302978515625 0.0 59883.091064453125 0.10595703125 1937.0622034440776 14905
250 0 0 0 59883.091064453125 0.10595703125 1936.9330769698438 14906
260 0 0 0 59883.091064453125 0.10595703125 1936.9330769698438 14906
270 0 0 0 59883.091064453125 0.10595703125 1936.9330769698438 14906
271 0 0 0 59883.091064453125 0.10595703125 1936.9330769698438 14906
