10 35.62421875 35.62421875
20 61.15078125 96.775
30 55.35390625 152.12890625
40 106.609375 258.73828125
50 69.23828125 327.9765625
60 112.475 440.4515625
70 39.85703125 480.30859375
80 203.121875 683.43046875
90 323.21484375 1006.6453125
100 416.49921875 1423.14453125
110 421.14375 1844.28828125
120 523.10703125 2367.3953125
130 799.034375 3166.4296875
140 798.78671875 3965.21640625
150 858.47578125 4823.6921875
160 576.51171875 5400.20390625
170 261.7953125 5661.99921875
180 127.384375 5789.38359375
190 89.103125 5878.48671875
200 45.72890625 5924.215625
210 9.3515625 5933.5671875
220 3.07578125 5936.64296875
230 0 5936.64296875
240 0.61484375 5937.2578125
250 0 5937.2578125
260 0 5937.2578125
270 0 5937.2578125
271 0 5937.2578125
