10 1.7 17
20 4.2 59
30 5.2 111
40 8.3 194
50 6.5 259
60 10.6 365
70 7.9 444
80 6.9 513
90 9.2 605
100 15.1 756
110 9 846
120 5.9 905
130 26.1 1166
140 7.5 1241
150 2 1261
160 2 1281
170 5.2 1333
180 3.5 1368
190 2.5 1393
200 2.4 1417
210 18.2 1599
220 20.8 1807
230 6.2 1869
240 5.2 1921
250 5.2 1973
260 3.9 2012
270 1.7 2029
280 0.6 2035
290 0.3 2038
300 0.3 2041
310 0.5 2046
320 1.9 2065
330 0.8 2073
340 1.6 2089
350 2.2 2111
360 3.6 2147
370 4.5 2192
380 5.6 2248
390 2.7 2275
400 0.7 2282
410 0.2 2284
420 0 2284
430 0 2284
440 0 2284
450 0 2284
460 0 2284
470 0 2284
480 0 2284
490 0 2284
500 0 2284
510 0 2284
520 0 2284
530 0 2284
540 0 2284
550 0 2284
560 0 2284
570 0 2284
580 0 2284
590 0 2284
600 0 2284
610 0 2284
620 0 2284
630 0 2284
640 0 2284
650 0 2284
660 0 2284
670 0 2284
680 0 2284
690 0 2284
700 0 2284
710 0 2284
720 0 2284
730 0 2284
740 0 2284
750 0 2284
760 0 2284
770 0 2284
780 0 2284
790 0 2284
800 0 2284
810 0 2284
820 0 2284
830 0 2284
840 0 2284
850 0 2284
860 0 2284
870 0 2284
880 0 2284
890 0 2284
900 0 2284
910 0 2284
920 0 2284
930 0 2284
940 0 2284
950 0 2284
960 0 2284
970 0 2284
980 0 2284
990 0 2284
1000 0 2284
1010 0 2284
1020 0 2284
1030 0 2284
1040 0 2284
1050 0 2284
1060 0 2284
1070 0 2284
1080 0 2284
1090 0 2284
1100 0 2284
1110 0 2284
1120 0 2284
1130 0 2284
1140 0 2284
1150 0 2284
1160 0 2284
1170 0 2284
1180 0 2284
1190 0 2284
1200 0 2284
1210 0 2284
1220 0 2284
1230 0 2284
1240 0 2284
1250 0 2284
1260 0 2284
1270 0 2284
1280 0 2284
1290 0 2284
1300 0 2284
1310 0 2284
1320 0 2284
1330 0 2284
1340 0 2284
1350 0 2284
1360 0 2284
1370 0 2284
1380 0 2284
1390 0 2284
1400 0 2284
1410 0 2284
1420 0 2284
1430 0 2284
1440 0 2284
1450 0 2284
1460 0 2284
1470 0 2284
1480 0 2284
1490 0 2284
1500 0 2284
1510 0 2284
1520 0 2284
1530 0 2284
1540 0 2284
1550 0 2284
1560 0 2284
1570 0 2284
1580 0 2284
1590 0 2284
1600 0 2284
1610 0 2284
1620 0 2284
1630 0 2284
1640 0 2284
1650 0 2284
1660 0 2284
1670 0 2284
1680 0 2284
1690 0 2284
