20 0.1 1
30 0.1 2
40 0.1 3
50 0.1 4
60 0.1 5
70 0.6 11
80 0.3 14
90 0.3 17
100 0.1 18
110 0.1 19
120 1.6 35
130 0.7 42
140 5.2 94
150 5.6 150
160 3.3 183
170 1.3 196
180 2.1 217
190 1.1 228
200 0.5 233
210 0.4 237
220 1.1 248
230 0.1 249
240 0.1 250
250 0.1 251
260 0.1 252
270 0 252
280 0 252
290 0 252
300 0 252
310 0.1 253
320 0.1 254
330 0 254
340 0 254
350 0 254
360 0 254
370 0 254
380 0 254
390 0 254
400 0 254
410 0 254
420 0 254
430 0 254
440 0 254
450 0 254
460 0 254
470 0 254
480 0 254
490 0 254
500 0 254
510 0 254
520 0 254
530 0 254
540 0 254
550 0 254
560 0 254
570 0 254
580 0 254
590 0 254
600 0 254
610 0 254
620 0 254
630 0 254
640 0 254
650 0 254
660 0 254
670 0 254
680 0 254
690 0 254
700 0 254
710 0 254
720 0 254
730 0 254
740 0 254
750 0 254
760 0 254
770 0 254
780 0 254
790 0 254
800 0 254
810 0 254
820 0 254
830 0 254
840 0 254
850 0 254
860 0 254
870 0 254
880 0 254
890 0 254
900 0 254
910 0 254
920 0 254
930 0 254
940 0 254
950 0 254
960 0 254
970 0 254
980 0 254
990 0 254
1000 0 254
1010 0 254
1020 0 254
1030 0 254
1040 0 254
1050 0 254
1060 0 254
1070 0 254
1080 0 254
1090 0 254
1100 0 254
1110 0 254
1120 0 254
1130 0 254
1140 0 254
1150 0 254
1160 0 254
1170 0 254
1180 0 254
1190 0 254
1200 0 254
1210 0 254
1220 0 254
1230 0 254
1240 0 254
1250 0 254
1260 0 254
1270 0 254
1280 0 254
1290 0 254
1300 0 254
1310 0 254
1320 0 254
1330 0 254
1340 0 254
1350 0 254
1360 0 254
1370 0 254
1380 0 254
1390 0 254
1400 0 254
1410 0 254
1420 0 254
1430 0 254
1440 0 254
1450 0 254
1460 0 254
1470 0 254
1480 0 254
1490 0 254
1500 0 254
1510 0 254
1520 0 254
1530 0 254
1540 0 254
1550 0 254
1560 0 254
1570 0 254
1580 0 254
1590 0 254
1600 0 254
1610 0 254
1620 0 254
1630 0 254
1640 0 254
1650 0 254
1660 0 254
1670 0 254
1680 0 254
1690 0 254
