120 45 450
130 22.8 678
140 132.9 2007
150 224.6 4253
160 158 5833
170 67 6503
180 53 7033
190 25.2 7285
200 6.4 7349
210 1.6 7365
220 0 7365
230 0 7365
240 0 7365
250 0 7365
260 0 7365
270 0 7365
280 0 7365
290 0 7365
300 0 7365
310 0 7365
320 0 7365
330 0 7365
340 0 7365
350 0 7365
360 0 7365
370 0 7365
380 0 7365
390 0 7365
400 0 7365
410 0 7365
420 0 7365
430 0 7365
440 0 7365
450 0 7365
460 0 7365
470 0 7365
480 0 7365
490 0 7365
500 0 7365
510 0 7365
520 0 7365
530 0 7365
540 0 7365
550 0 7365
560 0 7365
570 0 7365
580 0 7365
590 0 7365
600 0 7365
610 0 7365
620 0 7365
630 0 7365
640 0 7365
650 0 7365
660 0 7365
670 0 7365
680 0 7365
690 0 7365
700 0 7365
710 0 7365
720 0 7365
730 0 7365
740 0 7365
750 0 7365
760 0 7365
770 0 7365
780 0 7365
790 0 7365
800 0 7365
810 0 7365
820 0 7365
830 0 7365
840 0 7365
850 0 7365
860 0 7365
870 0 7365
880 0 7365
890 0 7365
900 0 7365
910 0 7365
920 0 7365
930 0 7365
940 0 7365
950 0 7365
960 0 7365
970 0 7365
980 0 7365
990 0 7365
1000 0 7365
1010 0 7365
1020 0 7365
1030 0 7365
1040 0 7365
1050 0 7365
1060 0 7365
1070 0 7365
1080 0 7365
1090 0 7365
1100 0 7365
1110 0 7365
1120 0 7365
1130 0 7365
1140 0 7365
1150 0 7365
1160 0 7365
1170 0 7365
1180 0 7365
1190 0 7365
1200 0 7365
1210 0 7365
1220 0 7365
1230 0 7365
1240 0 7365
1250 0 7365
1260 0 7365
1270 0 7365
1280 0 7365
1290 0 7365
1300 0 7365
1310 0 7365
1320 0 7365
1330 0 7365
1340 0 7365
1350 0 7365
1360 0 7365
1370 0 7365
1380 0 7365
1390 0 7365
1400 0 7365
1410 0 7365
1420 0 7365
1430 0 7365
1440 0 7365
1450 0 7365
1460 0 7365
1470 0 7365
1480 0 7365
1490 0 7365
1500 0 7365
1510 0 7365
1520 0 7365
1530 0 7365
1540 0 7365
1550 0 7365
1560 0 7365
1570 0 7365
1580 0 7365
1590 0 7365
1600 0 7365
1610 0 7365
1620 0 7365
1630 0 7365
1640 0 7365
1650 0 7365
1660 0 7365
1670 0 7365
1680 0 7365
1690 0 7365
