10 0.9 118.01372612847223 329.9386903269753 1051.220947265625 0.98583984375 0 0
20 2.1 1.5997837611607142 0.6394435792432673 1051.220947265625 0.98583984375 118.01372612847223 9
30 2.5 2.22 1.3028199336333288 1051.220947265625 0.98095703125 36.523966471354164 30
40 3.6 10.88607449001736 8.297667662882994 1051.220947265625 0.98095703125 20.931254438920455 55
50 2.4 2312.161295572916 2241.0425757601233 6026.884033203125 0.98095703125 16.957337096497252 91
60 5.2 2570.459604116587 1813.0226812049507 7626.0048828125 0.98095703125 495.9564240828803 115
70 5 2398.4193066406256 1842.1985185465087 7626.0048828125 0.98095703125 1141.9095100813997 167
80 8 3149.569055175782 2173.288778965066 9698.548828125 0.98095703125 1431.4278963853687 217
90 8.8 4501.032983953301 3522.6551634016328 17409.802001953125 0.98095703125 1894.2268617161196 297
100 4.5 4335.863460286458 3354.892512803493 17409.802001953125 0.98095703125 2490.068261084618 385
110 5.2 4169.334294245793 5405.616555467965 33600.0888671875 0.98095703125 2683.232874954578 430
120 29.7 2308.1309588396985 2447.8811892631934 33600.0888671875 0.98095703125 2843.5591691519703 482
130 4.2 10728.35602097284 5745.820471307282 33600.0888671875 0.98095703125 2639.4228681728373 779
140 55 2520.742152432528 2566.9656749622695 33600.0888671875 0.98095703125 3053.2294362819725 821
150 41 4269.2586038729005 5012.593946873039 35927.69091796875 0.98095703125 2839.6130933810286 1371
160 11.1 6726.951015712979 3988.560101311931 35927.69091796875 0.98095703125 3168.728567441482 1781
170 0.8 25901.70687866211 8771.541321816943 35927.69091796875 0.98095703125 3377.482632852759 1892
180 4.2 8302.967360723584 14267.834097168123 65090.39501953125 0.98095703125 3472.3214717824826 1900
190 3.9 10097.737166967147 13756.901927709547 65818.32202148438 0.98095703125 3576.794760832702 1942
200 0 0 0 65818.32202148438 0.98095703125 3705.172728444637 1981
210 0.2 32585.112548828125 32553.74658203125 65818.32202148438 0.98095703125 3705.172728444637 1981
220 0.3 12877.641357421875 15968.763452251282 65818.32202148438 0.98095703125 3734.3002522170864 1983
230 0 0 0 65818.32202148438 0.98095703125 3748.1119457294803 1986
240 1.5 4472.391259765625 1325.078585016475 65818.32202148438 0.98095703125 3748.1119457294803 1986
250 1.9 22390.52476099918 45841.69459779315 128466.80810546875 0.98095703125 3753.5413258946687 2001
260 0.6 3561.0068359375 2125.826119676029 128466.80810546875 0.98095703125 3928.839684937731 2020
270 0.2 67052.27807617188 62019.56201171875 129071.84008789063 0.98095703125 3927.7503477738605 2026
280 0 0 0 129071.84008789063 0.98095703125 3990.0033336993024 2028
290 0 0 0 129071.84008789063 0.98095703125 3990.0033336993024 2028
300 0 0 0 129071.84008789063 0.98095703125 3990.0033336993024 2028
310 0.1 5026.6171875 0.0 129071.84008789063 0.98095703125 3990.0033336993024 2028
320 0.2 517.2449951171875 494.1158447265625 129071.84008789063 0.98095703125 3990.514232592255 2029
330 0 0 0 129071.84008789063 0.98095703125 3987.0939773116297 2031
340 0 0 0 129071.84008789063 0.98095703125 3987.0939773116297 2031
350 0.1 1029.701904296875 0.0 129071.84008789063 0.98095703125 3987.0939773116297 2031
360 0 0 0 129071.84008789063 0.98095703125 3985.6385678268784 2032
370 0 0 0 129071.84008789063 0.98095703125 3985.6385678268784 2032
380 0 0 0 129071.84008789063 0.98095703125 3985.6385678268784 2032
390 0 0 0 129071.84008789063 0.98095703125 3985.6385678268784 2032
400 0 0 0 129071.84008789063 0.98095703125 3985.6385678268784 2032
410 0 0 0 129071.84008789063 0.98095703125 3985.6385678268784 2032
420 0 0 0 129071.84008789063 0.98095703125 3985.6385678268784 2032
430 0 0 0 129071.84008789063 0.98095703125 3985.6385678268784 2032
440 0 0 0 129071.84008789063 0.98095703125 3985.6385678268784 2032
450 0 0 0 129071.84008789063 0.98095703125 3985.6385678268784 2032
460 0 0 0 129071.84008789063 0.98095703125 3985.6385678268784 2032
470 0 0 0 129071.84008789063 0.98095703125 3985.6385678268784 2032
480 0 0 0 129071.84008789063 0.98095703125 3985.6385678268784 2032
490 0 0 0 129071.84008789063 0.98095703125 3985.6385678268784 2032
500 0 0 0 129071.84008789063 0.98095703125 3985.6385678268784 2032
510 0 0 0 129071.84008789063 0.98095703125 3985.6385678268784 2032
520 0 0 0 129071.84008789063 0.98095703125 3985.6385678268784 2032
530 0 0 0 129071.84008789063 0.98095703125 3985.6385678268784 2032
540 0 0 0 129071.84008789063 0.98095703125 3985.6385678268784 2032
550 0 0 0 129071.84008789063 0.98095703125 3985.6385678268784 2032
560 0 0 0 129071.84008789063 0.98095703125 3985.6385678268784 2032
570 0 0 0 129071.84008789063 0.98095703125 3985.6385678268784 2032
580 0 0 0 129071.84008789063 0.98095703125 3985.6385678268784 2032
590 0 0 0 129071.84008789063 0.98095703125 3985.6385678268784 2032
600 0 0 0 129071.84008789063 0.98095703125 3985.6385678268784 2032
610 0 0 0 129071.84008789063 0.98095703125 3985.6385678268784 2032
620 0 0 0 129071.84008789063 0.98095703125 3985.6385678268784 2032
630 0 0 0 129071.84008789063 0.98095703125 3985.6385678268784 2032
640 0 0 0 129071.84008789063 0.98095703125 3985.6385678268784 2032
650 0 0 0 129071.84008789063 0.98095703125 3985.6385678268784 2032
660 0 0 0 129071.84008789063 0.98095703125 3985.6385678268784 2032
670 0 0 0 129071.84008789063 0.98095703125 3985.6385678268784 2032
680 0 0 0 129071.84008789063 0.98095703125 3985.6385678268784 2032
690 0 0 0 129071.84008789063 0.98095703125 3985.6385678268784 2032
700 0 0 0 129071.84008789063 0.98095703125 3985.6385678268784 2032
710 0 0 0 129071.84008789063 0.98095703125 3985.6385678268784 2032
720 0 0 0 129071.84008789063 0.98095703125 3985.6385678268784 2032
730 0 0 0 129071.84008789063 0.98095703125 3985.6385678268784 2032
740 0 0 0 129071.84008789063 0.98095703125 3985.6385678268784 2032
750 0 0 0 129071.84008789063 0.98095703125 3985.6385678268784 2032
760 0 0 0 129071.84008789063 0.98095703125 3985.6385678268784 2032
770 0 0 0 129071.84008789063 0.98095703125 3985.6385678268784 2032
780 0 0 0 129071.84008789063 0.98095703125 3985.6385678268784 2032
790 0 0 0 129071.84008789063 0.98095703125 3985.6385678268784 2032
800 0 0 0 129071.84008789063 0.98095703125 3985.6385678268784 2032
810 0 0 0 129071.84008789063 0.98095703125 3985.6385678268784 2032
820 0 0 0 129071.84008789063 0.98095703125 3985.6385678268784 2032
830 0 0 0 129071.84008789063 0.98095703125 3985.6385678268784 2032
840 0 0 0 129071.84008789063 0.98095703125 3985.6385678268784 2032
850 0 0 0 129071.84008789063 0.98095703125 3985.6385678268784 2032
860 0 0 0 129071.84008789063 0.98095703125 3985.6385678268784 2032
870 0 0 0 129071.84008789063 0.98095703125 3985.6385678268784 2032
880 0 0 0 129071.84008789063 0.98095703125 3985.6385678268784 2032
890 0 0 0 129071.84008789063 0.98095703125 3985.6385678268784 2032
900 0 0 0 129071.84008789063 0.98095703125 3985.6385678268784 2032
910 0 0 0 129071.84008789063 0.98095703125 3985.6385678268784 2032
920 0 0 0 129071.84008789063 0.98095703125 3985.6385678268784 2032
930 0 0 0 129071.84008789063 0.98095703125 3985.6385678268784 2032
940 0 0 0 129071.84008789063 0.98095703125 3985.6385678268784 2032
950 0 0 0 129071.84008789063 0.98095703125 3985.6385678268784 2032
960 0 0 0 129071.84008789063 0.98095703125 3985.6385678268784 2032
970 0 0 0 129071.84008789063 0.98095703125 3985.6385678268784 2032
980 0 0 0 129071.84008789063 0.98095703125 3985.6385678268784 2032
990 0 0 0 129071.84008789063 0.98095703125 3985.6385678268784 2032
1000 0 0 0 129071.84008789063 0.98095703125 3985.6385678268784 2032
1010 0 0 0 129071.84008789063 0.98095703125 3985.6385678268784 2032
1020 0 0 0 129071.84008789063 0.98095703125 3985.6385678268784 2032
1030 0 0 0 129071.84008789063 0.98095703125 3985.6385678268784 2032
1040 0 0 0 129071.84008789063 0.98095703125 3985.6385678268784 2032
1050 0 0 0 129071.84008789063 0.98095703125 3985.6385678268784 2032
1060 0 0 0 129071.84008789063 0.98095703125 3985.6385678268784 2032
1070 0 0 0 129071.84008789063 0.98095703125 3985.6385678268784 2032
1080 0 0 0 129071.84008789063 0.98095703125 3985.6385678268784 2032
1090 0 0 0 129071.84008789063 0.98095703125 3985.6385678268784 2032
1100 0 0 0 129071.84008789063 0.98095703125 3985.6385678268784 2032
1110 0 0 0 129071.84008789063 0.98095703125 3985.6385678268784 2032
1120 0 0 0 129071.84008789063 0.98095703125 3985.6385678268784 2032
1130 0 0 0 129071.84008789063 0.98095703125 3985.6385678268784 2032
1140 0 0 0 129071.84008789063 0.98095703125 3985.6385678268784 2032
1150 0 0 0 129071.84008789063 0.98095703125 3985.6385678268784 2032
1160 0 0 0 129071.84008789063 0.98095703125 3985.6385678268784 2032
1170 0 0 0 129071.84008789063 0.98095703125 3985.6385678268784 2032
1180 0 0 0 129071.84008789063 0.98095703125 3985.6385678268784 2032
1190 0 0 0 129071.84008789063 0.98095703125 3985.6385678268784 2032
1200 0 0 0 129071.84008789063 0.98095703125 3985.6385678268784 2032
1210 0 0 0 129071.84008789063 0.98095703125 3985.6385678268784 2032
1220 0 0 0 129071.84008789063 0.98095703125 3985.6385678268784 2032
1230 0 0 0 129071.84008789063 0.98095703125 3985.6385678268784 2032
1240 0 0 0 129071.84008789063 0.98095703125 3985.6385678268784 2032
1250 0 0 0 129071.84008789063 0.98095703125 3985.6385678268784 2032
1260 0 0 0 129071.84008789063 0.98095703125 3985.6385678268784 2032
1270 0 0 0 129071.84008789063 0.98095703125 3985.6385678268784 2032
1280 0 0 0 129071.84008789063 0.98095703125 3985.6385678268784 2032
1290 0 0 0 129071.84008789063 0.98095703125 3985.6385678268784 2032
1300 0 0 0 129071.84008789063 0.98095703125 3985.6385678268784 2032
1310 0 0 0 129071.84008789063 0.98095703125 3985.6385678268784 2032
1320 0 0 0 129071.84008789063 0.98095703125 3985.6385678268784 2032
1330 0 0 0 129071.84008789063 0.98095703125 3985.6385678268784 2032
1340 0 0 0 129071.84008789063 0.98095703125 3985.6385678268784 2032
1350 0 0 0 129071.84008789063 0.98095703125 3985.6385678268784 2032
1360 0 0 0 129071.84008789063 0.98095703125 3985.6385678268784 2032
1370 0 0 0 129071.84008789063 0.98095703125 3985.6385678268784 2032
1380 0 0 0 129071.84008789063 0.98095703125 3985.6385678268784 2032
1390 0 0 0 129071.84008789063 0.98095703125 3985.6385678268784 2032
1400 0 0 0 129071.84008789063 0.98095703125 3985.6385678268784 2032
1410 0 0 0 129071.84008789063 0.98095703125 3985.6385678268784 2032
1420 0 0 0 129071.84008789063 0.98095703125 3985.6385678268784 2032
1430 0 0 0 129071.84008789063 0.98095703125 3985.6385678268784 2032
1440 0 0 0 129071.84008789063 0.98095703125 3985.6385678268784 2032
1450 0 0 0 129071.84008789063 0.98095703125 3985.6385678268784 2032
1460 0 0 0 129071.84008789063 0.98095703125 3985.6385678268784 2032
1470 0 0 0 129071.84008789063 0.98095703125 3985.6385678268784 2032
1480 0 0 0 129071.84008789063 0.98095703125 3985.6385678268784 2032
1490 0 0 0 129071.84008789063 0.98095703125 3985.6385678268784 2032
1500 0 0 0 129071.84008789063 0.98095703125 3985.6385678268784 2032
1510 0 0 0 129071.84008789063 0.98095703125 3985.6385678268784 2032
1520 0 0 0 129071.84008789063 0.98095703125 3985.6385678268784 2032
1530 0 0 0 129071.84008789063 0.98095703125 3985.6385678268784 2032
1540 0 0 0 129071.84008789063 0.98095703125 3985.6385678268784 2032
1550 0 0 0 129071.84008789063 0.98095703125 3985.6385678268784 2032
1560 0 0 0 129071.84008789063 0.98095703125 3985.6385678268784 2032
1570 0 0 0 129071.84008789063 0.98095703125 3985.6385678268784 2032
1580 0 0 0 129071.84008789063 0.98095703125 3985.6385678268784 2032
1590 0 0 0 129071.84008789063 0.98095703125 3985.6385678268784 2032
1600 0 0 0 129071.84008789063 0.98095703125 3985.6385678268784 2032
1610 0 0 0 129071.84008789063 0.98095703125 3985.6385678268784 2032
1620 0 0 0 129071.84008789063 0.98095703125 3985.6385678268784 2032
1630 0 0 0 129071.84008789063 0.98095703125 3985.6385678268784 2032
1640 0 0 0 129071.84008789063 0.98095703125 3985.6385678268784 2032
1650 0 0 0 129071.84008789063 0.98095703125 3985.6385678268784 2032
1660 0 0 0 129071.84008789063 0.98095703125 3985.6385678268784 2032
1670 0 0 0 129071.84008789063 0.98095703125 3985.6385678268784 2032
1680 0 0 0 129071.84008789063 0.98095703125 3985.6385678268784 2032
1690 0 0 0 129071.84008789063 0.98095703125 3985.6385678268784 2032
