1130 0.6 6
1140 0.7 13
1150 2.9 42
1160 0.8 50
1170 0 50
1180 0.1 51
1190 0 51
1200 0 51
1210 0 51
1220 0 51
1230 0 51
1240 0 51
1250 0 51
1260 0 51
1270 0 51
1280 0 51
1290 0 51
1300 0 51
1310 0 51
1320 0 51
1330 0 51
1340 0 51
1350 0 51
1360 0 51
1370 0 51
1380 0 51
1390 0 51
1400 0 51
1410 0 51
1420 0 51
1430 0 51
1440 0 51
1450 0 51
1460 0 51
1470 0 51
1480 0 51
1490 0 51
1500 0 51
1510 0 51
1520 0 51
1530 0 51
1540 0 51
1550 0 51
1560 0 51
1570 0 51
1580 0 51
1590 0 51
1600 0 51
1610 0 51
1620 0 51
1630 0 51
1640 0 51
1650 0 51
1660 0 51
1670 0 51
1680 0 51
1690 0 51
