110 16.8 168
120 0 168
130 25.6 424
140 0 424
150 0 424
160 9 514
170 10.3 617
180 0 617
190 0.5 622
200 8.3 705
210 0.4 709
220 1.9 728
230 9 818
240 0 818
250 0 818
260 0 818
270 0 818
280 0 818
290 0 818
300 0 818
310 0 818
320 0 818
330 0 818
340 0 818
350 0 818
360 0 818
370 0 818
380 0 818
390 0 818
400 0 818
410 0 818
420 0 818
430 0 818
440 0 818
450 0 818
460 0 818
470 0 818
480 0 818
490 0 818
500 0 818
510 0 818
520 0 818
530 0 818
540 0 818
550 0 818
560 0 818
570 0 818
580 0 818
590 0 818
600 0 818
610 0 818
620 0 818
630 0 818
640 0 818
650 0 818
660 0 818
670 0 818
680 0 818
690 0 818
700 0 818
710 0 818
720 0 818
730 0 818
740 0 818
750 0 818
760 0 818
770 0 818
780 0 818
790 0 818
800 0 818
810 0 818
820 0 818
830 0 818
840 0 818
850 0 818
860 0 818
870 0 818
880 0 818
890 0 818
900 0 818
910 0 818
920 0 818
930 0 818
940 0 818
950 0 818
960 0 818
970 0 818
980 0 818
990 0 818
1000 0 818
1010 0 818
1020 0 818
1030 0 818
1040 0 818
1050 0 818
1060 0 818
1070 0 818
1080 0 818
1090 0 818
1100 0 818
1110 0 818
1120 0 818
1130 0 818
1140 0 818
1150 0 818
1160 0 818
1170 0 818
1180 0 818
1190 0 818
1200 0 818
1210 0 818
1220 0 818
1230 0 818
1240 0 818
1250 0 818
1260 0 818
1270 0 818
1280 0 818
1290 0 818
1300 0 818
1310 0 818
1320 0 818
1330 0 818
1340 0 818
1350 0 818
1360 0 818
1370 0 818
1380 0 818
1390 0 818
1400 0 818
1410 0 818
1420 0 818
1430 0 818
1440 0 818
1450 0 818
1460 0 818
1470 0 818
1480 0 818
1490 0 818
1500 0 818
1510 0 818
1520 0 818
1530 0 818
1540 0 818
1550 0 818
1560 0 818
1570 0 818
1580 0 818
1590 0 818
1600 0 818
1610 0 818
1620 0 818
1630 0 818
1640 0 818
1650 0 818
1660 0 818
1670 0 818
1680 0 818
1690 0 818
