10 21.28125 21.28125
20 56.64140625 77.92265625
30 94.725 172.64765625
40 134.7328125 307.38046875
50 98.87265625 406.253125
60 142.9046875 549.1578125
70 110.61953125 659.77734375
80 127.8671875 787.64453125
90 135.41484375 923.059375
100 190.39296875 1113.45234375
110 132.46953125 1245.921875
120 295.1171875 1541.0390625
130 359.79921875 1900.83828125
140 693.18671875 2594.025
150 801.37578125 3395.40078125
160 529.8765625 3925.27734375
170 298.05234375 4223.3296875
180 262.84765625 4486.17734375
190 133.01875 4619.19609375
200 67.1453125 4686.34140625
210 110.0734375 4796.41484375
220 129.35078125 4925.765625
230 68.36171875 4994.12734375
240 64.65546875 5058.7828125
250 58.2640625 5117.046875
260 35.28515625 5152.33203125
270 23.209375 5175.54140625
280 11.15 5186.69140625
290 5.56171875 5192.253125
300 16.153125 5208.40625
310 15.94609375 5224.35234375
320 36.646875 5260.99921875
330 41.6640625 5302.66328125
340 52.2421875 5354.90546875
350 81.4171875 5436.32265625
360 98.52890625 5534.8515625
370 122.00859375 5656.86015625
380 113.74921875 5770.609375
390 26.496875 5797.10625
400 6.13828125 5803.24453125
410 1.22890625 5804.4734375
420 0 5804.4734375
430 0 5804.4734375
440 0 5804.4734375
450 0 5804.4734375
460 0 5804.4734375
470 0 5804.4734375
480 0 5804.4734375
490 0 5804.4734375
500 0 5804.4734375
510 0 5804.4734375
520 0 5804.4734375
530 0 5804.4734375
540 0 5804.4734375
550 0 5804.4734375
560 0 5804.4734375
570 0 5804.4734375
580 0 5804.4734375
590 0 5804.4734375
600 0 5804.4734375
610 0 5804.4734375
620 0 5804.4734375
630 0 5804.4734375
640 0 5804.4734375
650 0 5804.4734375
660 0 5804.4734375
670 0 5804.4734375
680 0 5804.4734375
690 0 5804.4734375
700 0 5804.4734375
710 0 5804.4734375
720 0 5804.4734375
730 0 5804.4734375
740 0 5804.4734375
750 0 5804.4734375
760 0 5804.4734375
770 0 5804.4734375
780 0 5804.4734375
790 0 5804.4734375
800 0 5804.4734375
810 0 5804.4734375
820 0 5804.4734375
830 0 5804.4734375
840 0 5804.4734375
850 0 5804.4734375
860 0 5804.4734375
870 0 5804.4734375
880 0 5804.4734375
890 0 5804.4734375
900 0 5804.4734375
910 0 5804.4734375
920 0 5804.4734375
930 0 5804.4734375
940 0 5804.4734375
950 0 5804.4734375
960 0 5804.4734375
970 0 5804.4734375
980 0 5804.4734375
990 0 5804.4734375
1000 0 5804.4734375
1010 0 5804.4734375
1020 0 5804.4734375
1030 0 5804.4734375
1040 0 5804.4734375
1050 0 5804.4734375
1060 0 5804.4734375
1070 0 5804.4734375
1080 0 5804.4734375
1090 0 5804.4734375
1100 0 5804.4734375
1110 0 5804.4734375
1120 0 5804.4734375
1130 0 5804.4734375
1140 0 5804.4734375
1150 0 5804.4734375
1160 0 5804.4734375
1170 0 5804.4734375
1180 0 5804.4734375
1190 0 5804.4734375
1200 0 5804.4734375
1210 0 5804.4734375
1220 0 5804.4734375
1230 0 5804.4734375
1240 0 5804.4734375
1250 0 5804.4734375
1260 0 5804.4734375
1270 0 5804.4734375
1280 0 5804.4734375
1290 0 5804.4734375
1300 0 5804.4734375
1310 0 5804.4734375
1320 0 5804.4734375
1330 0 5804.4734375
1340 0 5804.4734375
1350 0 5804.4734375
1360 0 5804.4734375
1370 0 5804.4734375
1380 0 5804.4734375
1390 0 5804.4734375
1400 0 5804.4734375
1410 0 5804.4734375
1420 0 5804.4734375
1430 0 5804.4734375
1440 0 5804.4734375
1450 0 5804.4734375
1460 0 5804.4734375
1470 0 5804.4734375
1480 0 5804.4734375
1490 0 5804.4734375
1500 0 5804.4734375
1510 0 5804.4734375
1520 0 5804.4734375
1530 0 5804.4734375
1540 0 5804.4734375
1550 0 5804.4734375
1560 0 5804.4734375
1570 0 5804.4734375
1580 0 5804.4734375
1590 0 5804.4734375
1600 0 5804.4734375
1610 0 5804.4734375
1620 0 5804.4734375
1630 0 5804.4734375
1640 0 5804.4734375
1650 0 5804.4734375
1660 0 5804.4734375
1670 0 5804.4734375
1680 0 5804.4734375
1690 0 5804.4734375
