700 0.1 1
710 0 1
720 0.2 3
730 0.3 6
740 0.1 7
750 0.5 12
760 0.4 16
770 0.2 18
780 0.5 23
790 0.3 26
800 0.5 31
810 0.1 32
820 0.1 33
830 0.2 35
840 0.5 40
850 0.2 42
860 0.3 45
870 0.2 47
880 0.2 49
890 0.2 51
900 0.1 52
910 0 52
920 0 52
930 0 52
940 0 52
950 0 52
960 0 52
970 0 52
980 0 52
990 0 52
1000 0 52
1010 0 52
1020 0 52
1030 0 52
1040 0 52
1050 0 52
1060 0 52
1070 0 52
1080 0 52
1090 0 52
1100 0 52
1110 0 52
1120 0 52
1130 0 52
1140 0 52
1150 0 52
1160 0 52
1170 0 52
1180 0 52
1190 0 52
1200 0 52
1210 0 52
1220 0 52
1230 0 52
1240 0 52
1250 0 52
1260 0 52
1270 0 52
1280 0 52
1290 0 52
1300 0 52
1310 0 52
1320 0 52
1330 0 52
1340 0 52
1350 0 52
1360 0 52
1370 0 52
1380 0 52
1390 0 52
1400 0 52
1410 0 52
1420 0 52
1430 0 52
1440 0 52
1450 0 52
1460 0 52
1470 0 52
1480 0 52
1490 0 52
1500 0 52
1510 0 52
1520 0 52
1530 0 52
1540 0 52
1550 0 52
1560 0 52
1570 0 52
1580 0 52
1590 0 52
1600 0 52
1610 0 52
1620 0 52
1630 0 52
1640 0 52
1650 0 52
1660 0 52
1670 0 52
1680 0 52
1690 0 52
