0 0 0
10 1.1 11
20 1.9 30
30 2.3 53
40 3.5 88
50 3.9 127
60 4.1 168
70 6.2 230
80 9.5 325
90 8 405
100 14 545
110 16.1 706
120 15.4 860
130 26.9 1129
140 32.6 1455
150 34.2 1797
160 4.9 1846
170 0 1846
180 0 1846
190 0 1846
200 0 1846
210 0 1846
220 0 1846
230 0 1846
240 0 1846
250 0 1846
260 0 1846
270 0 1846
280 0 1846
290 0 1846
300 0 1846
310 0 1846
320 0 1846
330 0 1846
340 0 1846
350 0 1846
360 0 1846
370 0 1846
380 0 1846
390 0 1846
400 0 1846
410 0 1846
420 0 1846
430 0 1846
440 0 1846
450 0 1846
460 0 1846
470 0 1846
480 0 1846
490 0 1846
500 0 1846
510 0 1846
520 0 1846
530 0 1846
540 0 1846
550 0 1846
560 0 1846
570 0 1846
580 0 1846
590 0 1846
600 0 1846
610 0 1846
620 0 1846
630 0 1846
640 0 1846
650 0 1846
660 0 1846
670 0 1846
680 0 1846
690 0 1846
700 0 1846
710 0 1846
720 0 1846
730 0 1846
740 0 1846
750 0 1846
760 0 1846
770 0 1846
780 0 1846
790 0 1846
800 0 1846
810 0 1846
820 0 1846
830 0 1846
840 0 1846
850 0 1846
860 0 1846
870 0 1846
880 0 1846
890 0 1846
900 0 1846
910 0 1846
920 0 1846
930 0 1846
940 0 1846
950 0 1846
960 0 1846
970 0 1846
980 0 1846
990 0 1846
1000 0 1846
1010 0 1846
1020 0 1846
1030 0 1846
1040 0 1846
1050 0 1846
1060 0 1846
1070 0 1846
1080 0 1846
1090 0 1846
1100 0 1846
1110 0 1846
1120 0 1846
1130 0 1846
1140 0 1846
1150 0 1846
1160 0 1846
1170 0 1846
1180 0 1846
1190 0 1846
1200 0 1846
1210 0 1846
1220 0 1846
1230 0 1846
1240 0 1846
1250 0 1846
1260 0 1846
1270 0 1846
1280 0 1846
1290 0 1846
1300 0 1846
1310 0 1846
1320 0 1846
1330 0 1846
1340 0 1846
1350 0 1846
1360 0 1846
1370 0 1846
1380 0 1846
1390 0 1846
1400 0 1846
1410 0 1846
1420 0 1846
1430 0 1846
1440 0 1846
1450 0 1846
1460 0 1846
1470 0 1846
1480 0 1846
1490 0 1846
1500 0 1846
1510 0 1846
1520 0 1846
1530 0 1846
1540 0 1846
1550 0 1846
1560 0 1846
1570 0 1846
1580 0 1846
1590 0 1846
1600 0 1846
1610 0 1846
1620 0 1846
1630 0 1846
1640 0 1846
1650 0 1846
1660 0 1846
1670 0 1846
1680 0 1846
1690 0 1846
