10 1.1 96.78850763494319 300.15582972112725 1045.964111328125 1.43310546875 0 0
20 2.2 1.8952081853693181 0.6208554871717916 1045.964111328125 1.134033203125 96.78850763494319 11
30 1.3 2.2793907752403846 1.2652406010520842 1045.964111328125 1.134033203125 33.52630800189394 33
40 3.9 2.2523162059294872 2.43758048280936 1045.964111328125 1.134033203125 24.695657481317934 46
50 3.7 1.7854333826013513 0.43413330184366716 1045.964111328125 1.096923828125 14.39812442555147 85
60 4.1 2.835871998856707 3.9186409833126845 1045.964111328125 1.096923828125 10.572964027279713 122
70 6.8 2.0877685546875 1.6914334125926318 1045.964111328125 1.096923828125 8.626824314608896 163
80 9 1.7101860894097223 0.38311588821337883 1045.964111328125 1.076904296875 6.701907467532467 231
90 10.6 2.876923183225237 3.718555168276091 1045.964111328125 1.056884765625 5.302359417591511 321
100 14.9 1.877980481858221 1.3933335893665222 1045.964111328125 1.0439453125 4.700260492901054 427
110 17.6 1.8668934215198858 1.1742977821657479 1045.964111328125 1.0380859375 3.9701915317111545 576
120 17.6 2.425907481800426 2.5929790649712565 1045.964111328125 1.0380859375 3.4779302718791554 752
130 27.8 2.077008803113759 1.7927420195656043 1045.964111328125 1.0380859375 3.2784087082435347 928
140 32.5 1.6584630408653842 0.3978975224786787 1045.964111328125 1.02783203125 3.001469094954913 1206
150 34.1 2.317561085273093 2.1050492905213325 1045.964111328125 1.02783203125 2.716376366294497 1531
160 7.7 2.1582665381493498 1.5275104221067528 1045.964111328125 1.02783203125 2.643728924612714 1872
170 1.1 1.8510964133522727 0.41689639996146727 1045.964111328125 1.02783203125 2.624549548646742 1949
180 1.2 2.61273193359375 2.3219136368907027 1045.964111328125 1.02783203125 2.620208740234375 1960
190 1.3 2.4942345252403846 2.2749859203587794 1045.964111328125 1.02783203125 2.620163242425203 1972
200 4.3 1.9791401707848837 1.7178346662835482 1045.964111328125 1.02099609375 2.619338520347922 1985
210 0 0 0 1045.964111328125 1.02099609375 2.6057642949873645 2028
220 0 0 0 1045.964111328125 1.02099609375 2.6057642949873645 2028
230 0 0 0 1045.964111328125 1.02099609375 2.6057642949873645 2028
240 0 0 0 1045.964111328125 1.02099609375 2.6057642949873645 2028
250 0 0 0 1045.964111328125 1.02099609375 2.6057642949873645 2028
260 0 0 0 1045.964111328125 1.02099609375 2.6057642949873645 2028
270 0 0 0 1045.964111328125 1.02099609375 2.6057642949873645 2028
271 0 0 0 1045.964111328125 1.02099609375 2.6057642949873645 2028
