10 2.6 243.5960411658654 282.986799149375 1486.51611328125 14.2890625 0 0
20 7.3 128.45011839148117 107.57500044704551 1486.51611328125 10.14111328125 243.5960411658654 26
30 6.5 111.08739107572116 104.7901587478192 1486.51611328125 10.14111328125 158.69046174636995 99
40 13.4 180.61604331856344 169.25262993124264 1486.51611328125 10.14111328125 139.82339105373475 164
50 15.3 136.88665492238553 139.356881362627 1486.51611328125 9.865966796875 158.16639576342283 298
60 17.4 111.62055636000359 113.65234265896304 1486.51611328125 9.692138671875 150.9473262541574 451
70 24 156.59843546549484 161.95616745926813 1486.51611328125 9.407958984375 139.99875351562497 625
80 35.4 174.43975105932202 178.52428798499716 1486.51611328125 9.407958984375 144.60444561732297 865
90 40.9 232.04903406269102 296.2804866553186 1840.133056640625 9.407958984375 153.26867705823162 1219
100 40 616.4312799072263 755.5136430233648 3545.760986328125 9.407958984375 173.06054807470824 1628
110 38.6 2658.918854866621 1833.5071830809843 9247.97314453125 9.407958984375 260.51039656238436 2028
120 39.7 4700.371553742917 2732.3846643839265 14366.758056640625 9.407958984375 644.0173000029127 2414
130 39.5 6738.12550311511 4081.442473191735 19749.524169921875 2.303955078125 1216.8997755400105 2811
140 58.4 5915.802745244275 6054.832796421177 25582.617919921875 2.1669921875 1897.150605980486 3206
150 80.2 5715.421141664885 7689.781780000772 29197.386962890625 1.475830078125 2516.383547756225 3790
160 76.4 7854.581887449894 10094.747069844327 33472.696044921875 1.467041015625 3075.1004794449764 4592
170 51 15647.328376321228 11709.351783354712 38169.2099609375 1.467041015625 3756.8636974650954 5356
180 48.7 19444.919650663345 11091.900539616234 38603.748046875 1.467041015625 4790.640885705229 5866
190 67.6 17054.13366410293 11737.91621801915 41817.796875 1.467041015625 5913.989501876266 6353
200 133.5 5214.332264966651 7186.2948487544 41817.796875 1.467041015625 6985.370559447077 7029
210 49.1 65.70078850957869 209.07361880852437 41817.796875 1.467041015625 6702.690487336678 8364
220 12.6 17.066028413318445 14.028389513785296 41817.796875 1.467041015625 6334.6767163458135 8855
230 3.3 14.97137636126894 11.276545339891024 41817.796875 1.467041015625 6246.04305119945 8981
240 0.5 18.388671875 7.4287257136577445 41817.796875 1.467041015625 6223.23127337943 9014
250 0.1 11.9638671875 0.0 41817.796875 1.467041015625 6219.791400554557 9019
260 0 0 0 41817.796875 1.467041015625 6219.103171337997 9020
270 0 0 0 41817.796875 1.467041015625 6219.103171337997 9020
271 0 0 0 41817.796875 1.467041015625 6219.103171337997 9020
