10 5.1 123.85017903645836 185.42410565162064 1310.098876953125 1.4990234375 0 0
20 13.5 72.24214048032407 59.64331613242912 1310.098876953125 0.1279296875 123.85017903645836 51
30 10.4 65.38148850661061 50.93589426597229 1310.098876953125 0.1279296875 86.39273169732863 186
40 23.7 102.05488631493937 92.18928403428446 1310.098876953125 0.1279296875 78.8576651737608 290
50 25.9 80.49221295095322 81.72732118499971 1310.098876953125 0.1279296875 89.28981206267791 527
60 29.1 67.39445658156141 61.796444040973086 1310.098876953125 0.1279296875 86.39085764800018 786
70 41.5 90.3481151167169 86.34500028709708 1310.098876953125 0.1279296875 81.25812532642759 1077
80 61.3 100.09418849727268 97.05853188700169 1310.098876953125 0.1279296875 83.78650720509386 1492
90 70.4 136.88620827414775 166.48156300649194 1310.098876953125 0.1279296875 88.5354899281844 2105
100 71.5 386.480571186626 491.8738253751663 2626.965087890625 0.1279296875 100.65329189171527 2809
110 74.9 1647.9039063803818 1004.0050010443958 5322.10302734375 0.1279296875 158.64605712890628 3524
120 79.6 2979.6998689737757 1267.763759736052 6887.10693359375 0.1171875 419.69312689004727 4273
130 73.3 4172.864137574079 1771.1849832021132 10355.5 0.1171875 821.6985257258428 5069
140 126.1 3921.0308792392557 3301.6071392850668 12270.23193359375 0.10107421875 1245.0705342547565 5802
150 159.1 3976.407811517914 4390.2075456124385 13253.323974609375 0.10107421875 1722.8258783047995 7063
160 134.9 5700.906258144058 5580.047391839212 14852.43603515625 0.10107421875 2137.137047214213 8654
170 82.7 9750.884026708472 5327.560968973473 18051.287841796875 0.10107421875 2617.745331283428 10003
180 69.6 11089.542787047634 3882.8893114810353 19440.052001953125 0.10107421875 3162.4457653662084 10830
190 86.5 10606.082651903445 5317.554944650694 19440.052001953125 0.10107421875 3641.1252315374973 11526
200 173.5 2835.2161533850376 3449.7784953603523 19440.052001953125 0.09814453125 4127.340078492266 12391
210 53.7 54.28467706151061 153.24447272149737 19440.052001953125 0.09814453125 3968.6373310718327 14126
220 13 16.53731219951923 10.028889205456041 19440.052001953125 0.09814453125 3825.282807768038 14663
230 3.3 14.97137636126894 11.276545339891024 19440.052001953125 0.09814453125 3791.811779955971 14793
240 0.5 18.388671875 7.4287257136577445 19440.052001953125 0.09814453125 3783.405214913571 14826
250 0.1 11.9638671875 0.0 19440.052001953125 0.09814453125 3782.1359085475 14831
260 0 0 0 19440.052001953125 0.09814453125 3781.881716797139 14832
270 0 0 0 19440.052001953125 0.09814453125 3781.881716797139 14832
271 0 0 0 19440.052001953125 0.09814453125 3781.881716797139 14832
