10 0.1 4957.235107421875 0 4957.235107421875 4957.235107421875 0 0
20 0.8 8707.211334228516 2635.9410349205546 14898.118896484375 4957.235107421875 4957.235107421875 1
30 1.1 11488.730757279829 5673.046937576046 21443.7490234375 3452.85009765625 8290.547309027777 9
40 1.9 12828.10201223273 6965.444762329147 25525.739990234375 2174.169921875 10049.548205566407 20
50 2.6 12975.798461914063 6559.652919752924 31459.9228515625 1431.501953125 11403.202624198719 39
60 3.2 14505.190376281738 7732.651954748261 34532.52587890625 1431.501953125 12032.240959284856 65
70 3.6 15584.746744791666 6447.363004233701 34532.52587890625 1431.501953125 12848.059323654961 97
80 5.2 12377.706852839543 6715.395872564065 38421.343994140625 1431.501953125 13588.816821105498 133
90 6.4 14825.056781768797 6676.724067225088 38421.343994140625 1431.501953125 13248.39672191723 185
100 8.5 16219.325982306986 7285.705808266419 38421.343994140625 1431.501953125 13653.642681075866 249
110 5.4 19522.419885706036 6928.341917872559 38421.343994140625 1431.501953125 14306.586036179593 334
120 5.1 23056.98743393842 6632.684424622753 47161.94189453125 1431.501953125 15032.501056474512 388
130 6.2 28799.5120140814 5112.730165137693 47161.94189453125 1431.501953125 15964.730681191275 439
140 5.7 32618.326972827577 9149.478867469263 53072.14892578125 1431.501953125 17553.066894043943 501
150 9.6 34108.55111185707 12885.840461149346 53432.181884765625 1431.501953125 19091.991310693884 558
160 10.9 33770.950894137044 16155.89208976774 59146.830078125 1431.501953125 21296.256969580223 654
170 7.9 43667.86793537381 16333.45455200157 86759.72509765625 1431.501953125 23078.356101659767 763
180 7.2 52130.805538601344 13957.428898789209 86759.72509765625 1431.501953125 25010.151154941726 842
190 13.2 58253.561958081795 13777.257583742801 86759.72509765625 1431.501953125 27146.57031864358 914
200 36.7 64238.30625212875 9830.024601132354 88972.78393554688 1431.501953125 31072.118020752416 1046
210 27.5 65843.78079456676 7931.300491134486 88972.78393554688 1431.501953125 39686.40753307734 1413
220 8.4 74164.9874732608 7786.790791763213 99262.49096679688 1431.501953125 43947.8279400143 1688
230 2.7 83149.14945023147 7233.278009050973 99262.49096679688 1431.501953125 45380.2440804165 1772
240 0.5 92643.87124023438 4436.74323221412 99865.16918945313 1431.501953125 45947.092576795054 1799
250 0 0 0 99865.16918945313 1431.501953125 46076.51823827909 1804
260 0 0 0 99865.16918945313 1431.501953125 46076.51823827909 1804
270 0 0 0 99865.16918945313 1431.501953125 46076.51823827909 1804
271 0 0 0 99865.16918945313 1431.501953125 46076.51823827909 1804
