10 33.503125 33.503125
20 87.865625 121.36875
30 64.9421875 186.3109375
40 152.384375 338.6953125
50 165.98984375 504.68515625
60 186.65390625 691.3390625
70 268.29453125 959.63359375
80 394.23984375 1353.8734375
90 453.69453125 1807.56796875
100 501.63515625 2309.203125
110 541.1046875 2850.3078125
120 569.2484375 3419.55625
130 564.53828125 3984.09453125
140 819.58984375 4803.684375
150 922.38203125 5726.06640625
160 791.49375 6517.56015625
170 537.221875 7054.78203125
180 424.76875 7479.55078125
190 405.296875 7884.84765625
200 787.43828125 8672.2859375
210 318.5984375 8990.884375
220 79.921875 9070.80625
230 20.27421875 9091.08046875
240 3.06953125 9094.15
250 0.6140625 9094.7640625
260 0 9094.7640625
270 0 9094.7640625
271 0 9094.7640625
