10 195.96953125 195.96953125
20 646.5953125 842.56484375
30 510.4 1352.96484375
40 1097.66171875 2450.6265625
50 1177.1203125 3627.746875
60 1291.94609375 4919.69296875
70 1855.58515625 6775.278125
80 2936.88203125 9712.16015625
90 3147.534375 12859.69453125
100 2820.60859375 15680.303125
110 2949.0203125 18629.3234375
120 3229.88671875 21859.21015625
130 2796.1078125 24655.31796875
140 2909.8515625 27565.16953125
150 2672.60234375 30237.771875
160 2481.521875 32719.29375
170 2436.92265625 35156.21640625
180 2972.13046875 38128.346875
190 4745.08984375 42873.43671875
200 9466.77890625 52340.215625
210 1549.459375 53889.675
220 229.8109375 54119.4859375
230 38.371875 54157.8578125
240 6.36796875 54164.22578125
250 1.221875 54165.44765625
260 0 54165.44765625
270 0 54165.44765625
271 0 54165.44765625
