70 0.7 7
80 0.7 14
90 0 14
100 0 14
110 1.5 29
120 0.5 34
130 8.7 121
140 7.6 197
150 2.8 225
160 0.1 226
170 0.5 231
180 0.9 240
190 0 240
200 0.1 241
210 0 241
220 0.2 243
230 0.1 244
240 0 244
250 0 244
260 0 244
270 0 244
280 0 244
290 0 244
300 0 244
310 0 244
320 0 244
330 0 244
340 0 244
350 0 244
360 0 244
370 0 244
380 0 244
390 0 244
400 0 244
410 0 244
420 0 244
430 0 244
440 0 244
450 0 244
460 0 244
470 0 244
480 0 244
490 0 244
500 0 244
510 0 244
520 0 244
530 0 244
540 0 244
550 0 244
560 0 244
570 0 244
580 0 244
590 0 244
600 0 244
610 0 244
620 0 244
630 0 244
640 0 244
650 0 244
660 0 244
670 0 244
680 0 244
690 0 244
700 0 244
710 0 244
720 0 244
730 0 244
740 0 244
750 0 244
760 0 244
770 0 244
780 0 244
790 0 244
800 0 244
810 0 244
820 0 244
830 0 244
840 0 244
850 0 244
860 0 244
870 0 244
880 0 244
890 0 244
900 0 244
910 0 244
920 0 244
930 0 244
940 0 244
950 0 244
960 0 244
970 0 244
980 0 244
990 0 244
1000 0 244
1010 0 244
1020 0 244
1030 0 244
1040 0 244
1050 0 244
1060 0 244
1070 0 244
1080 0 244
1090 0 244
1100 0 244
1110 0 244
1120 0 244
1130 0 244
1140 0 244
1150 0 244
1160 0 244
1170 0 244
1180 0 244
1190 0 244
1200 0 244
1210 0 244
1220 0 244
1230 0 244
1240 0 244
1250 0 244
1260 0 244
1270 0 244
1280 0 244
1290 0 244
1300 0 244
1310 0 244
1320 0 244
1330 0 244
1340 0 244
1350 0 244
1360 0 244
1370 0 244
1380 0 244
1390 0 244
1400 0 244
1410 0 244
1420 0 244
1430 0 244
1440 0 244
1450 0 244
1460 0 244
1470 0 244
1480 0 244
1490 0 244
1500 0 244
1510 0 244
1520 0 244
1530 0 244
1540 0 244
1550 0 244
1560 0 244
1570 0 244
1580 0 244
1590 0 244
1600 0 244
1610 0 244
1620 0 244
1630 0 244
1640 0 244
1650 0 244
1660 0 244
1670 0 244
1680 0 244
1690 0 244
1700 0 244
1710 0 244
1720 0 244
1730 0 244
1740 0 244
1750 0 244
1760 0 244
1770 0 244
1780 0 244
1790 0 244
1800 0 244
1810 0 244
1820 0 244
1830 0 244
1840 0 244
1850 0 244
1860 0 244
1870 0 244
1880 0 244
1890 0 244
1900 0 244
1910 0 244
1920 0 244
1930 0 244
1940 0 244
1950 0 244
1960 0 244
1970 0 244
1980 0 244
1990 0 244
2000 0 244
2010 0 244
2020 0 244
2030 0 244
2040 0 244
2050 0 244
2060 0 244
2070 0 244
2080 0 244
2090 0 244
2100 0 244
2110 0 244
2120 0 244
2130 0 244
2140 0 244
2150 0 244
2160 0 244
2170 0 244
2180 0 244
2190 0 244
2200 0 244
2210 0 244
2220 0 244
2230 0 244
2240 0 244
2250 0 244
2260 0 244
2270 0 244
2280 0 244
2290 0 244
2300 0 244
2310 0 244
2320 0 244
2330 0 244
2340 0 244
2350 0 244
2360 0 244
2370 0 244
2380 0 244
2390 0 244
2400 0 244
2410 0 244
2420 0 244
2430 0 244
2440 0 244
2450 0 244
2460 0 244
2470 0 244
2480 0 244
2490 0 244
2500 0 244
2510 0 244
2520 0 244
2530 0 244
2540 0 244
2550 0 244
2560 0 244
2570 0 244
2580 0 244
2590 0 244
2600 0 244
2610 0 244
2620 0 244
2630 0 244
2640 0 244
2650 0 244
2660 0 244
2670 0 244
2680 0 244
2690 0 244
2700 0 244
2710 0 244
2720 0 244
2730 0 244
2740 0 244
2750 0 244
2760 0 244
2770 0 244
2780 0 244
2790 0 244
2800 0 244
2810 0 244
2820 0 244
2830 0 244
2840 0 244
2850 0 244
2860 0 244
2870 0 244
2880 0 244
2890 0 244
2900 0 244
2910 0 244
2920 0 244
2930 0 244
2940 0 244
2950 0 244
2960 0 244
2970 0 244
2980 0 244
2990 0 244
3000 0 244
3010 0 244
3020 0 244
3030 0 244
3040 0 244
3050 0 244
3060 0 244
3070 0 244
3080 0 244
3090 0 244
3100 0 244
3110 0 244
3120 0 244
3130 0 244
3140 0 244
3150 0 244
3160 0 244
3170 0 244
3180 0 244
3190 0 244
3200 0 244
3210 0 244
3220 0 244
3230 0 244
3240 0 244
3250 0 244
3260 0 244
3270 0 244
3280 0 244
3290 0 244
3300 0 244
3310 0 244
3320 0 244
3330 0 244
3340 0 244
3350 0 244
3360 0 244
3370 0 244
3380 0 244
3390 0 244
3400 0 244
3410 0 244
3420 0 244
3430 0 244
3440 0 244
3450 0 244
3460 0 244
3470 0 244
3480 0 244
3490 0 244
3500 0 244
3510 0 244
3520 0 244
3530 0 244
3540 0 244
3550 0 244
3560 0 244
3570 0 244
3580 0 244
3590 0 244
3600 0 244
3610 0 244
3620 0 244
3630 0 244
3640 0 244
3650 0 244
3660 0 244
3670 0 244
3680 0 244
3690 0 244
3700 0 244
3710 0 244
3720 0 244
3730 0 244
3740 0 244
3750 0 244
3760 0 244
3770 0 244
3780 0 244
3790 0 244
3800 0 244
3810 0 244
3820 0 244
3830 0 244
3840 0 244
3850 0 244
3860 0 244
3870 0 244
3880 0 244
3890 0 244
3900 0 244
3910 0 244
3920 0 244
3930 0 244
3940 0 244
3950 0 244
3960 0 244
3970 0 244
3980 0 244
3990 0 244
4000 0 244
4010 0 244
4020 0 244
4030 0 244
4040 0 244
4050 0 244
4060 0 244
4070 0 244
4080 0 244
4090 0 244
4100 0 244
4110 0 244
4120 0 244
4130 0 244
4140 0 244
4150 0 244
4160 0 244
4170 0 244
4180 0 244
4190 0 244
4200 0 244
4210 0 244
4220 0 244
4230 0 244
4240 0 244
4250 0 244
4260 0 244
4270 0 244
4280 0 244
4290 0 244
4300 0 244
4310 0 244
4320 0 244
4330 0 244
4340 0 244
4350 0 244
4360 0 244
4370 0 244
4380 0 244
4390 0 244
4400 0 244
4410 0 244
4420 0 244
4430 0 244
4440 0 244
4450 0 244
4460 0 244
4470 0 244
4480 0 244
4490 0 244
4500 0 244
4510 0 244
4520 0 244
4530 0 244
4540 0 244
4550 0 244
4560 0 244
4570 0 244
4580 0 244
4590 0 244
4600 0 244
4610 0 244
4620 0 244
4630 0 244
4640 0 244
4650 0 244
4660 0 244
4670 0 244
4680 0 244
4690 0 244
4700 0 244
4710 0 244
4720 0 244
4730 0 244
4740 0 244
4750 0 244
4760 0 244
4770 0 244
4780 0 244
4790 0 244
4800 0 244
4810 0 244
4820 0 244
4830 0 244
4840 0 244
4850 0 244
4860 0 244
4870 0 244
4880 0 244
4890 0 244
4900 0 244
4910 0 244
4920 0 244
4930 0 244
4940 0 244
4950 0 244
4960 0 244
4970 0 244
4980 0 244
4990 0 244
5000 0 244
5010 0 244
5020 0 244
5030 0 244
5040 0 244
5050 0 244
5060 0 244
5070 0 244
5080 0 244
5090 0 244
5100 0 244
5110 0 244
5120 0 244
5130 0 244
5140 0 244
5150 0 244
5160 0 244
5170 0 244
5180 0 244
5190 0 244
5200 0 244
5210 0 244
5220 0 244
5230 0 244
5240 0 244
5250 0 244
5260 0 244
5270 0 244
5280 0 244
5290 0 244
5300 0 244
5310 0 244
5320 0 244
5330 0 244
5340 0 244
5350 0 244
5360 0 244
5370 0 244
5380 0 244
5390 0 244
5400 0 244
5410 0 244
5420 0 244
5430 0 244
5440 0 244
5450 0 244
5460 0 244
5470 0 244
5480 0 244
5490 0 244
5500 0 244
5510 0 244
5520 0 244
5530 0 244
5540 0 244
5550 0 244
5560 0 244
5570 0 244
5580 0 244
5590 0 244
5600 0 244
5610 0 244
5620 0 244
5630 0 244
5640 0 244
5650 0 244
5660 0 244
5670 0 244
5680 0 244
5690 0 244
5700 0 244
5710 0 244
5720 0 244
5730 0 244
5740 0 244
5750 0 244
5760 0 244
5770 0 244
5780 0 244
5790 0 244
5800 0 244
5810 0 244
5820 0 244
5830 0 244
5840 0 244
5850 0 244
5860 0 244
5870 0 244
5880 0 244
5890 0 244
5900 0 244
5910 0 244
5920 0 244
5930 0 244
5940 0 244
5950 0 244
5960 0 244
5970 0 244
5980 0 244
5990 0 244
6000 0 244
6010 0 244
6020 0 244
6030 0 244
6040 0 244
6050 0 244
6060 0 244
6070 0 244
6080 0 244
6090 0 244
6100 0 244
6110 0 244
6120 0 244
6130 0 244
6140 0 244
6150 0 244
6160 0 244
6170 0 244
6180 0 244
6190 0 244
6200 0 244
6210 0 244
6220 0 244
6230 0 244
6240 0 244
6250 0 244
6260 0 244
6270 0 244
6280 0 244
6290 0 244
6300 0 244
6310 0 244
6320 0 244
6330 0 244
6340 0 244
6350 0 244
6360 0 244
6370 0 244
6380 0 244
6390 0 244
6400 0 244
6410 0 244
6420 0 244
6430 0 244
6440 0 244
6450 0 244
6460 0 244
6470 0 244
6480 0 244
6490 0 244
6500 0 244
6510 0 244
6520 0 244
6530 0 244
6540 0 244
6550 0 244
6560 0 244
6570 0 244
6580 0 244
6590 0 244
6600 0 244
6610 0 244
6620 0 244
6630 0 244
6640 0 244
6650 0 244
6660 0 244
6670 0 244
6680 0 244
6690 0 244
6700 0 244
6710 0 244
6720 0 244
6730 0 244
6740 0 244
6750 0 244
6760 0 244
6770 0 244
6780 0 244
6790 0 244
6800 0 244
6810 0 244
6820 0 244
6830 0 244
6840 0 244
6850 0 244
6860 0 244
6870 0 244
6880 0 244
6890 0 244
6900 0 244
6910 0 244
6920 0 244
6930 0 244
6940 0 244
6950 0 244
6960 0 244
6970 0 244
6980 0 244
6990 0 244
7000 0 244
7010 0 244
7020 0 244
7030 0 244
7040 0 244
7050 0 244
7060 0 244
7070 0 244
7080 0 244
7090 0 244
7100 0 244
7110 0 244
7120 0 244
7130 0 244
7140 0 244
7150 0 244
7160 0 244
7170 0 244
7180 0 244
7190 0 244
7200 0 244
7210 0 244
7220 0 244
7230 0 244
7240 0 244
7250 0 244
7260 0 244
7270 0 244
7280 0 244
7290 0 244
7300 0 244
7310 0 244
7320 0 244
7330 0 244
7340 0 244
7350 0 244
7360 0 244
7370 0 244
7380 0 244
7390 0 244
7400 0 244
7410 0 244
7420 0 244
7430 0 244
7440 0 244
7450 0 244
7460 0 244
7470 0 244
7480 0 244
7490 0 244
7500 0 244
7510 0 244
7520 0 244
7530 0 244
7540 0 244
7550 0 244
7560 0 244
7570 0 244
7580 0 244
7590 0 244
7600 0 244
7610 0 244
7620 0 244
7630 0 244
7640 0 244
7650 0 244
7660 0 244
7670 0 244
7680 0 244
7690 0 244
7700 0 244
7710 0 244
7720 0 244
7730 0 244
7740 0 244
7750 0 244
7760 0 244
7770 0 244
7780 0 244
7790 0 244
7800 0 244
7810 0 244
7820 0 244
7830 0 244
7840 0 244
7850 0 244
7860 0 244
7870 0 244
7880 0 244
