10 2 54.93270263671875 232.28836070835737 1067.452880859375 1.031982421875 0 0
20 3.1 2.1574234501008056 1.1468801252681196 1067.452880859375 0.970947265625 54.93270263671875 20
30 1.6 7.79180908203125 5.637846113269893 1067.452880859375 0.970947265625 22.853611366421568 51
40 4.2 16.582879929315474 6.7907795459528995 1067.452880859375 0.970947265625 19.25676305970149 67
50 2.4 62.2802225748698 199.84000870926056 1067.452880859375 0.970947265625 18.226459468176607 109
60 1.3 98.89918870192308 266.18051180990227 1067.452880859375 0.970947265625 26.176010705474628 133
70 8.7 2943.16542351383 1662.801374125707 6977.56396484375 0.970947265625 32.65136217091182 146
80 10.1 2764.6620489441516 2101.981574748484 7293.156005859375 0.970947265625 1119.4098314277096 233
90 0 0 0 7293.156005859375 0.970947265625 1616.926220556933 334
100 0.5 20.270751953125 3.604444255318959 7293.156005859375 0.970947265625 1616.926220556933 334
110 12.5 3005.708835937499 1508.080412152287 7293.156005859375 0.970947265625 1593.3767298695611 339
120 13.1 1643.546904818703 1448.6962301157637 7293.156005859375 0.970947265625 1973.854129133553 464
130 47.5 1092.009574424341 1229.87212424851 7293.156005859375 0.901123046875 1901.1310259650736 595
140 37.7 1925.3655601116968 1423.5122373974743 7293.156005859375 0.901123046875 1541.9415965427859 1070
150 39.5 2816.2238231803817 1448.8609454270045 7293.156005859375 0.901123046875 1641.8385103406292 1447
160 19.3 3278.050509279875 1914.7144914219023 9179.160888671875 0.901123046875 1893.6746659170149 1842
170 2.1 4022.9816080729165 3476.1829924164676 11887.5830078125 0.901123046875 2024.9692790713302 2035
180 2.9 4086.9949572332976 2340.738786494462 11915.282958984375 0.901123046875 2045.3769925484867 2056
190 1.7 2313.1192985983457 2046.0519705604129 11915.282958984375 0.901123046875 2073.7735973330714 2085
200 0.6 2989.9798177083335 3444.8391489745118 11915.282958984375 0.901123046875 2075.709314231982 2102
210 0.3 357.0653483072917 469.431391727785 11915.282958984375 0.901123046875 2078.3116021925407 2108
220 0.3 689.36865234375 470.88472930578996 11915.282958984375 0.901123046875 2075.865491931216 2111
230 0.2 2528.29541015625 2497.155517578125 11915.282958984375 0.901123046875 2073.897899443628 2114
240 0.1 5025.85498046875 0.0 11915.282958984375 0.901123046875 2074.327386693829 2116
250 0 0 0 11915.282958984375 0.901123046875 2075.7215896195607 2117
260 0 0 0 11915.282958984375 0.901123046875 2075.7215896195607 2117
270 0 0 0 11915.282958984375 0.901123046875 2075.7215896195607 2117
280 0 0 0 11915.282958984375 0.901123046875 2075.7215896195607 2117
290 0 0 0 11915.282958984375 0.901123046875 2075.7215896195607 2117
300 0 0 0 11915.282958984375 0.901123046875 2075.7215896195607 2117
310 0 0 0 11915.282958984375 0.901123046875 2075.7215896195607 2117
320 0 0 0 11915.282958984375 0.901123046875 2075.7215896195607 2117
330 0 0 0 11915.282958984375 0.901123046875 2075.7215896195607 2117
340 0 0 0 11915.282958984375 0.901123046875 2075.7215896195607 2117
350 0 0 0 11915.282958984375 0.901123046875 2075.7215896195607 2117
360 0 0 0 11915.282958984375 0.901123046875 2075.7215896195607 2117
370 0 0 0 11915.282958984375 0.901123046875 2075.7215896195607 2117
380 0 0 0 11915.282958984375 0.901123046875 2075.7215896195607 2117
390 0 0 0 11915.282958984375 0.901123046875 2075.7215896195607 2117
400 0 0 0 11915.282958984375 0.901123046875 2075.7215896195607 2117
410 0 0 0 11915.282958984375 0.901123046875 2075.7215896195607 2117
420 0 0 0 11915.282958984375 0.901123046875 2075.7215896195607 2117
430 0 0 0 11915.282958984375 0.901123046875 2075.7215896195607 2117
440 0 0 0 11915.282958984375 0.901123046875 2075.7215896195607 2117
450 0 0 0 11915.282958984375 0.901123046875 2075.7215896195607 2117
460 0 0 0 11915.282958984375 0.901123046875 2075.7215896195607 2117
470 0 0 0 11915.282958984375 0.901123046875 2075.7215896195607 2117
480 0 0 0 11915.282958984375 0.901123046875 2075.7215896195607 2117
490 0 0 0 11915.282958984375 0.901123046875 2075.7215896195607 2117
500 0 0 0 11915.282958984375 0.901123046875 2075.7215896195607 2117
510 0 0 0 11915.282958984375 0.901123046875 2075.7215896195607 2117
520 0 0 0 11915.282958984375 0.901123046875 2075.7215896195607 2117
530 0 0 0 11915.282958984375 0.901123046875 2075.7215896195607 2117
540 0 0 0 11915.282958984375 0.901123046875 2075.7215896195607 2117
550 0 0 0 11915.282958984375 0.901123046875 2075.7215896195607 2117
560 0 0 0 11915.282958984375 0.901123046875 2075.7215896195607 2117
570 0 0 0 11915.282958984375 0.901123046875 2075.7215896195607 2117
580 0 0 0 11915.282958984375 0.901123046875 2075.7215896195607 2117
590 0 0 0 11915.282958984375 0.901123046875 2075.7215896195607 2117
600 0 0 0 11915.282958984375 0.901123046875 2075.7215896195607 2117
610 0 0 0 11915.282958984375 0.901123046875 2075.7215896195607 2117
620 0 0 0 11915.282958984375 0.901123046875 2075.7215896195607 2117
630 0 0 0 11915.282958984375 0.901123046875 2075.7215896195607 2117
640 0 0 0 11915.282958984375 0.901123046875 2075.7215896195607 2117
650 0 0 0 11915.282958984375 0.901123046875 2075.7215896195607 2117
660 0 0 0 11915.282958984375 0.901123046875 2075.7215896195607 2117
670 0 0 0 11915.282958984375 0.901123046875 2075.7215896195607 2117
680 0 0 0 11915.282958984375 0.901123046875 2075.7215896195607 2117
690 0 0 0 11915.282958984375 0.901123046875 2075.7215896195607 2117
700 0 0 0 11915.282958984375 0.901123046875 2075.7215896195607 2117
710 0 0 0 11915.282958984375 0.901123046875 2075.7215896195607 2117
720 0 0 0 11915.282958984375 0.901123046875 2075.7215896195607 2117
730 0 0 0 11915.282958984375 0.901123046875 2075.7215896195607 2117
740 0 0 0 11915.282958984375 0.901123046875 2075.7215896195607 2117
750 0 0 0 11915.282958984375 0.901123046875 2075.7215896195607 2117
760 0 0 0 11915.282958984375 0.901123046875 2075.7215896195607 2117
770 0 0 0 11915.282958984375 0.901123046875 2075.7215896195607 2117
780 0 0 0 11915.282958984375 0.901123046875 2075.7215896195607 2117
790 0 0 0 11915.282958984375 0.901123046875 2075.7215896195607 2117
800 0 0 0 11915.282958984375 0.901123046875 2075.7215896195607 2117
810 0 0 0 11915.282958984375 0.901123046875 2075.7215896195607 2117
820 0 0 0 11915.282958984375 0.901123046875 2075.7215896195607 2117
830 0 0 0 11915.282958984375 0.901123046875 2075.7215896195607 2117
840 0 0 0 11915.282958984375 0.901123046875 2075.7215896195607 2117
850 0 0 0 11915.282958984375 0.901123046875 2075.7215896195607 2117
860 0 0 0 11915.282958984375 0.901123046875 2075.7215896195607 2117
870 0 0 0 11915.282958984375 0.901123046875 2075.7215896195607 2117
880 0 0 0 11915.282958984375 0.901123046875 2075.7215896195607 2117
890 0 0 0 11915.282958984375 0.901123046875 2075.7215896195607 2117
900 0 0 0 11915.282958984375 0.901123046875 2075.7215896195607 2117
910 0 0 0 11915.282958984375 0.901123046875 2075.7215896195607 2117
920 0 0 0 11915.282958984375 0.901123046875 2075.7215896195607 2117
930 0 0 0 11915.282958984375 0.901123046875 2075.7215896195607 2117
940 0 0 0 11915.282958984375 0.901123046875 2075.7215896195607 2117
950 0 0 0 11915.282958984375 0.901123046875 2075.7215896195607 2117
960 0 0 0 11915.282958984375 0.901123046875 2075.7215896195607 2117
970 0 0 0 11915.282958984375 0.901123046875 2075.7215896195607 2117
980 0 0 0 11915.282958984375 0.901123046875 2075.7215896195607 2117
990 0 0 0 11915.282958984375 0.901123046875 2075.7215896195607 2117
1000 0 0 0 11915.282958984375 0.901123046875 2075.7215896195607 2117
1010 0 0 0 11915.282958984375 0.901123046875 2075.7215896195607 2117
1020 0 0 0 11915.282958984375 0.901123046875 2075.7215896195607 2117
1030 0 0 0 11915.282958984375 0.901123046875 2075.7215896195607 2117
1040 0 0 0 11915.282958984375 0.901123046875 2075.7215896195607 2117
1050 0 0 0 11915.282958984375 0.901123046875 2075.7215896195607 2117
1060 0 0 0 11915.282958984375 0.901123046875 2075.7215896195607 2117
1070 0 0 0 11915.282958984375 0.901123046875 2075.7215896195607 2117
1080 0 0 0 11915.282958984375 0.901123046875 2075.7215896195607 2117
1090 0 0 0 11915.282958984375 0.901123046875 2075.7215896195607 2117
1100 0 0 0 11915.282958984375 0.901123046875 2075.7215896195607 2117
1110 0 0 0 11915.282958984375 0.901123046875 2075.7215896195607 2117
1120 0 0 0 11915.282958984375 0.901123046875 2075.7215896195607 2117
1130 0 0 0 11915.282958984375 0.901123046875 2075.7215896195607 2117
1140 0 0 0 11915.282958984375 0.901123046875 2075.7215896195607 2117
1150 0 0 0 11915.282958984375 0.901123046875 2075.7215896195607 2117
1160 0 0 0 11915.282958984375 0.901123046875 2075.7215896195607 2117
1170 0 0 0 11915.282958984375 0.901123046875 2075.7215896195607 2117
1180 0 0 0 11915.282958984375 0.901123046875 2075.7215896195607 2117
1190 0 0 0 11915.282958984375 0.901123046875 2075.7215896195607 2117
1200 0 0 0 11915.282958984375 0.901123046875 2075.7215896195607 2117
1210 0 0 0 11915.282958984375 0.901123046875 2075.7215896195607 2117
1220 0 0 0 11915.282958984375 0.901123046875 2075.7215896195607 2117
1230 0 0 0 11915.282958984375 0.901123046875 2075.7215896195607 2117
1240 0 0 0 11915.282958984375 0.901123046875 2075.7215896195607 2117
1250 0 0 0 11915.282958984375 0.901123046875 2075.7215896195607 2117
1260 0 0 0 11915.282958984375 0.901123046875 2075.7215896195607 2117
1270 0 0 0 11915.282958984375 0.901123046875 2075.7215896195607 2117
1280 0 0 0 11915.282958984375 0.901123046875 2075.7215896195607 2117
1290 0 0 0 11915.282958984375 0.901123046875 2075.7215896195607 2117
1300 0 0 0 11915.282958984375 0.901123046875 2075.7215896195607 2117
1310 0 0 0 11915.282958984375 0.901123046875 2075.7215896195607 2117
1320 0 0 0 11915.282958984375 0.901123046875 2075.7215896195607 2117
1330 0 0 0 11915.282958984375 0.901123046875 2075.7215896195607 2117
1340 0 0 0 11915.282958984375 0.901123046875 2075.7215896195607 2117
1350 0 0 0 11915.282958984375 0.901123046875 2075.7215896195607 2117
1360 0 0 0 11915.282958984375 0.901123046875 2075.7215896195607 2117
1370 0 0 0 11915.282958984375 0.901123046875 2075.7215896195607 2117
1380 0 0 0 11915.282958984375 0.901123046875 2075.7215896195607 2117
1390 0 0 0 11915.282958984375 0.901123046875 2075.7215896195607 2117
1400 0 0 0 11915.282958984375 0.901123046875 2075.7215896195607 2117
1410 0 0 0 11915.282958984375 0.901123046875 2075.7215896195607 2117
1420 0 0 0 11915.282958984375 0.901123046875 2075.7215896195607 2117
1430 0 0 0 11915.282958984375 0.901123046875 2075.7215896195607 2117
1440 0 0 0 11915.282958984375 0.901123046875 2075.7215896195607 2117
1450 0 0 0 11915.282958984375 0.901123046875 2075.7215896195607 2117
1460 0 0 0 11915.282958984375 0.901123046875 2075.7215896195607 2117
1470 0 0 0 11915.282958984375 0.901123046875 2075.7215896195607 2117
1480 0 0 0 11915.282958984375 0.901123046875 2075.7215896195607 2117
1490 0 0 0 11915.282958984375 0.901123046875 2075.7215896195607 2117
1500 0 0 0 11915.282958984375 0.901123046875 2075.7215896195607 2117
1510 0 0 0 11915.282958984375 0.901123046875 2075.7215896195607 2117
1520 0 0 0 11915.282958984375 0.901123046875 2075.7215896195607 2117
1530 0 0 0 11915.282958984375 0.901123046875 2075.7215896195607 2117
1540 0 0 0 11915.282958984375 0.901123046875 2075.7215896195607 2117
1550 0 0 0 11915.282958984375 0.901123046875 2075.7215896195607 2117
1560 0 0 0 11915.282958984375 0.901123046875 2075.7215896195607 2117
1570 0 0 0 11915.282958984375 0.901123046875 2075.7215896195607 2117
1580 0 0 0 11915.282958984375 0.901123046875 2075.7215896195607 2117
1590 0 0 0 11915.282958984375 0.901123046875 2075.7215896195607 2117
1600 0 0 0 11915.282958984375 0.901123046875 2075.7215896195607 2117
1610 0 0 0 11915.282958984375 0.901123046875 2075.7215896195607 2117
1620 0 0 0 11915.282958984375 0.901123046875 2075.7215896195607 2117
1630 0 0 0 11915.282958984375 0.901123046875 2075.7215896195607 2117
1640 0 0 0 11915.282958984375 0.901123046875 2075.7215896195607 2117
1650 0 0 0 11915.282958984375 0.901123046875 2075.7215896195607 2117
1660 0 0 0 11915.282958984375 0.901123046875 2075.7215896195607 2117
1670 0 0 0 11915.282958984375 0.901123046875 2075.7215896195607 2117
1680 0 0 0 11915.282958984375 0.901123046875 2075.7215896195607 2117
1690 0 0 0 11915.282958984375 0.901123046875 2075.7215896195607 2117
1700 0 0 0 11915.282958984375 0.901123046875 2075.7215896195607 2117
1710 0 0 0 11915.282958984375 0.901123046875 2075.7215896195607 2117
1720 0 0 0 11915.282958984375 0.901123046875 2075.7215896195607 2117
1730 0 0 0 11915.282958984375 0.901123046875 2075.7215896195607 2117
1740 0 0 0 11915.282958984375 0.901123046875 2075.7215896195607 2117
1750 0 0 0 11915.282958984375 0.901123046875 2075.7215896195607 2117
1760 0 0 0 11915.282958984375 0.901123046875 2075.7215896195607 2117
1770 0 0 0 11915.282958984375 0.901123046875 2075.7215896195607 2117
1780 0 0 0 11915.282958984375 0.901123046875 2075.7215896195607 2117
1790 0 0 0 11915.282958984375 0.901123046875 2075.7215896195607 2117
1800 0 0 0 11915.282958984375 0.901123046875 2075.7215896195607 2117
1810 0 0 0 11915.282958984375 0.901123046875 2075.7215896195607 2117
1820 0 0 0 11915.282958984375 0.901123046875 2075.7215896195607 2117
1830 0 0 0 11915.282958984375 0.901123046875 2075.7215896195607 2117
1840 0 0 0 11915.282958984375 0.901123046875 2075.7215896195607 2117
1850 0 0 0 11915.282958984375 0.901123046875 2075.7215896195607 2117
1860 0 0 0 11915.282958984375 0.901123046875 2075.7215896195607 2117
1870 0 0 0 11915.282958984375 0.901123046875 2075.7215896195607 2117
1880 0 0 0 11915.282958984375 0.901123046875 2075.7215896195607 2117
1890 0 0 0 11915.282958984375 0.901123046875 2075.7215896195607 2117
1900 0 0 0 11915.282958984375 0.901123046875 2075.7215896195607 2117
1910 0 0 0 11915.282958984375 0.901123046875 2075.7215896195607 2117
1920 0 0 0 11915.282958984375 0.901123046875 2075.7215896195607 2117
1930 0 0 0 11915.282958984375 0.901123046875 2075.7215896195607 2117
1940 0 0 0 11915.282958984375 0.901123046875 2075.7215896195607 2117
1950 0 0 0 11915.282958984375 0.901123046875 2075.7215896195607 2117
1960 0 0 0 11915.282958984375 0.901123046875 2075.7215896195607 2117
1970 0 0 0 11915.282958984375 0.901123046875 2075.7215896195607 2117
1980 0 0 0 11915.282958984375 0.901123046875 2075.7215896195607 2117
1990 0 0 0 11915.282958984375 0.901123046875 2075.7215896195607 2117
2000 0 0 0 11915.282958984375 0.901123046875 2075.7215896195607 2117
2010 0 0 0 11915.282958984375 0.901123046875 2075.7215896195607 2117
2020 0 0 0 11915.282958984375 0.901123046875 2075.7215896195607 2117
2030 0 0 0 11915.282958984375 0.901123046875 2075.7215896195607 2117
2040 0 0 0 11915.282958984375 0.901123046875 2075.7215896195607 2117
2050 0 0 0 11915.282958984375 0.901123046875 2075.7215896195607 2117
2060 0 0 0 11915.282958984375 0.901123046875 2075.7215896195607 2117
2070 0 0 0 11915.282958984375 0.901123046875 2075.7215896195607 2117
2080 0 0 0 11915.282958984375 0.901123046875 2075.7215896195607 2117
2090 0 0 0 11915.282958984375 0.901123046875 2075.7215896195607 2117
2100 0 0 0 11915.282958984375 0.901123046875 2075.7215896195607 2117
2110 0 0 0 11915.282958984375 0.901123046875 2075.7215896195607 2117
2120 0 0 0 11915.282958984375 0.901123046875 2075.7215896195607 2117
2130 0 0 0 11915.282958984375 0.901123046875 2075.7215896195607 2117
2140 0 0 0 11915.282958984375 0.901123046875 2075.7215896195607 2117
2150 0 0 0 11915.282958984375 0.901123046875 2075.7215896195607 2117
2160 0 0 0 11915.282958984375 0.901123046875 2075.7215896195607 2117
2170 0 0 0 11915.282958984375 0.901123046875 2075.7215896195607 2117
2180 0 0 0 11915.282958984375 0.901123046875 2075.7215896195607 2117
2190 0 0 0 11915.282958984375 0.901123046875 2075.7215896195607 2117
2200 0 0 0 11915.282958984375 0.901123046875 2075.7215896195607 2117
2210 0 0 0 11915.282958984375 0.901123046875 2075.7215896195607 2117
2220 0 0 0 11915.282958984375 0.901123046875 2075.7215896195607 2117
2230 0 0 0 11915.282958984375 0.901123046875 2075.7215896195607 2117
2240 0 0 0 11915.282958984375 0.901123046875 2075.7215896195607 2117
2250 0 0 0 11915.282958984375 0.901123046875 2075.7215896195607 2117
2260 0 0 0 11915.282958984375 0.901123046875 2075.7215896195607 2117
2270 0 0 0 11915.282958984375 0.901123046875 2075.7215896195607 2117
2280 0 0 0 11915.282958984375 0.901123046875 2075.7215896195607 2117
2290 0 0 0 11915.282958984375 0.901123046875 2075.7215896195607 2117
2300 0 0 0 11915.282958984375 0.901123046875 2075.7215896195607 2117
2310 0 0 0 11915.282958984375 0.901123046875 2075.7215896195607 2117
2320 0 0 0 11915.282958984375 0.901123046875 2075.7215896195607 2117
2330 0 0 0 11915.282958984375 0.901123046875 2075.7215896195607 2117
2340 0 0 0 11915.282958984375 0.901123046875 2075.7215896195607 2117
2350 0 0 0 11915.282958984375 0.901123046875 2075.7215896195607 2117
2360 0 0 0 11915.282958984375 0.901123046875 2075.7215896195607 2117
2370 0 0 0 11915.282958984375 0.901123046875 2075.7215896195607 2117
2380 0 0 0 11915.282958984375 0.901123046875 2075.7215896195607 2117
2390 0 0 0 11915.282958984375 0.901123046875 2075.7215896195607 2117
2400 0 0 0 11915.282958984375 0.901123046875 2075.7215896195607 2117
2410 0 0 0 11915.282958984375 0.901123046875 2075.7215896195607 2117
2420 0 0 0 11915.282958984375 0.901123046875 2075.7215896195607 2117
2430 0 0 0 11915.282958984375 0.901123046875 2075.7215896195607 2117
2440 0 0 0 11915.282958984375 0.901123046875 2075.7215896195607 2117
2450 0 0 0 11915.282958984375 0.901123046875 2075.7215896195607 2117
2460 0 0 0 11915.282958984375 0.901123046875 2075.7215896195607 2117
2470 0 0 0 11915.282958984375 0.901123046875 2075.7215896195607 2117
2480 0 0 0 11915.282958984375 0.901123046875 2075.7215896195607 2117
2490 0 0 0 11915.282958984375 0.901123046875 2075.7215896195607 2117
2500 0 0 0 11915.282958984375 0.901123046875 2075.7215896195607 2117
2510 0 0 0 11915.282958984375 0.901123046875 2075.7215896195607 2117
2520 0 0 0 11915.282958984375 0.901123046875 2075.7215896195607 2117
2530 0 0 0 11915.282958984375 0.901123046875 2075.7215896195607 2117
2540 0 0 0 11915.282958984375 0.901123046875 2075.7215896195607 2117
2550 0 0 0 11915.282958984375 0.901123046875 2075.7215896195607 2117
2560 0 0 0 11915.282958984375 0.901123046875 2075.7215896195607 2117
2570 0 0 0 11915.282958984375 0.901123046875 2075.7215896195607 2117
2580 0 0 0 11915.282958984375 0.901123046875 2075.7215896195607 2117
2590 0 0 0 11915.282958984375 0.901123046875 2075.7215896195607 2117
2600 0 0 0 11915.282958984375 0.901123046875 2075.7215896195607 2117
2610 0 0 0 11915.282958984375 0.901123046875 2075.7215896195607 2117
2620 0 0 0 11915.282958984375 0.901123046875 2075.7215896195607 2117
2630 0 0 0 11915.282958984375 0.901123046875 2075.7215896195607 2117
2640 0 0 0 11915.282958984375 0.901123046875 2075.7215896195607 2117
2650 0 0 0 11915.282958984375 0.901123046875 2075.7215896195607 2117
2660 0 0 0 11915.282958984375 0.901123046875 2075.7215896195607 2117
2670 0 0 0 11915.282958984375 0.901123046875 2075.7215896195607 2117
2680 0 0 0 11915.282958984375 0.901123046875 2075.7215896195607 2117
2690 0 0 0 11915.282958984375 0.901123046875 2075.7215896195607 2117
2700 0 0 0 11915.282958984375 0.901123046875 2075.7215896195607 2117
2710 0 0 0 11915.282958984375 0.901123046875 2075.7215896195607 2117
2720 0 0 0 11915.282958984375 0.901123046875 2075.7215896195607 2117
2730 0 0 0 11915.282958984375 0.901123046875 2075.7215896195607 2117
2740 0 0 0 11915.282958984375 0.901123046875 2075.7215896195607 2117
2750 0 0 0 11915.282958984375 0.901123046875 2075.7215896195607 2117
2760 0 0 0 11915.282958984375 0.901123046875 2075.7215896195607 2117
2770 0 0 0 11915.282958984375 0.901123046875 2075.7215896195607 2117
2780 0 0 0 11915.282958984375 0.901123046875 2075.7215896195607 2117
2790 0 0 0 11915.282958984375 0.901123046875 2075.7215896195607 2117
2800 0 0 0 11915.282958984375 0.901123046875 2075.7215896195607 2117
2810 0 0 0 11915.282958984375 0.901123046875 2075.7215896195607 2117
2820 0 0 0 11915.282958984375 0.901123046875 2075.7215896195607 2117
2830 0 0 0 11915.282958984375 0.901123046875 2075.7215896195607 2117
2840 0 0 0 11915.282958984375 0.901123046875 2075.7215896195607 2117
2850 0 0 0 11915.282958984375 0.901123046875 2075.7215896195607 2117
2860 0 0 0 11915.282958984375 0.901123046875 2075.7215896195607 2117
2870 0 0 0 11915.282958984375 0.901123046875 2075.7215896195607 2117
2880 0 0 0 11915.282958984375 0.901123046875 2075.7215896195607 2117
2890 0 0 0 11915.282958984375 0.901123046875 2075.7215896195607 2117
2900 0 0 0 11915.282958984375 0.901123046875 2075.7215896195607 2117
2910 0 0 0 11915.282958984375 0.901123046875 2075.7215896195607 2117
2920 0 0 0 11915.282958984375 0.901123046875 2075.7215896195607 2117
2930 0 0 0 11915.282958984375 0.901123046875 2075.7215896195607 2117
2940 0 0 0 11915.282958984375 0.901123046875 2075.7215896195607 2117
2950 0 0 0 11915.282958984375 0.901123046875 2075.7215896195607 2117
2960 0 0 0 11915.282958984375 0.901123046875 2075.7215896195607 2117
2970 0 0 0 11915.282958984375 0.901123046875 2075.7215896195607 2117
2980 0 0 0 11915.282958984375 0.901123046875 2075.7215896195607 2117
2990 0 0 0 11915.282958984375 0.901123046875 2075.7215896195607 2117
3000 0 0 0 11915.282958984375 0.901123046875 2075.7215896195607 2117
3010 0 0 0 11915.282958984375 0.901123046875 2075.7215896195607 2117
3020 0 0 0 11915.282958984375 0.901123046875 2075.7215896195607 2117
3030 0 0 0 11915.282958984375 0.901123046875 2075.7215896195607 2117
3040 0 0 0 11915.282958984375 0.901123046875 2075.7215896195607 2117
3050 0 0 0 11915.282958984375 0.901123046875 2075.7215896195607 2117
3060 0 0 0 11915.282958984375 0.901123046875 2075.7215896195607 2117
3070 0 0 0 11915.282958984375 0.901123046875 2075.7215896195607 2117
3080 0 0 0 11915.282958984375 0.901123046875 2075.7215896195607 2117
3090 0 0 0 11915.282958984375 0.901123046875 2075.7215896195607 2117
3100 0 0 0 11915.282958984375 0.901123046875 2075.7215896195607 2117
3110 0 0 0 11915.282958984375 0.901123046875 2075.7215896195607 2117
3120 0 0 0 11915.282958984375 0.901123046875 2075.7215896195607 2117
3130 0 0 0 11915.282958984375 0.901123046875 2075.7215896195607 2117
3140 0 0 0 11915.282958984375 0.901123046875 2075.7215896195607 2117
3150 0 0 0 11915.282958984375 0.901123046875 2075.7215896195607 2117
3160 0 0 0 11915.282958984375 0.901123046875 2075.7215896195607 2117
3170 0 0 0 11915.282958984375 0.901123046875 2075.7215896195607 2117
3180 0 0 0 11915.282958984375 0.901123046875 2075.7215896195607 2117
3190 0 0 0 11915.282958984375 0.901123046875 2075.7215896195607 2117
3200 0 0 0 11915.282958984375 0.901123046875 2075.7215896195607 2117
3210 0 0 0 11915.282958984375 0.901123046875 2075.7215896195607 2117
3220 0 0 0 11915.282958984375 0.901123046875 2075.7215896195607 2117
3230 0 0 0 11915.282958984375 0.901123046875 2075.7215896195607 2117
3240 0 0 0 11915.282958984375 0.901123046875 2075.7215896195607 2117
3250 0 0 0 11915.282958984375 0.901123046875 2075.7215896195607 2117
3260 0 0 0 11915.282958984375 0.901123046875 2075.7215896195607 2117
3270 0 0 0 11915.282958984375 0.901123046875 2075.7215896195607 2117
3280 0 0 0 11915.282958984375 0.901123046875 2075.7215896195607 2117
3290 0 0 0 11915.282958984375 0.901123046875 2075.7215896195607 2117
3300 0 0 0 11915.282958984375 0.901123046875 2075.7215896195607 2117
3310 0 0 0 11915.282958984375 0.901123046875 2075.7215896195607 2117
3320 0 0 0 11915.282958984375 0.901123046875 2075.7215896195607 2117
3330 0 0 0 11915.282958984375 0.901123046875 2075.7215896195607 2117
3340 0 0 0 11915.282958984375 0.901123046875 2075.7215896195607 2117
3350 0 0 0 11915.282958984375 0.901123046875 2075.7215896195607 2117
3360 0 0 0 11915.282958984375 0.901123046875 2075.7215896195607 2117
3370 0 0 0 11915.282958984375 0.901123046875 2075.7215896195607 2117
3380 0 0 0 11915.282958984375 0.901123046875 2075.7215896195607 2117
3390 0 0 0 11915.282958984375 0.901123046875 2075.7215896195607 2117
3400 0 0 0 11915.282958984375 0.901123046875 2075.7215896195607 2117
3410 0 0 0 11915.282958984375 0.901123046875 2075.7215896195607 2117
3420 0 0 0 11915.282958984375 0.901123046875 2075.7215896195607 2117
3430 0 0 0 11915.282958984375 0.901123046875 2075.7215896195607 2117
3440 0 0 0 11915.282958984375 0.901123046875 2075.7215896195607 2117
3450 0 0 0 11915.282958984375 0.901123046875 2075.7215896195607 2117
3460 0 0 0 11915.282958984375 0.901123046875 2075.7215896195607 2117
3470 0 0 0 11915.282958984375 0.901123046875 2075.7215896195607 2117
3480 0 0 0 11915.282958984375 0.901123046875 2075.7215896195607 2117
3490 0 0 0 11915.282958984375 0.901123046875 2075.7215896195607 2117
3500 0 0 0 11915.282958984375 0.901123046875 2075.7215896195607 2117
3510 0 0 0 11915.282958984375 0.901123046875 2075.7215896195607 2117
3520 0 0 0 11915.282958984375 0.901123046875 2075.7215896195607 2117
3530 0 0 0 11915.282958984375 0.901123046875 2075.7215896195607 2117
3540 0 0 0 11915.282958984375 0.901123046875 2075.7215896195607 2117
3550 0 0 0 11915.282958984375 0.901123046875 2075.7215896195607 2117
3560 0 0 0 11915.282958984375 0.901123046875 2075.7215896195607 2117
3570 0 0 0 11915.282958984375 0.901123046875 2075.7215896195607 2117
3580 0 0 0 11915.282958984375 0.901123046875 2075.7215896195607 2117
3590 0 0 0 11915.282958984375 0.901123046875 2075.7215896195607 2117
3600 0 0 0 11915.282958984375 0.901123046875 2075.7215896195607 2117
3610 0 0 0 11915.282958984375 0.901123046875 2075.7215896195607 2117
3620 0 0 0 11915.282958984375 0.901123046875 2075.7215896195607 2117
3630 0 0 0 11915.282958984375 0.901123046875 2075.7215896195607 2117
3640 0 0 0 11915.282958984375 0.901123046875 2075.7215896195607 2117
3650 0 0 0 11915.282958984375 0.901123046875 2075.7215896195607 2117
3660 0 0 0 11915.282958984375 0.901123046875 2075.7215896195607 2117
3670 0 0 0 11915.282958984375 0.901123046875 2075.7215896195607 2117
3680 0 0 0 11915.282958984375 0.901123046875 2075.7215896195607 2117
3690 0 0 0 11915.282958984375 0.901123046875 2075.7215896195607 2117
3700 0 0 0 11915.282958984375 0.901123046875 2075.7215896195607 2117
3710 0 0 0 11915.282958984375 0.901123046875 2075.7215896195607 2117
3720 0 0 0 11915.282958984375 0.901123046875 2075.7215896195607 2117
3730 0 0 0 11915.282958984375 0.901123046875 2075.7215896195607 2117
3740 0 0 0 11915.282958984375 0.901123046875 2075.7215896195607 2117
3750 0 0 0 11915.282958984375 0.901123046875 2075.7215896195607 2117
3760 0 0 0 11915.282958984375 0.901123046875 2075.7215896195607 2117
3770 0 0 0 11915.282958984375 0.901123046875 2075.7215896195607 2117
3780 0 0 0 11915.282958984375 0.901123046875 2075.7215896195607 2117
3790 0 0 0 11915.282958984375 0.901123046875 2075.7215896195607 2117
3800 0 0 0 11915.282958984375 0.901123046875 2075.7215896195607 2117
3810 0 0 0 11915.282958984375 0.901123046875 2075.7215896195607 2117
3820 0 0 0 11915.282958984375 0.901123046875 2075.7215896195607 2117
3830 0 0 0 11915.282958984375 0.901123046875 2075.7215896195607 2117
3840 0 0 0 11915.282958984375 0.901123046875 2075.7215896195607 2117
3850 0 0 0 11915.282958984375 0.901123046875 2075.7215896195607 2117
3860 0 0 0 11915.282958984375 0.901123046875 2075.7215896195607 2117
3870 0 0 0 11915.282958984375 0.901123046875 2075.7215896195607 2117
3880 0 0 0 11915.282958984375 0.901123046875 2075.7215896195607 2117
3890 0 0 0 11915.282958984375 0.901123046875 2075.7215896195607 2117
3900 0 0 0 11915.282958984375 0.901123046875 2075.7215896195607 2117
3910 0 0 0 11915.282958984375 0.901123046875 2075.7215896195607 2117
3920 0 0 0 11915.282958984375 0.901123046875 2075.7215896195607 2117
3930 0 0 0 11915.282958984375 0.901123046875 2075.7215896195607 2117
3940 0 0 0 11915.282958984375 0.901123046875 2075.7215896195607 2117
3950 0 0 0 11915.282958984375 0.901123046875 2075.7215896195607 2117
3960 0 0 0 11915.282958984375 0.901123046875 2075.7215896195607 2117
3970 0 0 0 11915.282958984375 0.901123046875 2075.7215896195607 2117
3980 0 0 0 11915.282958984375 0.901123046875 2075.7215896195607 2117
3990 0 0 0 11915.282958984375 0.901123046875 2075.7215896195607 2117
4000 0 0 0 11915.282958984375 0.901123046875 2075.7215896195607 2117
4010 0 0 0 11915.282958984375 0.901123046875 2075.7215896195607 2117
4020 0 0 0 11915.282958984375 0.901123046875 2075.7215896195607 2117
4030 0 0 0 11915.282958984375 0.901123046875 2075.7215896195607 2117
4040 0 0 0 11915.282958984375 0.901123046875 2075.7215896195607 2117
4050 0 0 0 11915.282958984375 0.901123046875 2075.7215896195607 2117
4060 0 0 0 11915.282958984375 0.901123046875 2075.7215896195607 2117
4070 0 0 0 11915.282958984375 0.901123046875 2075.7215896195607 2117
4080 0 0 0 11915.282958984375 0.901123046875 2075.7215896195607 2117
4090 0 0 0 11915.282958984375 0.901123046875 2075.7215896195607 2117
4100 0 0 0 11915.282958984375 0.901123046875 2075.7215896195607 2117
4110 0 0 0 11915.282958984375 0.901123046875 2075.7215896195607 2117
4120 0 0 0 11915.282958984375 0.901123046875 2075.7215896195607 2117
4130 0 0 0 11915.282958984375 0.901123046875 2075.7215896195607 2117
4140 0 0 0 11915.282958984375 0.901123046875 2075.7215896195607 2117
4150 0 0 0 11915.282958984375 0.901123046875 2075.7215896195607 2117
4160 0 0 0 11915.282958984375 0.901123046875 2075.7215896195607 2117
4170 0 0 0 11915.282958984375 0.901123046875 2075.7215896195607 2117
4180 0 0 0 11915.282958984375 0.901123046875 2075.7215896195607 2117
4190 0 0 0 11915.282958984375 0.901123046875 2075.7215896195607 2117
4200 0 0 0 11915.282958984375 0.901123046875 2075.7215896195607 2117
4210 0 0 0 11915.282958984375 0.901123046875 2075.7215896195607 2117
4220 0 0 0 11915.282958984375 0.901123046875 2075.7215896195607 2117
4230 0 0 0 11915.282958984375 0.901123046875 2075.7215896195607 2117
4240 0 0 0 11915.282958984375 0.901123046875 2075.7215896195607 2117
4250 0 0 0 11915.282958984375 0.901123046875 2075.7215896195607 2117
4260 0 0 0 11915.282958984375 0.901123046875 2075.7215896195607 2117
4270 0 0 0 11915.282958984375 0.901123046875 2075.7215896195607 2117
4280 0 0 0 11915.282958984375 0.901123046875 2075.7215896195607 2117
4290 0 0 0 11915.282958984375 0.901123046875 2075.7215896195607 2117
4300 0 0 0 11915.282958984375 0.901123046875 2075.7215896195607 2117
4310 0 0 0 11915.282958984375 0.901123046875 2075.7215896195607 2117
4320 0 0 0 11915.282958984375 0.901123046875 2075.7215896195607 2117
4330 0 0 0 11915.282958984375 0.901123046875 2075.7215896195607 2117
4340 0 0 0 11915.282958984375 0.901123046875 2075.7215896195607 2117
4350 0 0 0 11915.282958984375 0.901123046875 2075.7215896195607 2117
4360 0 0 0 11915.282958984375 0.901123046875 2075.7215896195607 2117
4370 0 0 0 11915.282958984375 0.901123046875 2075.7215896195607 2117
4380 0 0 0 11915.282958984375 0.901123046875 2075.7215896195607 2117
4390 0 0 0 11915.282958984375 0.901123046875 2075.7215896195607 2117
4400 0 0 0 11915.282958984375 0.901123046875 2075.7215896195607 2117
4410 0 0 0 11915.282958984375 0.901123046875 2075.7215896195607 2117
4420 0 0 0 11915.282958984375 0.901123046875 2075.7215896195607 2117
4430 0 0 0 11915.282958984375 0.901123046875 2075.7215896195607 2117
4440 0 0 0 11915.282958984375 0.901123046875 2075.7215896195607 2117
4450 0 0 0 11915.282958984375 0.901123046875 2075.7215896195607 2117
4460 0 0 0 11915.282958984375 0.901123046875 2075.7215896195607 2117
4470 0 0 0 11915.282958984375 0.901123046875 2075.7215896195607 2117
4480 0 0 0 11915.282958984375 0.901123046875 2075.7215896195607 2117
4490 0 0 0 11915.282958984375 0.901123046875 2075.7215896195607 2117
4500 0 0 0 11915.282958984375 0.901123046875 2075.7215896195607 2117
4510 0 0 0 11915.282958984375 0.901123046875 2075.7215896195607 2117
4520 0 0 0 11915.282958984375 0.901123046875 2075.7215896195607 2117
4530 0 0 0 11915.282958984375 0.901123046875 2075.7215896195607 2117
4540 0 0 0 11915.282958984375 0.901123046875 2075.7215896195607 2117
4550 0 0 0 11915.282958984375 0.901123046875 2075.7215896195607 2117
4560 0 0 0 11915.282958984375 0.901123046875 2075.7215896195607 2117
4570 0 0 0 11915.282958984375 0.901123046875 2075.7215896195607 2117
4580 0 0 0 11915.282958984375 0.901123046875 2075.7215896195607 2117
4590 0 0 0 11915.282958984375 0.901123046875 2075.7215896195607 2117
4600 0 0 0 11915.282958984375 0.901123046875 2075.7215896195607 2117
4610 0 0 0 11915.282958984375 0.901123046875 2075.7215896195607 2117
4620 0 0 0 11915.282958984375 0.901123046875 2075.7215896195607 2117
4630 0 0 0 11915.282958984375 0.901123046875 2075.7215896195607 2117
4640 0 0 0 11915.282958984375 0.901123046875 2075.7215896195607 2117
4650 0 0 0 11915.282958984375 0.901123046875 2075.7215896195607 2117
4660 0 0 0 11915.282958984375 0.901123046875 2075.7215896195607 2117
4670 0 0 0 11915.282958984375 0.901123046875 2075.7215896195607 2117
4680 0 0 0 11915.282958984375 0.901123046875 2075.7215896195607 2117
4690 0 0 0 11915.282958984375 0.901123046875 2075.7215896195607 2117
4700 0 0 0 11915.282958984375 0.901123046875 2075.7215896195607 2117
4710 0 0 0 11915.282958984375 0.901123046875 2075.7215896195607 2117
4720 0 0 0 11915.282958984375 0.901123046875 2075.7215896195607 2117
4730 0 0 0 11915.282958984375 0.901123046875 2075.7215896195607 2117
4740 0 0 0 11915.282958984375 0.901123046875 2075.7215896195607 2117
4750 0 0 0 11915.282958984375 0.901123046875 2075.7215896195607 2117
4760 0 0 0 11915.282958984375 0.901123046875 2075.7215896195607 2117
4770 0 0 0 11915.282958984375 0.901123046875 2075.7215896195607 2117
4780 0 0 0 11915.282958984375 0.901123046875 2075.7215896195607 2117
4790 0 0 0 11915.282958984375 0.901123046875 2075.7215896195607 2117
4800 0 0 0 11915.282958984375 0.901123046875 2075.7215896195607 2117
4810 0 0 0 11915.282958984375 0.901123046875 2075.7215896195607 2117
4820 0 0 0 11915.282958984375 0.901123046875 2075.7215896195607 2117
4830 0 0 0 11915.282958984375 0.901123046875 2075.7215896195607 2117
4840 0 0 0 11915.282958984375 0.901123046875 2075.7215896195607 2117
4850 0 0 0 11915.282958984375 0.901123046875 2075.7215896195607 2117
4860 0 0 0 11915.282958984375 0.901123046875 2075.7215896195607 2117
4870 0 0 0 11915.282958984375 0.901123046875 2075.7215896195607 2117
4880 0 0 0 11915.282958984375 0.901123046875 2075.7215896195607 2117
4890 0 0 0 11915.282958984375 0.901123046875 2075.7215896195607 2117
4900 0 0 0 11915.282958984375 0.901123046875 2075.7215896195607 2117
4910 0 0 0 11915.282958984375 0.901123046875 2075.7215896195607 2117
4920 0 0 0 11915.282958984375 0.901123046875 2075.7215896195607 2117
4930 0 0 0 11915.282958984375 0.901123046875 2075.7215896195607 2117
4940 0 0 0 11915.282958984375 0.901123046875 2075.7215896195607 2117
4950 0 0 0 11915.282958984375 0.901123046875 2075.7215896195607 2117
4960 0 0 0 11915.282958984375 0.901123046875 2075.7215896195607 2117
4970 0 0 0 11915.282958984375 0.901123046875 2075.7215896195607 2117
4980 0 0 0 11915.282958984375 0.901123046875 2075.7215896195607 2117
4990 0 0 0 11915.282958984375 0.901123046875 2075.7215896195607 2117
5000 0 0 0 11915.282958984375 0.901123046875 2075.7215896195607 2117
5010 0 0 0 11915.282958984375 0.901123046875 2075.7215896195607 2117
5020 0 0 0 11915.282958984375 0.901123046875 2075.7215896195607 2117
5030 0 0 0 11915.282958984375 0.901123046875 2075.7215896195607 2117
5040 0 0 0 11915.282958984375 0.901123046875 2075.7215896195607 2117
5050 0 0 0 11915.282958984375 0.901123046875 2075.7215896195607 2117
5060 0 0 0 11915.282958984375 0.901123046875 2075.7215896195607 2117
5070 0 0 0 11915.282958984375 0.901123046875 2075.7215896195607 2117
5080 0 0 0 11915.282958984375 0.901123046875 2075.7215896195607 2117
5090 0 0 0 11915.282958984375 0.901123046875 2075.7215896195607 2117
5100 0 0 0 11915.282958984375 0.901123046875 2075.7215896195607 2117
5110 0 0 0 11915.282958984375 0.901123046875 2075.7215896195607 2117
5120 0 0 0 11915.282958984375 0.901123046875 2075.7215896195607 2117
5130 0 0 0 11915.282958984375 0.901123046875 2075.7215896195607 2117
5140 0 0 0 11915.282958984375 0.901123046875 2075.7215896195607 2117
5150 0 0 0 11915.282958984375 0.901123046875 2075.7215896195607 2117
5160 0 0 0 11915.282958984375 0.901123046875 2075.7215896195607 2117
5170 0 0 0 11915.282958984375 0.901123046875 2075.7215896195607 2117
5180 0 0 0 11915.282958984375 0.901123046875 2075.7215896195607 2117
5190 0 0 0 11915.282958984375 0.901123046875 2075.7215896195607 2117
5200 0 0 0 11915.282958984375 0.901123046875 2075.7215896195607 2117
5210 0 0 0 11915.282958984375 0.901123046875 2075.7215896195607 2117
5220 0 0 0 11915.282958984375 0.901123046875 2075.7215896195607 2117
5230 0 0 0 11915.282958984375 0.901123046875 2075.7215896195607 2117
5240 0 0 0 11915.282958984375 0.901123046875 2075.7215896195607 2117
5250 0 0 0 11915.282958984375 0.901123046875 2075.7215896195607 2117
5260 0 0 0 11915.282958984375 0.901123046875 2075.7215896195607 2117
5270 0 0 0 11915.282958984375 0.901123046875 2075.7215896195607 2117
5280 0 0 0 11915.282958984375 0.901123046875 2075.7215896195607 2117
5290 0 0 0 11915.282958984375 0.901123046875 2075.7215896195607 2117
5300 0 0 0 11915.282958984375 0.901123046875 2075.7215896195607 2117
5310 0 0 0 11915.282958984375 0.901123046875 2075.7215896195607 2117
5320 0 0 0 11915.282958984375 0.901123046875 2075.7215896195607 2117
5330 0 0 0 11915.282958984375 0.901123046875 2075.7215896195607 2117
5340 0 0 0 11915.282958984375 0.901123046875 2075.7215896195607 2117
5350 0 0 0 11915.282958984375 0.901123046875 2075.7215896195607 2117
5360 0 0 0 11915.282958984375 0.901123046875 2075.7215896195607 2117
5370 0 0 0 11915.282958984375 0.901123046875 2075.7215896195607 2117
5380 0 0 0 11915.282958984375 0.901123046875 2075.7215896195607 2117
5390 0 0 0 11915.282958984375 0.901123046875 2075.7215896195607 2117
5400 0 0 0 11915.282958984375 0.901123046875 2075.7215896195607 2117
5410 0 0 0 11915.282958984375 0.901123046875 2075.7215896195607 2117
5420 0 0 0 11915.282958984375 0.901123046875 2075.7215896195607 2117
5430 0 0 0 11915.282958984375 0.901123046875 2075.7215896195607 2117
5440 0 0 0 11915.282958984375 0.901123046875 2075.7215896195607 2117
5450 0 0 0 11915.282958984375 0.901123046875 2075.7215896195607 2117
5460 0 0 0 11915.282958984375 0.901123046875 2075.7215896195607 2117
5470 0 0 0 11915.282958984375 0.901123046875 2075.7215896195607 2117
5480 0 0 0 11915.282958984375 0.901123046875 2075.7215896195607 2117
5490 0 0 0 11915.282958984375 0.901123046875 2075.7215896195607 2117
5500 0 0 0 11915.282958984375 0.901123046875 2075.7215896195607 2117
5510 0 0 0 11915.282958984375 0.901123046875 2075.7215896195607 2117
5520 0 0 0 11915.282958984375 0.901123046875 2075.7215896195607 2117
5530 0 0 0 11915.282958984375 0.901123046875 2075.7215896195607 2117
5540 0 0 0 11915.282958984375 0.901123046875 2075.7215896195607 2117
5550 0 0 0 11915.282958984375 0.901123046875 2075.7215896195607 2117
5560 0 0 0 11915.282958984375 0.901123046875 2075.7215896195607 2117
5570 0 0 0 11915.282958984375 0.901123046875 2075.7215896195607 2117
5580 0 0 0 11915.282958984375 0.901123046875 2075.7215896195607 2117
5590 0 0 0 11915.282958984375 0.901123046875 2075.7215896195607 2117
5600 0 0 0 11915.282958984375 0.901123046875 2075.7215896195607 2117
5610 0 0 0 11915.282958984375 0.901123046875 2075.7215896195607 2117
5620 0 0 0 11915.282958984375 0.901123046875 2075.7215896195607 2117
5630 0 0 0 11915.282958984375 0.901123046875 2075.7215896195607 2117
5640 0 0 0 11915.282958984375 0.901123046875 2075.7215896195607 2117
5650 0 0 0 11915.282958984375 0.901123046875 2075.7215896195607 2117
5660 0 0 0 11915.282958984375 0.901123046875 2075.7215896195607 2117
5670 0 0 0 11915.282958984375 0.901123046875 2075.7215896195607 2117
5680 0 0 0 11915.282958984375 0.901123046875 2075.7215896195607 2117
5690 0 0 0 11915.282958984375 0.901123046875 2075.7215896195607 2117
5700 0 0 0 11915.282958984375 0.901123046875 2075.7215896195607 2117
5710 0 0 0 11915.282958984375 0.901123046875 2075.7215896195607 2117
5720 0 0 0 11915.282958984375 0.901123046875 2075.7215896195607 2117
5730 0 0 0 11915.282958984375 0.901123046875 2075.7215896195607 2117
5740 0 0 0 11915.282958984375 0.901123046875 2075.7215896195607 2117
5750 0 0 0 11915.282958984375 0.901123046875 2075.7215896195607 2117
5760 0 0 0 11915.282958984375 0.901123046875 2075.7215896195607 2117
5770 0 0 0 11915.282958984375 0.901123046875 2075.7215896195607 2117
5780 0 0 0 11915.282958984375 0.901123046875 2075.7215896195607 2117
5790 0 0 0 11915.282958984375 0.901123046875 2075.7215896195607 2117
5800 0 0 0 11915.282958984375 0.901123046875 2075.7215896195607 2117
5810 0 0 0 11915.282958984375 0.901123046875 2075.7215896195607 2117
5820 0 0 0 11915.282958984375 0.901123046875 2075.7215896195607 2117
5830 0 0 0 11915.282958984375 0.901123046875 2075.7215896195607 2117
5840 0 0 0 11915.282958984375 0.901123046875 2075.7215896195607 2117
5850 0 0 0 11915.282958984375 0.901123046875 2075.7215896195607 2117
5860 0 0 0 11915.282958984375 0.901123046875 2075.7215896195607 2117
5870 0 0 0 11915.282958984375 0.901123046875 2075.7215896195607 2117
5880 0 0 0 11915.282958984375 0.901123046875 2075.7215896195607 2117
5890 0 0 0 11915.282958984375 0.901123046875 2075.7215896195607 2117
5900 0 0 0 11915.282958984375 0.901123046875 2075.7215896195607 2117
5910 0 0 0 11915.282958984375 0.901123046875 2075.7215896195607 2117
5920 0 0 0 11915.282958984375 0.901123046875 2075.7215896195607 2117
5930 0 0 0 11915.282958984375 0.901123046875 2075.7215896195607 2117
5940 0 0 0 11915.282958984375 0.901123046875 2075.7215896195607 2117
5950 0 0 0 11915.282958984375 0.901123046875 2075.7215896195607 2117
5960 0 0 0 11915.282958984375 0.901123046875 2075.7215896195607 2117
5970 0 0 0 11915.282958984375 0.901123046875 2075.7215896195607 2117
5980 0 0 0 11915.282958984375 0.901123046875 2075.7215896195607 2117
5990 0 0 0 11915.282958984375 0.901123046875 2075.7215896195607 2117
6000 0 0 0 11915.282958984375 0.901123046875 2075.7215896195607 2117
6010 0 0 0 11915.282958984375 0.901123046875 2075.7215896195607 2117
6020 0 0 0 11915.282958984375 0.901123046875 2075.7215896195607 2117
6030 0 0 0 11915.282958984375 0.901123046875 2075.7215896195607 2117
6040 0 0 0 11915.282958984375 0.901123046875 2075.7215896195607 2117
6050 0 0 0 11915.282958984375 0.901123046875 2075.7215896195607 2117
6060 0 0 0 11915.282958984375 0.901123046875 2075.7215896195607 2117
6070 0 0 0 11915.282958984375 0.901123046875 2075.7215896195607 2117
6080 0 0 0 11915.282958984375 0.901123046875 2075.7215896195607 2117
6090 0 0 0 11915.282958984375 0.901123046875 2075.7215896195607 2117
6100 0 0 0 11915.282958984375 0.901123046875 2075.7215896195607 2117
6110 0 0 0 11915.282958984375 0.901123046875 2075.7215896195607 2117
6120 0 0 0 11915.282958984375 0.901123046875 2075.7215896195607 2117
6130 0 0 0 11915.282958984375 0.901123046875 2075.7215896195607 2117
6140 0 0 0 11915.282958984375 0.901123046875 2075.7215896195607 2117
6150 0 0 0 11915.282958984375 0.901123046875 2075.7215896195607 2117
6160 0 0 0 11915.282958984375 0.901123046875 2075.7215896195607 2117
6170 0 0 0 11915.282958984375 0.901123046875 2075.7215896195607 2117
6180 0 0 0 11915.282958984375 0.901123046875 2075.7215896195607 2117
6190 0 0 0 11915.282958984375 0.901123046875 2075.7215896195607 2117
6200 0 0 0 11915.282958984375 0.901123046875 2075.7215896195607 2117
6210 0 0 0 11915.282958984375 0.901123046875 2075.7215896195607 2117
6220 0 0 0 11915.282958984375 0.901123046875 2075.7215896195607 2117
6230 0 0 0 11915.282958984375 0.901123046875 2075.7215896195607 2117
6240 0 0 0 11915.282958984375 0.901123046875 2075.7215896195607 2117
6250 0 0 0 11915.282958984375 0.901123046875 2075.7215896195607 2117
6260 0 0 0 11915.282958984375 0.901123046875 2075.7215896195607 2117
6270 0 0 0 11915.282958984375 0.901123046875 2075.7215896195607 2117
6280 0 0 0 11915.282958984375 0.901123046875 2075.7215896195607 2117
6290 0 0 0 11915.282958984375 0.901123046875 2075.7215896195607 2117
6300 0 0 0 11915.282958984375 0.901123046875 2075.7215896195607 2117
6310 0 0 0 11915.282958984375 0.901123046875 2075.7215896195607 2117
6320 0 0 0 11915.282958984375 0.901123046875 2075.7215896195607 2117
6330 0 0 0 11915.282958984375 0.901123046875 2075.7215896195607 2117
6340 0 0 0 11915.282958984375 0.901123046875 2075.7215896195607 2117
6350 0 0 0 11915.282958984375 0.901123046875 2075.7215896195607 2117
6360 0 0 0 11915.282958984375 0.901123046875 2075.7215896195607 2117
6370 0 0 0 11915.282958984375 0.901123046875 2075.7215896195607 2117
6380 0 0 0 11915.282958984375 0.901123046875 2075.7215896195607 2117
6390 0 0 0 11915.282958984375 0.901123046875 2075.7215896195607 2117
6400 0 0 0 11915.282958984375 0.901123046875 2075.7215896195607 2117
6410 0 0 0 11915.282958984375 0.901123046875 2075.7215896195607 2117
6420 0 0 0 11915.282958984375 0.901123046875 2075.7215896195607 2117
6430 0 0 0 11915.282958984375 0.901123046875 2075.7215896195607 2117
6440 0 0 0 11915.282958984375 0.901123046875 2075.7215896195607 2117
6450 0 0 0 11915.282958984375 0.901123046875 2075.7215896195607 2117
6460 0 0 0 11915.282958984375 0.901123046875 2075.7215896195607 2117
6470 0 0 0 11915.282958984375 0.901123046875 2075.7215896195607 2117
6480 0 0 0 11915.282958984375 0.901123046875 2075.7215896195607 2117
6490 0 0 0 11915.282958984375 0.901123046875 2075.7215896195607 2117
6500 0 0 0 11915.282958984375 0.901123046875 2075.7215896195607 2117
6510 0 0 0 11915.282958984375 0.901123046875 2075.7215896195607 2117
6520 0 0 0 11915.282958984375 0.901123046875 2075.7215896195607 2117
6530 0 0 0 11915.282958984375 0.901123046875 2075.7215896195607 2117
6540 0 0 0 11915.282958984375 0.901123046875 2075.7215896195607 2117
6550 0 0 0 11915.282958984375 0.901123046875 2075.7215896195607 2117
6560 0 0 0 11915.282958984375 0.901123046875 2075.7215896195607 2117
6570 0 0 0 11915.282958984375 0.901123046875 2075.7215896195607 2117
6580 0 0 0 11915.282958984375 0.901123046875 2075.7215896195607 2117
6590 0 0 0 11915.282958984375 0.901123046875 2075.7215896195607 2117
6600 0 0 0 11915.282958984375 0.901123046875 2075.7215896195607 2117
6610 0 0 0 11915.282958984375 0.901123046875 2075.7215896195607 2117
6620 0 0 0 11915.282958984375 0.901123046875 2075.7215896195607 2117
6630 0 0 0 11915.282958984375 0.901123046875 2075.7215896195607 2117
6640 0 0 0 11915.282958984375 0.901123046875 2075.7215896195607 2117
6650 0 0 0 11915.282958984375 0.901123046875 2075.7215896195607 2117
6660 0 0 0 11915.282958984375 0.901123046875 2075.7215896195607 2117
6670 0 0 0 11915.282958984375 0.901123046875 2075.7215896195607 2117
6680 0 0 0 11915.282958984375 0.901123046875 2075.7215896195607 2117
6690 0 0 0 11915.282958984375 0.901123046875 2075.7215896195607 2117
6700 0 0 0 11915.282958984375 0.901123046875 2075.7215896195607 2117
6710 0 0 0 11915.282958984375 0.901123046875 2075.7215896195607 2117
6720 0 0 0 11915.282958984375 0.901123046875 2075.7215896195607 2117
6730 0 0 0 11915.282958984375 0.901123046875 2075.7215896195607 2117
6740 0 0 0 11915.282958984375 0.901123046875 2075.7215896195607 2117
6750 0 0 0 11915.282958984375 0.901123046875 2075.7215896195607 2117
6760 0 0 0 11915.282958984375 0.901123046875 2075.7215896195607 2117
6770 0 0 0 11915.282958984375 0.901123046875 2075.7215896195607 2117
6780 0 0 0 11915.282958984375 0.901123046875 2075.7215896195607 2117
6790 0 0 0 11915.282958984375 0.901123046875 2075.7215896195607 2117
6800 0 0 0 11915.282958984375 0.901123046875 2075.7215896195607 2117
6810 0 0 0 11915.282958984375 0.901123046875 2075.7215896195607 2117
6820 0 0 0 11915.282958984375 0.901123046875 2075.7215896195607 2117
6830 0 0 0 11915.282958984375 0.901123046875 2075.7215896195607 2117
6840 0 0 0 11915.282958984375 0.901123046875 2075.7215896195607 2117
6850 0 0 0 11915.282958984375 0.901123046875 2075.7215896195607 2117
6860 0 0 0 11915.282958984375 0.901123046875 2075.7215896195607 2117
6870 0 0 0 11915.282958984375 0.901123046875 2075.7215896195607 2117
6880 0 0 0 11915.282958984375 0.901123046875 2075.7215896195607 2117
6890 0 0 0 11915.282958984375 0.901123046875 2075.7215896195607 2117
6900 0 0 0 11915.282958984375 0.901123046875 2075.7215896195607 2117
6910 0 0 0 11915.282958984375 0.901123046875 2075.7215896195607 2117
6920 0 0 0 11915.282958984375 0.901123046875 2075.7215896195607 2117
6930 0 0 0 11915.282958984375 0.901123046875 2075.7215896195607 2117
6940 0 0 0 11915.282958984375 0.901123046875 2075.7215896195607 2117
6950 0 0 0 11915.282958984375 0.901123046875 2075.7215896195607 2117
6960 0 0 0 11915.282958984375 0.901123046875 2075.7215896195607 2117
6970 0 0 0 11915.282958984375 0.901123046875 2075.7215896195607 2117
6980 0 0 0 11915.282958984375 0.901123046875 2075.7215896195607 2117
6990 0 0 0 11915.282958984375 0.901123046875 2075.7215896195607 2117
7000 0 0 0 11915.282958984375 0.901123046875 2075.7215896195607 2117
7010 0 0 0 11915.282958984375 0.901123046875 2075.7215896195607 2117
7020 0 0 0 11915.282958984375 0.901123046875 2075.7215896195607 2117
7030 0 0 0 11915.282958984375 0.901123046875 2075.7215896195607 2117
7040 0 0 0 11915.282958984375 0.901123046875 2075.7215896195607 2117
7050 0 0 0 11915.282958984375 0.901123046875 2075.7215896195607 2117
7060 0 0 0 11915.282958984375 0.901123046875 2075.7215896195607 2117
7070 0 0 0 11915.282958984375 0.901123046875 2075.7215896195607 2117
7080 0 0 0 11915.282958984375 0.901123046875 2075.7215896195607 2117
7090 0 0 0 11915.282958984375 0.901123046875 2075.7215896195607 2117
7100 0 0 0 11915.282958984375 0.901123046875 2075.7215896195607 2117
7110 0 0 0 11915.282958984375 0.901123046875 2075.7215896195607 2117
7120 0 0 0 11915.282958984375 0.901123046875 2075.7215896195607 2117
7130 0 0 0 11915.282958984375 0.901123046875 2075.7215896195607 2117
7140 0 0 0 11915.282958984375 0.901123046875 2075.7215896195607 2117
7150 0 0 0 11915.282958984375 0.901123046875 2075.7215896195607 2117
7160 0 0 0 11915.282958984375 0.901123046875 2075.7215896195607 2117
7170 0 0 0 11915.282958984375 0.901123046875 2075.7215896195607 2117
7180 0 0 0 11915.282958984375 0.901123046875 2075.7215896195607 2117
7190 0 0 0 11915.282958984375 0.901123046875 2075.7215896195607 2117
7200 0 0 0 11915.282958984375 0.901123046875 2075.7215896195607 2117
7210 0 0 0 11915.282958984375 0.901123046875 2075.7215896195607 2117
7220 0 0 0 11915.282958984375 0.901123046875 2075.7215896195607 2117
7230 0 0 0 11915.282958984375 0.901123046875 2075.7215896195607 2117
7240 0 0 0 11915.282958984375 0.901123046875 2075.7215896195607 2117
7250 0 0 0 11915.282958984375 0.901123046875 2075.7215896195607 2117
7260 0 0 0 11915.282958984375 0.901123046875 2075.7215896195607 2117
7270 0 0 0 11915.282958984375 0.901123046875 2075.7215896195607 2117
7280 0 0 0 11915.282958984375 0.901123046875 2075.7215896195607 2117
7290 0 0 0 11915.282958984375 0.901123046875 2075.7215896195607 2117
7300 0 0 0 11915.282958984375 0.901123046875 2075.7215896195607 2117
7310 0 0 0 11915.282958984375 0.901123046875 2075.7215896195607 2117
7320 0 0 0 11915.282958984375 0.901123046875 2075.7215896195607 2117
7330 0 0 0 11915.282958984375 0.901123046875 2075.7215896195607 2117
7340 0 0 0 11915.282958984375 0.901123046875 2075.7215896195607 2117
7350 0 0 0 11915.282958984375 0.901123046875 2075.7215896195607 2117
7360 0 0 0 11915.282958984375 0.901123046875 2075.7215896195607 2117
7370 0 0 0 11915.282958984375 0.901123046875 2075.7215896195607 2117
7380 0 0 0 11915.282958984375 0.901123046875 2075.7215896195607 2117
7390 0 0 0 11915.282958984375 0.901123046875 2075.7215896195607 2117
7400 0 0 0 11915.282958984375 0.901123046875 2075.7215896195607 2117
7410 0 0 0 11915.282958984375 0.901123046875 2075.7215896195607 2117
7420 0 0 0 11915.282958984375 0.901123046875 2075.7215896195607 2117
7430 0 0 0 11915.282958984375 0.901123046875 2075.7215896195607 2117
7440 0 0 0 11915.282958984375 0.901123046875 2075.7215896195607 2117
7450 0 0 0 11915.282958984375 0.901123046875 2075.7215896195607 2117
7460 0 0 0 11915.282958984375 0.901123046875 2075.7215896195607 2117
7470 0 0 0 11915.282958984375 0.901123046875 2075.7215896195607 2117
7480 0 0 0 11915.282958984375 0.901123046875 2075.7215896195607 2117
7490 0 0 0 11915.282958984375 0.901123046875 2075.7215896195607 2117
7500 0 0 0 11915.282958984375 0.901123046875 2075.7215896195607 2117
7510 0 0 0 11915.282958984375 0.901123046875 2075.7215896195607 2117
7520 0 0 0 11915.282958984375 0.901123046875 2075.7215896195607 2117
7530 0 0 0 11915.282958984375 0.901123046875 2075.7215896195607 2117
7540 0 0 0 11915.282958984375 0.901123046875 2075.7215896195607 2117
7550 0 0 0 11915.282958984375 0.901123046875 2075.7215896195607 2117
7560 0 0 0 11915.282958984375 0.901123046875 2075.7215896195607 2117
7570 0 0 0 11915.282958984375 0.901123046875 2075.7215896195607 2117
7580 0 0 0 11915.282958984375 0.901123046875 2075.7215896195607 2117
7590 0 0 0 11915.282958984375 0.901123046875 2075.7215896195607 2117
7600 0 0 0 11915.282958984375 0.901123046875 2075.7215896195607 2117
7610 0 0 0 11915.282958984375 0.901123046875 2075.7215896195607 2117
7620 0 0 0 11915.282958984375 0.901123046875 2075.7215896195607 2117
7630 0 0 0 11915.282958984375 0.901123046875 2075.7215896195607 2117
7640 0 0 0 11915.282958984375 0.901123046875 2075.7215896195607 2117
7650 0 0 0 11915.282958984375 0.901123046875 2075.7215896195607 2117
7660 0 0 0 11915.282958984375 0.901123046875 2075.7215896195607 2117
7670 0 0 0 11915.282958984375 0.901123046875 2075.7215896195607 2117
7680 0 0 0 11915.282958984375 0.901123046875 2075.7215896195607 2117
7690 0 0 0 11915.282958984375 0.901123046875 2075.7215896195607 2117
7700 0 0 0 11915.282958984375 0.901123046875 2075.7215896195607 2117
7710 0 0 0 11915.282958984375 0.901123046875 2075.7215896195607 2117
7720 0 0 0 11915.282958984375 0.901123046875 2075.7215896195607 2117
7730 0 0 0 11915.282958984375 0.901123046875 2075.7215896195607 2117
7740 0 0 0 11915.282958984375 0.901123046875 2075.7215896195607 2117
7750 0 0 0 11915.282958984375 0.901123046875 2075.7215896195607 2117
7760 0 0 0 11915.282958984375 0.901123046875 2075.7215896195607 2117
7770 0 0 0 11915.282958984375 0.901123046875 2075.7215896195607 2117
7780 0 0 0 11915.282958984375 0.901123046875 2075.7215896195607 2117
7790 0 0 0 11915.282958984375 0.901123046875 2075.7215896195607 2117
7800 0 0 0 11915.282958984375 0.901123046875 2075.7215896195607 2117
7810 0 0 0 11915.282958984375 0.901123046875 2075.7215896195607 2117
7820 0 0 0 11915.282958984375 0.901123046875 2075.7215896195607 2117
7830 0 0 0 11915.282958984375 0.901123046875 2075.7215896195607 2117
7840 0 0 0 11915.282958984375 0.901123046875 2075.7215896195607 2117
7850 0 0 0 11915.282958984375 0.901123046875 2075.7215896195607 2117
7860 0 0 0 11915.282958984375 0.901123046875 2075.7215896195607 2117
7870 0 0 0 11915.282958984375 0.901123046875 2075.7215896195607 2117
7880 0 0 0 11915.282958984375 0.901123046875 2075.7215896195607 2117
