10 2.8 121.6651611328125 223.52292261748764 1222.05908203125 1.0009765625 0 0
20 15.6 796.8670497796483 2002.1213225517677 8788.409912109375 0.46484375 121.6651611328125 28
30 17.1 1878.264170150311 3494.0211045297883 10782.218017578125 0.46484375 694.1189362899124 184
40 20.9 739.267119047174 2469.8956498544712 13487.22412109375 0.46484375 1264.5100207691466 355
50 16.1 747.7275921365491 2267.627838757596 13487.22412109375 0.2880859375 1069.8721369750115 564
60 6.8 3378.526751349955 7147.432038295919 23769.083984375 0.2880859375 998.3338311557116 725
70 35.6 1624.2279114455318 4642.087722148914 30611.886962890625 0.2880859375 1202.436124438446 793
80 63.8 1532.2639994367146 5684.805120880253 38747.091064453125 0.27197265625 1333.1218304214945 1149
90 24 2192.433920288086 8014.722425581838 41909.61083984375 0.2177734375 1404.2201537744381 1787
100 13.1 2531.2599911289353 7593.524679183668 42256.81884765625 0.2177734375 1497.5459080730448 2027
110 75.5 2218.1511683179842 7418.365511477156 45727.197998046875 0.2177734375 1560.2968556542874 2158
120 72.9 608.7993575987006 1886.2717552560355 45727.197998046875 0.2177734375 1730.8014921325198 2913
130 216 490.2914248996312 1197.6421913825304 45727.197998046875 0.2177734375 1506.2162213815166 3642
140 194.6 1619.4242563120267 2151.201448842865 45727.197998046875 0.2177734375 1128.002233032521 5802
150 147.7 2113.934593288493 2878.4415870886737 45727.197998046875 0.2177734375 1251.428569803548 7748
160 116.9 2148.16763209073 4723.300098341698 45727.197998046875 0.2177734375 1389.5230301490508 9225
170 86.7 6742.330380555255 10052.772692698376 45727.197998046875 0.156005859375 1474.8468265382967 10394
180 79.2 10653.445089937451 11170.356205813088 51751.1318359375 0.155029296875 1880.3976871486068 11261
190 84.4 3272.839918959192 7233.883288724609 57592.118896484375 0.135986328125 2456.8727176811517 12053
200 21.8 3118.18302595506 10719.433257518931 66973.74194335938 0.135986328125 2510.27089693824 12897
210 40.1 16837.011145841436 26197.679422498433 79429.3740234375 0.135986328125 2520.375726837262 13115
220 28.2 3321.2817027856295 13892.366013449213 88801.87280273438 0.135986328125 2945.129411582799 13516
230 14.2 7733.315869828343 21344.07042381005 94245.537109375 0.135986328125 2952.817116041358 13798
240 7.7 15808.563422661326 32718.424954509486 106079.06201171875 0.135986328125 3001.5137317542526 13940
250 5.2 22723.220106858473 40887.39683609547 116785.626953125 0.135986328125 3071.86707599338 14017
260 6.9 29403.75635473279 46454.054632977415 126233.7080078125 0.135986328125 3144.4998400565673 14069
270 9.1 37924.16100940076 54336.09164326169 136692.84887695313 0.135986328125 3272.6571960837746 14138
280 11.8 40156.13985533632 55374.91261889658 142240.42700195313 0.135986328125 3494.267066560396 14229
290 22 24718.239718350495 48607.159282672634 148300.72998046875 0.135986328125 3795.8005571211797 14347
300 14.9 4325.593599255453 22079.661731091353 148300.72998046875 0.135986328125 4111.784398369923 14567
310 4.3 49.338662790697676 142.93060585875668 148300.72998046875 0.135986328125 4113.949223793404 14716
320 0.5 238.546044921875 390.64222849404985 148300.72998046875 0.135986328125 4102.107076349599 14759
330 0.2 29.627685546875 1.24853515625 148300.72998046875 0.135986328125 4100.79863655299 14764
340 0 0 0 148300.72998046875 0.135986328125 4100.24721152915 14766
350 0.1 26.77294921875 0.0 148300.72998046875 0.135986328125 4100.24721152915 14766
360 0 0 0 148300.72998046875 0.135986328125 4099.9713617111565 14767
370 0 0 0 148300.72998046875 0.135986328125 4099.9713617111565 14767
380 0 0 0 148300.72998046875 0.135986328125 4099.9713617111565 14767
390 0 0 0 148300.72998046875 0.135986328125 4099.9713617111565 14767
400 0 0 0 148300.72998046875 0.135986328125 4099.9713617111565 14767
410 0 0 0 148300.72998046875 0.135986328125 4099.9713617111565 14767
420 0 0 0 148300.72998046875 0.135986328125 4099.9713617111565 14767
430 0 0 0 148300.72998046875 0.135986328125 4099.9713617111565 14767
440 0 0 0 148300.72998046875 0.135986328125 4099.9713617111565 14767
450 0 0 0 148300.72998046875 0.135986328125 4099.9713617111565 14767
460 0 0 0 148300.72998046875 0.135986328125 4099.9713617111565 14767
470 0 0 0 148300.72998046875 0.135986328125 4099.9713617111565 14767
480 0 0 0 148300.72998046875 0.135986328125 4099.9713617111565 14767
490 0 0 0 148300.72998046875 0.135986328125 4099.9713617111565 14767
500 0 0 0 148300.72998046875 0.135986328125 4099.9713617111565 14767
510 0 0 0 148300.72998046875 0.135986328125 4099.9713617111565 14767
520 0 0 0 148300.72998046875 0.135986328125 4099.9713617111565 14767
530 0 0 0 148300.72998046875 0.135986328125 4099.9713617111565 14767
540 0 0 0 148300.72998046875 0.135986328125 4099.9713617111565 14767
550 0 0 0 148300.72998046875 0.135986328125 4099.9713617111565 14767
560 0 0 0 148300.72998046875 0.135986328125 4099.9713617111565 14767
570 0 0 0 148300.72998046875 0.135986328125 4099.9713617111565 14767
580 0 0 0 148300.72998046875 0.135986328125 4099.9713617111565 14767
590 0 0 0 148300.72998046875 0.135986328125 4099.9713617111565 14767
600 0 0 0 148300.72998046875 0.135986328125 4099.9713617111565 14767
610 0 0 0 148300.72998046875 0.135986328125 4099.9713617111565 14767
620 0 0 0 148300.72998046875 0.135986328125 4099.9713617111565 14767
630 0 0 0 148300.72998046875 0.135986328125 4099.9713617111565 14767
640 0 0 0 148300.72998046875 0.135986328125 4099.9713617111565 14767
650 0 0 0 148300.72998046875 0.135986328125 4099.9713617111565 14767
660 0 0 0 148300.72998046875 0.135986328125 4099.9713617111565 14767
670 0 0 0 148300.72998046875 0.135986328125 4099.9713617111565 14767
680 0 0 0 148300.72998046875 0.135986328125 4099.9713617111565 14767
690 0 0 0 148300.72998046875 0.135986328125 4099.9713617111565 14767
700 0 0 0 148300.72998046875 0.135986328125 4099.9713617111565 14767
710 0 0 0 148300.72998046875 0.135986328125 4099.9713617111565 14767
720 0 0 0 148300.72998046875 0.135986328125 4099.9713617111565 14767
730 0 0 0 148300.72998046875 0.135986328125 4099.9713617111565 14767
740 0 0 0 148300.72998046875 0.135986328125 4099.9713617111565 14767
750 0 0 0 148300.72998046875 0.135986328125 4099.9713617111565 14767
760 0 0 0 148300.72998046875 0.135986328125 4099.9713617111565 14767
770 0 0 0 148300.72998046875 0.135986328125 4099.9713617111565 14767
780 0 0 0 148300.72998046875 0.135986328125 4099.9713617111565 14767
790 0 0 0 148300.72998046875 0.135986328125 4099.9713617111565 14767
800 0 0 0 148300.72998046875 0.135986328125 4099.9713617111565 14767
810 0 0 0 148300.72998046875 0.135986328125 4099.9713617111565 14767
820 0 0 0 148300.72998046875 0.135986328125 4099.9713617111565 14767
830 0 0 0 148300.72998046875 0.135986328125 4099.9713617111565 14767
840 0 0 0 148300.72998046875 0.135986328125 4099.9713617111565 14767
850 0 0 0 148300.72998046875 0.135986328125 4099.9713617111565 14767
860 0 0 0 148300.72998046875 0.135986328125 4099.9713617111565 14767
870 0 0 0 148300.72998046875 0.135986328125 4099.9713617111565 14767
880 0 0 0 148300.72998046875 0.135986328125 4099.9713617111565 14767
890 0 0 0 148300.72998046875 0.135986328125 4099.9713617111565 14767
900 0 0 0 148300.72998046875 0.135986328125 4099.9713617111565 14767
910 0 0 0 148300.72998046875 0.135986328125 4099.9713617111565 14767
920 0 0 0 148300.72998046875 0.135986328125 4099.9713617111565 14767
930 0 0 0 148300.72998046875 0.135986328125 4099.9713617111565 14767
940 0 0 0 148300.72998046875 0.135986328125 4099.9713617111565 14767
950 0 0 0 148300.72998046875 0.135986328125 4099.9713617111565 14767
960 0 0 0 148300.72998046875 0.135986328125 4099.9713617111565 14767
970 0 0 0 148300.72998046875 0.135986328125 4099.9713617111565 14767
980 0 0 0 148300.72998046875 0.135986328125 4099.9713617111565 14767
990 0 0 0 148300.72998046875 0.135986328125 4099.9713617111565 14767
1000 0 0 0 148300.72998046875 0.135986328125 4099.9713617111565 14767
1010 0 0 0 148300.72998046875 0.135986328125 4099.9713617111565 14767
1020 0 0 0 148300.72998046875 0.135986328125 4099.9713617111565 14767
1030 0 0 0 148300.72998046875 0.135986328125 4099.9713617111565 14767
1040 0 0 0 148300.72998046875 0.135986328125 4099.9713617111565 14767
1050 0 0 0 148300.72998046875 0.135986328125 4099.9713617111565 14767
1060 0 0 0 148300.72998046875 0.135986328125 4099.9713617111565 14767
1070 0 0 0 148300.72998046875 0.135986328125 4099.9713617111565 14767
1080 0 0 0 148300.72998046875 0.135986328125 4099.9713617111565 14767
1090 0 0 0 148300.72998046875 0.135986328125 4099.9713617111565 14767
1100 0 0 0 148300.72998046875 0.135986328125 4099.9713617111565 14767
1110 0 0 0 148300.72998046875 0.135986328125 4099.9713617111565 14767
1120 0 0 0 148300.72998046875 0.135986328125 4099.9713617111565 14767
1130 0 0 0 148300.72998046875 0.135986328125 4099.9713617111565 14767
1140 0 0 0 148300.72998046875 0.135986328125 4099.9713617111565 14767
1150 0 0 0 148300.72998046875 0.135986328125 4099.9713617111565 14767
1160 0 0 0 148300.72998046875 0.135986328125 4099.9713617111565 14767
1170 0 0 0 148300.72998046875 0.135986328125 4099.9713617111565 14767
1180 0 0 0 148300.72998046875 0.135986328125 4099.9713617111565 14767
1190 0 0 0 148300.72998046875 0.135986328125 4099.9713617111565 14767
1200 0 0 0 148300.72998046875 0.135986328125 4099.9713617111565 14767
1210 0 0 0 148300.72998046875 0.135986328125 4099.9713617111565 14767
1220 0 0 0 148300.72998046875 0.135986328125 4099.9713617111565 14767
1230 0 0 0 148300.72998046875 0.135986328125 4099.9713617111565 14767
1240 0 0 0 148300.72998046875 0.135986328125 4099.9713617111565 14767
1250 0 0 0 148300.72998046875 0.135986328125 4099.9713617111565 14767
1260 0 0 0 148300.72998046875 0.135986328125 4099.9713617111565 14767
1270 0 0 0 148300.72998046875 0.135986328125 4099.9713617111565 14767
1280 0 0 0 148300.72998046875 0.135986328125 4099.9713617111565 14767
1290 0 0 0 148300.72998046875 0.135986328125 4099.9713617111565 14767
1300 0 0 0 148300.72998046875 0.135986328125 4099.9713617111565 14767
1310 0 0 0 148300.72998046875 0.135986328125 4099.9713617111565 14767
1320 0 0 0 148300.72998046875 0.135986328125 4099.9713617111565 14767
1330 0 0 0 148300.72998046875 0.135986328125 4099.9713617111565 14767
1340 0 0 0 148300.72998046875 0.135986328125 4099.9713617111565 14767
1350 0 0 0 148300.72998046875 0.135986328125 4099.9713617111565 14767
1360 0 0 0 148300.72998046875 0.135986328125 4099.9713617111565 14767
1370 0 0 0 148300.72998046875 0.135986328125 4099.9713617111565 14767
1380 0 0 0 148300.72998046875 0.135986328125 4099.9713617111565 14767
1390 0 0 0 148300.72998046875 0.135986328125 4099.9713617111565 14767
1400 0 0 0 148300.72998046875 0.135986328125 4099.9713617111565 14767
1410 0 0 0 148300.72998046875 0.135986328125 4099.9713617111565 14767
1420 0 0 0 148300.72998046875 0.135986328125 4099.9713617111565 14767
1430 0 0 0 148300.72998046875 0.135986328125 4099.9713617111565 14767
1440 0 0 0 148300.72998046875 0.135986328125 4099.9713617111565 14767
1450 0 0 0 148300.72998046875 0.135986328125 4099.9713617111565 14767
1460 0 0 0 148300.72998046875 0.135986328125 4099.9713617111565 14767
1470 0 0 0 148300.72998046875 0.135986328125 4099.9713617111565 14767
1480 0 0 0 148300.72998046875 0.135986328125 4099.9713617111565 14767
1490 0 0 0 148300.72998046875 0.135986328125 4099.9713617111565 14767
1500 0 0 0 148300.72998046875 0.135986328125 4099.9713617111565 14767
1510 0 0 0 148300.72998046875 0.135986328125 4099.9713617111565 14767
1520 0 0 0 148300.72998046875 0.135986328125 4099.9713617111565 14767
1530 0 0 0 148300.72998046875 0.135986328125 4099.9713617111565 14767
1540 0 0 0 148300.72998046875 0.135986328125 4099.9713617111565 14767
1550 0 0 0 148300.72998046875 0.135986328125 4099.9713617111565 14767
1560 0 0 0 148300.72998046875 0.135986328125 4099.9713617111565 14767
1570 0 0 0 148300.72998046875 0.135986328125 4099.9713617111565 14767
1580 0 0 0 148300.72998046875 0.135986328125 4099.9713617111565 14767
1590 0 0 0 148300.72998046875 0.135986328125 4099.9713617111565 14767
1600 0 0 0 148300.72998046875 0.135986328125 4099.9713617111565 14767
1610 0 0 0 148300.72998046875 0.135986328125 4099.9713617111565 14767
1620 0 0 0 148300.72998046875 0.135986328125 4099.9713617111565 14767
1630 0 0 0 148300.72998046875 0.135986328125 4099.9713617111565 14767
1640 0 0 0 148300.72998046875 0.135986328125 4099.9713617111565 14767
1650 0 0 0 148300.72998046875 0.135986328125 4099.9713617111565 14767
1660 0 0 0 148300.72998046875 0.135986328125 4099.9713617111565 14767
1670 0 0 0 148300.72998046875 0.135986328125 4099.9713617111565 14767
1680 0 0 0 148300.72998046875 0.135986328125 4099.9713617111565 14767
1690 0 0 0 148300.72998046875 0.135986328125 4099.9713617111565 14767
1700 0 0 0 148300.72998046875 0.135986328125 4099.9713617111565 14767
1710 0 0 0 148300.72998046875 0.135986328125 4099.9713617111565 14767
1720 0 0 0 148300.72998046875 0.135986328125 4099.9713617111565 14767
1730 0 0 0 148300.72998046875 0.135986328125 4099.9713617111565 14767
1740 0 0 0 148300.72998046875 0.135986328125 4099.9713617111565 14767
1750 0 0 0 148300.72998046875 0.135986328125 4099.9713617111565 14767
1760 0 0 0 148300.72998046875 0.135986328125 4099.9713617111565 14767
1770 0 0 0 148300.72998046875 0.135986328125 4099.9713617111565 14767
1780 0 0 0 148300.72998046875 0.135986328125 4099.9713617111565 14767
1790 0 0 0 148300.72998046875 0.135986328125 4099.9713617111565 14767
1800 0 0 0 148300.72998046875 0.135986328125 4099.9713617111565 14767
1810 0 0 0 148300.72998046875 0.135986328125 4099.9713617111565 14767
1820 0 0 0 148300.72998046875 0.135986328125 4099.9713617111565 14767
1830 0 0 0 148300.72998046875 0.135986328125 4099.9713617111565 14767
1840 0 0 0 148300.72998046875 0.135986328125 4099.9713617111565 14767
1850 0 0 0 148300.72998046875 0.135986328125 4099.9713617111565 14767
1860 0 0 0 148300.72998046875 0.135986328125 4099.9713617111565 14767
1870 0 0 0 148300.72998046875 0.135986328125 4099.9713617111565 14767
1880 0 0 0 148300.72998046875 0.135986328125 4099.9713617111565 14767
1890 0 0 0 148300.72998046875 0.135986328125 4099.9713617111565 14767
1900 0 0 0 148300.72998046875 0.135986328125 4099.9713617111565 14767
1910 0 0 0 148300.72998046875 0.135986328125 4099.9713617111565 14767
1920 0 0 0 148300.72998046875 0.135986328125 4099.9713617111565 14767
1930 0 0 0 148300.72998046875 0.135986328125 4099.9713617111565 14767
1940 0 0 0 148300.72998046875 0.135986328125 4099.9713617111565 14767
1950 0 0 0 148300.72998046875 0.135986328125 4099.9713617111565 14767
1960 0 0 0 148300.72998046875 0.135986328125 4099.9713617111565 14767
1970 0 0 0 148300.72998046875 0.135986328125 4099.9713617111565 14767
1980 0 0 0 148300.72998046875 0.135986328125 4099.9713617111565 14767
1990 0 0 0 148300.72998046875 0.135986328125 4099.9713617111565 14767
2000 0 0 0 148300.72998046875 0.135986328125 4099.9713617111565 14767
2010 0 0 0 148300.72998046875 0.135986328125 4099.9713617111565 14767
2020 0 0 0 148300.72998046875 0.135986328125 4099.9713617111565 14767
2030 0 0 0 148300.72998046875 0.135986328125 4099.9713617111565 14767
2040 0 0 0 148300.72998046875 0.135986328125 4099.9713617111565 14767
2050 0 0 0 148300.72998046875 0.135986328125 4099.9713617111565 14767
2060 0 0 0 148300.72998046875 0.135986328125 4099.9713617111565 14767
2070 0 0 0 148300.72998046875 0.135986328125 4099.9713617111565 14767
2080 0 0 0 148300.72998046875 0.135986328125 4099.9713617111565 14767
2090 0 0 0 148300.72998046875 0.135986328125 4099.9713617111565 14767
2100 0 0 0 148300.72998046875 0.135986328125 4099.9713617111565 14767
2110 0 0 0 148300.72998046875 0.135986328125 4099.9713617111565 14767
2120 0 0 0 148300.72998046875 0.135986328125 4099.9713617111565 14767
2130 0 0 0 148300.72998046875 0.135986328125 4099.9713617111565 14767
2140 0 0 0 148300.72998046875 0.135986328125 4099.9713617111565 14767
2150 0 0 0 148300.72998046875 0.135986328125 4099.9713617111565 14767
2160 0 0 0 148300.72998046875 0.135986328125 4099.9713617111565 14767
2170 0 0 0 148300.72998046875 0.135986328125 4099.9713617111565 14767
2180 0 0 0 148300.72998046875 0.135986328125 4099.9713617111565 14767
2190 0 0 0 148300.72998046875 0.135986328125 4099.9713617111565 14767
2200 0 0 0 148300.72998046875 0.135986328125 4099.9713617111565 14767
2210 0 0 0 148300.72998046875 0.135986328125 4099.9713617111565 14767
2220 0 0 0 148300.72998046875 0.135986328125 4099.9713617111565 14767
2230 0 0 0 148300.72998046875 0.135986328125 4099.9713617111565 14767
2240 0 0 0 148300.72998046875 0.135986328125 4099.9713617111565 14767
2250 0 0 0 148300.72998046875 0.135986328125 4099.9713617111565 14767
2260 0 0 0 148300.72998046875 0.135986328125 4099.9713617111565 14767
2270 0 0 0 148300.72998046875 0.135986328125 4099.9713617111565 14767
2280 0 0 0 148300.72998046875 0.135986328125 4099.9713617111565 14767
2290 0 0 0 148300.72998046875 0.135986328125 4099.9713617111565 14767
2300 0 0 0 148300.72998046875 0.135986328125 4099.9713617111565 14767
2310 0 0 0 148300.72998046875 0.135986328125 4099.9713617111565 14767
2320 0 0 0 148300.72998046875 0.135986328125 4099.9713617111565 14767
2330 0 0 0 148300.72998046875 0.135986328125 4099.9713617111565 14767
2340 0 0 0 148300.72998046875 0.135986328125 4099.9713617111565 14767
2350 0 0 0 148300.72998046875 0.135986328125 4099.9713617111565 14767
2360 0 0 0 148300.72998046875 0.135986328125 4099.9713617111565 14767
2370 0 0 0 148300.72998046875 0.135986328125 4099.9713617111565 14767
2380 0 0 0 148300.72998046875 0.135986328125 4099.9713617111565 14767
2390 0 0 0 148300.72998046875 0.135986328125 4099.9713617111565 14767
2400 0 0 0 148300.72998046875 0.135986328125 4099.9713617111565 14767
2410 0 0 0 148300.72998046875 0.135986328125 4099.9713617111565 14767
2420 0 0 0 148300.72998046875 0.135986328125 4099.9713617111565 14767
2430 0 0 0 148300.72998046875 0.135986328125 4099.9713617111565 14767
2440 0 0 0 148300.72998046875 0.135986328125 4099.9713617111565 14767
2450 0 0 0 148300.72998046875 0.135986328125 4099.9713617111565 14767
2460 0 0 0 148300.72998046875 0.135986328125 4099.9713617111565 14767
2470 0 0 0 148300.72998046875 0.135986328125 4099.9713617111565 14767
2480 0 0 0 148300.72998046875 0.135986328125 4099.9713617111565 14767
2490 0 0 0 148300.72998046875 0.135986328125 4099.9713617111565 14767
2500 0 0 0 148300.72998046875 0.135986328125 4099.9713617111565 14767
2510 0 0 0 148300.72998046875 0.135986328125 4099.9713617111565 14767
2520 0 0 0 148300.72998046875 0.135986328125 4099.9713617111565 14767
2530 0 0 0 148300.72998046875 0.135986328125 4099.9713617111565 14767
2540 0 0 0 148300.72998046875 0.135986328125 4099.9713617111565 14767
2550 0 0 0 148300.72998046875 0.135986328125 4099.9713617111565 14767
2560 0 0 0 148300.72998046875 0.135986328125 4099.9713617111565 14767
2570 0 0 0 148300.72998046875 0.135986328125 4099.9713617111565 14767
2580 0 0 0 148300.72998046875 0.135986328125 4099.9713617111565 14767
2590 0 0 0 148300.72998046875 0.135986328125 4099.9713617111565 14767
2600 0 0 0 148300.72998046875 0.135986328125 4099.9713617111565 14767
2610 0 0 0 148300.72998046875 0.135986328125 4099.9713617111565 14767
2620 0 0 0 148300.72998046875 0.135986328125 4099.9713617111565 14767
2630 0 0 0 148300.72998046875 0.135986328125 4099.9713617111565 14767
2640 0 0 0 148300.72998046875 0.135986328125 4099.9713617111565 14767
2650 0 0 0 148300.72998046875 0.135986328125 4099.9713617111565 14767
2660 0 0 0 148300.72998046875 0.135986328125 4099.9713617111565 14767
2670 0 0 0 148300.72998046875 0.135986328125 4099.9713617111565 14767
2680 0 0 0 148300.72998046875 0.135986328125 4099.9713617111565 14767
2690 0 0 0 148300.72998046875 0.135986328125 4099.9713617111565 14767
2700 0 0 0 148300.72998046875 0.135986328125 4099.9713617111565 14767
2710 0 0 0 148300.72998046875 0.135986328125 4099.9713617111565 14767
2720 0 0 0 148300.72998046875 0.135986328125 4099.9713617111565 14767
2730 0 0 0 148300.72998046875 0.135986328125 4099.9713617111565 14767
2740 0 0 0 148300.72998046875 0.135986328125 4099.9713617111565 14767
2750 0 0 0 148300.72998046875 0.135986328125 4099.9713617111565 14767
2760 0 0 0 148300.72998046875 0.135986328125 4099.9713617111565 14767
2770 0 0 0 148300.72998046875 0.135986328125 4099.9713617111565 14767
2780 0 0 0 148300.72998046875 0.135986328125 4099.9713617111565 14767
2790 0 0 0 148300.72998046875 0.135986328125 4099.9713617111565 14767
2800 0 0 0 148300.72998046875 0.135986328125 4099.9713617111565 14767
2810 0 0 0 148300.72998046875 0.135986328125 4099.9713617111565 14767
2820 0 0 0 148300.72998046875 0.135986328125 4099.9713617111565 14767
2830 0 0 0 148300.72998046875 0.135986328125 4099.9713617111565 14767
2840 0 0 0 148300.72998046875 0.135986328125 4099.9713617111565 14767
2850 0 0 0 148300.72998046875 0.135986328125 4099.9713617111565 14767
2860 0 0 0 148300.72998046875 0.135986328125 4099.9713617111565 14767
2870 0 0 0 148300.72998046875 0.135986328125 4099.9713617111565 14767
2880 0 0 0 148300.72998046875 0.135986328125 4099.9713617111565 14767
2890 0 0 0 148300.72998046875 0.135986328125 4099.9713617111565 14767
2900 0 0 0 148300.72998046875 0.135986328125 4099.9713617111565 14767
2910 0 0 0 148300.72998046875 0.135986328125 4099.9713617111565 14767
2920 0 0 0 148300.72998046875 0.135986328125 4099.9713617111565 14767
2930 0 0 0 148300.72998046875 0.135986328125 4099.9713617111565 14767
2940 0 0 0 148300.72998046875 0.135986328125 4099.9713617111565 14767
2950 0 0 0 148300.72998046875 0.135986328125 4099.9713617111565 14767
2960 0 0 0 148300.72998046875 0.135986328125 4099.9713617111565 14767
2970 0 0 0 148300.72998046875 0.135986328125 4099.9713617111565 14767
2980 0 0 0 148300.72998046875 0.135986328125 4099.9713617111565 14767
2990 0 0 0 148300.72998046875 0.135986328125 4099.9713617111565 14767
3000 0 0 0 148300.72998046875 0.135986328125 4099.9713617111565 14767
3010 0 0 0 148300.72998046875 0.135986328125 4099.9713617111565 14767
3020 0 0 0 148300.72998046875 0.135986328125 4099.9713617111565 14767
3030 0 0 0 148300.72998046875 0.135986328125 4099.9713617111565 14767
3040 0 0 0 148300.72998046875 0.135986328125 4099.9713617111565 14767
3050 0 0 0 148300.72998046875 0.135986328125 4099.9713617111565 14767
3060 0 0 0 148300.72998046875 0.135986328125 4099.9713617111565 14767
3070 0 0 0 148300.72998046875 0.135986328125 4099.9713617111565 14767
3080 0 0 0 148300.72998046875 0.135986328125 4099.9713617111565 14767
3090 0 0 0 148300.72998046875 0.135986328125 4099.9713617111565 14767
3100 0 0 0 148300.72998046875 0.135986328125 4099.9713617111565 14767
3110 0 0 0 148300.72998046875 0.135986328125 4099.9713617111565 14767
3120 0 0 0 148300.72998046875 0.135986328125 4099.9713617111565 14767
3130 0 0 0 148300.72998046875 0.135986328125 4099.9713617111565 14767
3140 0 0 0 148300.72998046875 0.135986328125 4099.9713617111565 14767
3150 0 0 0 148300.72998046875 0.135986328125 4099.9713617111565 14767
3160 0 0 0 148300.72998046875 0.135986328125 4099.9713617111565 14767
3170 0 0 0 148300.72998046875 0.135986328125 4099.9713617111565 14767
3180 0 0 0 148300.72998046875 0.135986328125 4099.9713617111565 14767
3190 0 0 0 148300.72998046875 0.135986328125 4099.9713617111565 14767
3200 0 0 0 148300.72998046875 0.135986328125 4099.9713617111565 14767
3210 0 0 0 148300.72998046875 0.135986328125 4099.9713617111565 14767
3220 0 0 0 148300.72998046875 0.135986328125 4099.9713617111565 14767
3230 0 0 0 148300.72998046875 0.135986328125 4099.9713617111565 14767
3240 0 0 0 148300.72998046875 0.135986328125 4099.9713617111565 14767
3250 0 0 0 148300.72998046875 0.135986328125 4099.9713617111565 14767
3260 0 0 0 148300.72998046875 0.135986328125 4099.9713617111565 14767
3270 0 0 0 148300.72998046875 0.135986328125 4099.9713617111565 14767
3280 0 0 0 148300.72998046875 0.135986328125 4099.9713617111565 14767
3290 0 0 0 148300.72998046875 0.135986328125 4099.9713617111565 14767
3300 0 0 0 148300.72998046875 0.135986328125 4099.9713617111565 14767
3310 0 0 0 148300.72998046875 0.135986328125 4099.9713617111565 14767
3320 0 0 0 148300.72998046875 0.135986328125 4099.9713617111565 14767
3330 0 0 0 148300.72998046875 0.135986328125 4099.9713617111565 14767
3340 0 0 0 148300.72998046875 0.135986328125 4099.9713617111565 14767
3350 0 0 0 148300.72998046875 0.135986328125 4099.9713617111565 14767
3360 0 0 0 148300.72998046875 0.135986328125 4099.9713617111565 14767
3370 0 0 0 148300.72998046875 0.135986328125 4099.9713617111565 14767
3380 0 0 0 148300.72998046875 0.135986328125 4099.9713617111565 14767
3390 0 0 0 148300.72998046875 0.135986328125 4099.9713617111565 14767
3400 0 0 0 148300.72998046875 0.135986328125 4099.9713617111565 14767
3410 0 0 0 148300.72998046875 0.135986328125 4099.9713617111565 14767
3420 0 0 0 148300.72998046875 0.135986328125 4099.9713617111565 14767
3430 0 0 0 148300.72998046875 0.135986328125 4099.9713617111565 14767
3440 0 0 0 148300.72998046875 0.135986328125 4099.9713617111565 14767
3450 0 0 0 148300.72998046875 0.135986328125 4099.9713617111565 14767
3460 0 0 0 148300.72998046875 0.135986328125 4099.9713617111565 14767
3470 0 0 0 148300.72998046875 0.135986328125 4099.9713617111565 14767
3480 0 0 0 148300.72998046875 0.135986328125 4099.9713617111565 14767
3490 0 0 0 148300.72998046875 0.135986328125 4099.9713617111565 14767
3500 0 0 0 148300.72998046875 0.135986328125 4099.9713617111565 14767
3510 0 0 0 148300.72998046875 0.135986328125 4099.9713617111565 14767
3520 0 0 0 148300.72998046875 0.135986328125 4099.9713617111565 14767
3530 0 0 0 148300.72998046875 0.135986328125 4099.9713617111565 14767
3540 0 0 0 148300.72998046875 0.135986328125 4099.9713617111565 14767
3550 0 0 0 148300.72998046875 0.135986328125 4099.9713617111565 14767
3560 0 0 0 148300.72998046875 0.135986328125 4099.9713617111565 14767
3570 0 0 0 148300.72998046875 0.135986328125 4099.9713617111565 14767
3580 0 0 0 148300.72998046875 0.135986328125 4099.9713617111565 14767
3590 0 0 0 148300.72998046875 0.135986328125 4099.9713617111565 14767
3600 0 0 0 148300.72998046875 0.135986328125 4099.9713617111565 14767
3610 0 0 0 148300.72998046875 0.135986328125 4099.9713617111565 14767
3620 0 0 0 148300.72998046875 0.135986328125 4099.9713617111565 14767
3630 0 0 0 148300.72998046875 0.135986328125 4099.9713617111565 14767
3640 0 0 0 148300.72998046875 0.135986328125 4099.9713617111565 14767
3650 0 0 0 148300.72998046875 0.135986328125 4099.9713617111565 14767
3660 0 0 0 148300.72998046875 0.135986328125 4099.9713617111565 14767
3670 0 0 0 148300.72998046875 0.135986328125 4099.9713617111565 14767
3680 0 0 0 148300.72998046875 0.135986328125 4099.9713617111565 14767
3690 0 0 0 148300.72998046875 0.135986328125 4099.9713617111565 14767
3700 0 0 0 148300.72998046875 0.135986328125 4099.9713617111565 14767
3710 0 0 0 148300.72998046875 0.135986328125 4099.9713617111565 14767
3720 0 0 0 148300.72998046875 0.135986328125 4099.9713617111565 14767
3730 0 0 0 148300.72998046875 0.135986328125 4099.9713617111565 14767
3740 0 0 0 148300.72998046875 0.135986328125 4099.9713617111565 14767
3750 0 0 0 148300.72998046875 0.135986328125 4099.9713617111565 14767
3760 0 0 0 148300.72998046875 0.135986328125 4099.9713617111565 14767
3770 0 0 0 148300.72998046875 0.135986328125 4099.9713617111565 14767
3780 0 0 0 148300.72998046875 0.135986328125 4099.9713617111565 14767
3790 0 0 0 148300.72998046875 0.135986328125 4099.9713617111565 14767
3800 0 0 0 148300.72998046875 0.135986328125 4099.9713617111565 14767
3810 0 0 0 148300.72998046875 0.135986328125 4099.9713617111565 14767
3820 0 0 0 148300.72998046875 0.135986328125 4099.9713617111565 14767
3830 0 0 0 148300.72998046875 0.135986328125 4099.9713617111565 14767
3840 0 0 0 148300.72998046875 0.135986328125 4099.9713617111565 14767
3850 0 0 0 148300.72998046875 0.135986328125 4099.9713617111565 14767
3860 0 0 0 148300.72998046875 0.135986328125 4099.9713617111565 14767
3870 0 0 0 148300.72998046875 0.135986328125 4099.9713617111565 14767
3880 0 0 0 148300.72998046875 0.135986328125 4099.9713617111565 14767
3890 0 0 0 148300.72998046875 0.135986328125 4099.9713617111565 14767
3900 0 0 0 148300.72998046875 0.135986328125 4099.9713617111565 14767
3910 0 0 0 148300.72998046875 0.135986328125 4099.9713617111565 14767
3920 0 0 0 148300.72998046875 0.135986328125 4099.9713617111565 14767
3930 0 0 0 148300.72998046875 0.135986328125 4099.9713617111565 14767
3940 0 0 0 148300.72998046875 0.135986328125 4099.9713617111565 14767
3950 0 0 0 148300.72998046875 0.135986328125 4099.9713617111565 14767
3960 0 0 0 148300.72998046875 0.135986328125 4099.9713617111565 14767
3970 0 0 0 148300.72998046875 0.135986328125 4099.9713617111565 14767
3980 0 0 0 148300.72998046875 0.135986328125 4099.9713617111565 14767
3990 0 0 0 148300.72998046875 0.135986328125 4099.9713617111565 14767
4000 0 0 0 148300.72998046875 0.135986328125 4099.9713617111565 14767
4010 0 0 0 148300.72998046875 0.135986328125 4099.9713617111565 14767
4020 0 0 0 148300.72998046875 0.135986328125 4099.9713617111565 14767
4030 0 0 0 148300.72998046875 0.135986328125 4099.9713617111565 14767
4040 0 0 0 148300.72998046875 0.135986328125 4099.9713617111565 14767
4050 0 0 0 148300.72998046875 0.135986328125 4099.9713617111565 14767
4060 0 0 0 148300.72998046875 0.135986328125 4099.9713617111565 14767
4070 0 0 0 148300.72998046875 0.135986328125 4099.9713617111565 14767
4080 0 0 0 148300.72998046875 0.135986328125 4099.9713617111565 14767
4090 0 0 0 148300.72998046875 0.135986328125 4099.9713617111565 14767
4100 0 0 0 148300.72998046875 0.135986328125 4099.9713617111565 14767
4110 0 0 0 148300.72998046875 0.135986328125 4099.9713617111565 14767
4120 0 0 0 148300.72998046875 0.135986328125 4099.9713617111565 14767
4130 0 0 0 148300.72998046875 0.135986328125 4099.9713617111565 14767
4140 0 0 0 148300.72998046875 0.135986328125 4099.9713617111565 14767
4150 0 0 0 148300.72998046875 0.135986328125 4099.9713617111565 14767
4160 0 0 0 148300.72998046875 0.135986328125 4099.9713617111565 14767
4170 0 0 0 148300.72998046875 0.135986328125 4099.9713617111565 14767
4180 0 0 0 148300.72998046875 0.135986328125 4099.9713617111565 14767
4190 0 0 0 148300.72998046875 0.135986328125 4099.9713617111565 14767
4200 0 0 0 148300.72998046875 0.135986328125 4099.9713617111565 14767
4210 0 0 0 148300.72998046875 0.135986328125 4099.9713617111565 14767
4220 0 0 0 148300.72998046875 0.135986328125 4099.9713617111565 14767
4230 0 0 0 148300.72998046875 0.135986328125 4099.9713617111565 14767
4240 0 0 0 148300.72998046875 0.135986328125 4099.9713617111565 14767
4250 0 0 0 148300.72998046875 0.135986328125 4099.9713617111565 14767
4260 0 0 0 148300.72998046875 0.135986328125 4099.9713617111565 14767
4270 0 0 0 148300.72998046875 0.135986328125 4099.9713617111565 14767
4280 0 0 0 148300.72998046875 0.135986328125 4099.9713617111565 14767
4290 0 0 0 148300.72998046875 0.135986328125 4099.9713617111565 14767
4300 0 0 0 148300.72998046875 0.135986328125 4099.9713617111565 14767
4310 0 0 0 148300.72998046875 0.135986328125 4099.9713617111565 14767
4320 0 0 0 148300.72998046875 0.135986328125 4099.9713617111565 14767
4330 0 0 0 148300.72998046875 0.135986328125 4099.9713617111565 14767
4340 0 0 0 148300.72998046875 0.135986328125 4099.9713617111565 14767
4350 0 0 0 148300.72998046875 0.135986328125 4099.9713617111565 14767
4360 0 0 0 148300.72998046875 0.135986328125 4099.9713617111565 14767
4370 0 0 0 148300.72998046875 0.135986328125 4099.9713617111565 14767
4380 0 0 0 148300.72998046875 0.135986328125 4099.9713617111565 14767
4390 0 0 0 148300.72998046875 0.135986328125 4099.9713617111565 14767
4400 0 0 0 148300.72998046875 0.135986328125 4099.9713617111565 14767
4410 0 0 0 148300.72998046875 0.135986328125 4099.9713617111565 14767
4420 0 0 0 148300.72998046875 0.135986328125 4099.9713617111565 14767
4430 0 0 0 148300.72998046875 0.135986328125 4099.9713617111565 14767
4440 0 0 0 148300.72998046875 0.135986328125 4099.9713617111565 14767
4450 0 0 0 148300.72998046875 0.135986328125 4099.9713617111565 14767
4460 0 0 0 148300.72998046875 0.135986328125 4099.9713617111565 14767
4470 0 0 0 148300.72998046875 0.135986328125 4099.9713617111565 14767
4480 0 0 0 148300.72998046875 0.135986328125 4099.9713617111565 14767
4490 0 0 0 148300.72998046875 0.135986328125 4099.9713617111565 14767
4500 0 0 0 148300.72998046875 0.135986328125 4099.9713617111565 14767
4510 0 0 0 148300.72998046875 0.135986328125 4099.9713617111565 14767
4520 0 0 0 148300.72998046875 0.135986328125 4099.9713617111565 14767
4530 0 0 0 148300.72998046875 0.135986328125 4099.9713617111565 14767
4540 0 0 0 148300.72998046875 0.135986328125 4099.9713617111565 14767
4550 0 0 0 148300.72998046875 0.135986328125 4099.9713617111565 14767
4560 0 0 0 148300.72998046875 0.135986328125 4099.9713617111565 14767
4570 0 0 0 148300.72998046875 0.135986328125 4099.9713617111565 14767
4580 0 0 0 148300.72998046875 0.135986328125 4099.9713617111565 14767
4590 0 0 0 148300.72998046875 0.135986328125 4099.9713617111565 14767
4600 0 0 0 148300.72998046875 0.135986328125 4099.9713617111565 14767
4610 0 0 0 148300.72998046875 0.135986328125 4099.9713617111565 14767
4620 0 0 0 148300.72998046875 0.135986328125 4099.9713617111565 14767
4630 0 0 0 148300.72998046875 0.135986328125 4099.9713617111565 14767
4640 0 0 0 148300.72998046875 0.135986328125 4099.9713617111565 14767
4650 0 0 0 148300.72998046875 0.135986328125 4099.9713617111565 14767
4660 0 0 0 148300.72998046875 0.135986328125 4099.9713617111565 14767
4670 0 0 0 148300.72998046875 0.135986328125 4099.9713617111565 14767
4680 0 0 0 148300.72998046875 0.135986328125 4099.9713617111565 14767
4690 0 0 0 148300.72998046875 0.135986328125 4099.9713617111565 14767
4700 0 0 0 148300.72998046875 0.135986328125 4099.9713617111565 14767
4710 0 0 0 148300.72998046875 0.135986328125 4099.9713617111565 14767
4720 0 0 0 148300.72998046875 0.135986328125 4099.9713617111565 14767
4730 0 0 0 148300.72998046875 0.135986328125 4099.9713617111565 14767
4740 0 0 0 148300.72998046875 0.135986328125 4099.9713617111565 14767
4750 0 0 0 148300.72998046875 0.135986328125 4099.9713617111565 14767
4760 0 0 0 148300.72998046875 0.135986328125 4099.9713617111565 14767
4770 0 0 0 148300.72998046875 0.135986328125 4099.9713617111565 14767
4780 0 0 0 148300.72998046875 0.135986328125 4099.9713617111565 14767
4790 0 0 0 148300.72998046875 0.135986328125 4099.9713617111565 14767
4800 0 0 0 148300.72998046875 0.135986328125 4099.9713617111565 14767
4810 0 0 0 148300.72998046875 0.135986328125 4099.9713617111565 14767
4820 0 0 0 148300.72998046875 0.135986328125 4099.9713617111565 14767
4830 0 0 0 148300.72998046875 0.135986328125 4099.9713617111565 14767
4840 0 0 0 148300.72998046875 0.135986328125 4099.9713617111565 14767
4850 0 0 0 148300.72998046875 0.135986328125 4099.9713617111565 14767
4860 0 0 0 148300.72998046875 0.135986328125 4099.9713617111565 14767
4870 0 0 0 148300.72998046875 0.135986328125 4099.9713617111565 14767
4880 0 0 0 148300.72998046875 0.135986328125 4099.9713617111565 14767
4890 0 0 0 148300.72998046875 0.135986328125 4099.9713617111565 14767
4900 0 0 0 148300.72998046875 0.135986328125 4099.9713617111565 14767
4910 0 0 0 148300.72998046875 0.135986328125 4099.9713617111565 14767
4920 0 0 0 148300.72998046875 0.135986328125 4099.9713617111565 14767
4930 0 0 0 148300.72998046875 0.135986328125 4099.9713617111565 14767
4940 0 0 0 148300.72998046875 0.135986328125 4099.9713617111565 14767
4950 0 0 0 148300.72998046875 0.135986328125 4099.9713617111565 14767
4960 0 0 0 148300.72998046875 0.135986328125 4099.9713617111565 14767
4970 0 0 0 148300.72998046875 0.135986328125 4099.9713617111565 14767
4980 0 0 0 148300.72998046875 0.135986328125 4099.9713617111565 14767
4990 0 0 0 148300.72998046875 0.135986328125 4099.9713617111565 14767
5000 0 0 0 148300.72998046875 0.135986328125 4099.9713617111565 14767
5010 0 0 0 148300.72998046875 0.135986328125 4099.9713617111565 14767
5020 0 0 0 148300.72998046875 0.135986328125 4099.9713617111565 14767
5030 0 0 0 148300.72998046875 0.135986328125 4099.9713617111565 14767
5040 0 0 0 148300.72998046875 0.135986328125 4099.9713617111565 14767
5050 0 0 0 148300.72998046875 0.135986328125 4099.9713617111565 14767
5060 0 0 0 148300.72998046875 0.135986328125 4099.9713617111565 14767
5070 0 0 0 148300.72998046875 0.135986328125 4099.9713617111565 14767
5080 0 0 0 148300.72998046875 0.135986328125 4099.9713617111565 14767
5090 0 0 0 148300.72998046875 0.135986328125 4099.9713617111565 14767
5100 0 0 0 148300.72998046875 0.135986328125 4099.9713617111565 14767
5110 0 0 0 148300.72998046875 0.135986328125 4099.9713617111565 14767
5120 0 0 0 148300.72998046875 0.135986328125 4099.9713617111565 14767
5130 0 0 0 148300.72998046875 0.135986328125 4099.9713617111565 14767
5140 0 0 0 148300.72998046875 0.135986328125 4099.9713617111565 14767
5150 0 0 0 148300.72998046875 0.135986328125 4099.9713617111565 14767
5160 0 0 0 148300.72998046875 0.135986328125 4099.9713617111565 14767
5170 0 0 0 148300.72998046875 0.135986328125 4099.9713617111565 14767
5180 0 0 0 148300.72998046875 0.135986328125 4099.9713617111565 14767
5190 0 0 0 148300.72998046875 0.135986328125 4099.9713617111565 14767
5200 0 0 0 148300.72998046875 0.135986328125 4099.9713617111565 14767
5210 0 0 0 148300.72998046875 0.135986328125 4099.9713617111565 14767
5220 0 0 0 148300.72998046875 0.135986328125 4099.9713617111565 14767
5230 0 0 0 148300.72998046875 0.135986328125 4099.9713617111565 14767
5240 0 0 0 148300.72998046875 0.135986328125 4099.9713617111565 14767
5250 0 0 0 148300.72998046875 0.135986328125 4099.9713617111565 14767
5260 0 0 0 148300.72998046875 0.135986328125 4099.9713617111565 14767
5270 0 0 0 148300.72998046875 0.135986328125 4099.9713617111565 14767
5280 0 0 0 148300.72998046875 0.135986328125 4099.9713617111565 14767
5290 0 0 0 148300.72998046875 0.135986328125 4099.9713617111565 14767
5300 0 0 0 148300.72998046875 0.135986328125 4099.9713617111565 14767
5310 0 0 0 148300.72998046875 0.135986328125 4099.9713617111565 14767
5320 0 0 0 148300.72998046875 0.135986328125 4099.9713617111565 14767
5330 0 0 0 148300.72998046875 0.135986328125 4099.9713617111565 14767
5340 0 0 0 148300.72998046875 0.135986328125 4099.9713617111565 14767
5350 0 0 0 148300.72998046875 0.135986328125 4099.9713617111565 14767
5360 0 0 0 148300.72998046875 0.135986328125 4099.9713617111565 14767
5370 0 0 0 148300.72998046875 0.135986328125 4099.9713617111565 14767
5380 0 0 0 148300.72998046875 0.135986328125 4099.9713617111565 14767
5390 0 0 0 148300.72998046875 0.135986328125 4099.9713617111565 14767
5400 0 0 0 148300.72998046875 0.135986328125 4099.9713617111565 14767
5410 0 0 0 148300.72998046875 0.135986328125 4099.9713617111565 14767
5420 0 0 0 148300.72998046875 0.135986328125 4099.9713617111565 14767
5430 0 0 0 148300.72998046875 0.135986328125 4099.9713617111565 14767
5440 0 0 0 148300.72998046875 0.135986328125 4099.9713617111565 14767
5450 0 0 0 148300.72998046875 0.135986328125 4099.9713617111565 14767
5460 0 0 0 148300.72998046875 0.135986328125 4099.9713617111565 14767
5470 0 0 0 148300.72998046875 0.135986328125 4099.9713617111565 14767
5480 0 0 0 148300.72998046875 0.135986328125 4099.9713617111565 14767
5490 0 0 0 148300.72998046875 0.135986328125 4099.9713617111565 14767
5500 0 0 0 148300.72998046875 0.135986328125 4099.9713617111565 14767
5510 0 0 0 148300.72998046875 0.135986328125 4099.9713617111565 14767
5520 0 0 0 148300.72998046875 0.135986328125 4099.9713617111565 14767
5530 0 0 0 148300.72998046875 0.135986328125 4099.9713617111565 14767
5540 0 0 0 148300.72998046875 0.135986328125 4099.9713617111565 14767
5550 0 0 0 148300.72998046875 0.135986328125 4099.9713617111565 14767
5560 0 0 0 148300.72998046875 0.135986328125 4099.9713617111565 14767
5570 0 0 0 148300.72998046875 0.135986328125 4099.9713617111565 14767
5580 0 0 0 148300.72998046875 0.135986328125 4099.9713617111565 14767
5590 0 0 0 148300.72998046875 0.135986328125 4099.9713617111565 14767
5600 0 0 0 148300.72998046875 0.135986328125 4099.9713617111565 14767
5610 0 0 0 148300.72998046875 0.135986328125 4099.9713617111565 14767
5620 0 0 0 148300.72998046875 0.135986328125 4099.9713617111565 14767
5630 0 0 0 148300.72998046875 0.135986328125 4099.9713617111565 14767
5640 0 0 0 148300.72998046875 0.135986328125 4099.9713617111565 14767
5650 0 0 0 148300.72998046875 0.135986328125 4099.9713617111565 14767
5660 0 0 0 148300.72998046875 0.135986328125 4099.9713617111565 14767
5670 0 0 0 148300.72998046875 0.135986328125 4099.9713617111565 14767
5680 0 0 0 148300.72998046875 0.135986328125 4099.9713617111565 14767
5690 0 0 0 148300.72998046875 0.135986328125 4099.9713617111565 14767
5700 0 0 0 148300.72998046875 0.135986328125 4099.9713617111565 14767
5710 0 0 0 148300.72998046875 0.135986328125 4099.9713617111565 14767
5720 0 0 0 148300.72998046875 0.135986328125 4099.9713617111565 14767
5730 0 0 0 148300.72998046875 0.135986328125 4099.9713617111565 14767
5740 0 0 0 148300.72998046875 0.135986328125 4099.9713617111565 14767
5750 0 0 0 148300.72998046875 0.135986328125 4099.9713617111565 14767
5760 0 0 0 148300.72998046875 0.135986328125 4099.9713617111565 14767
5770 0 0 0 148300.72998046875 0.135986328125 4099.9713617111565 14767
5780 0 0 0 148300.72998046875 0.135986328125 4099.9713617111565 14767
5790 0 0 0 148300.72998046875 0.135986328125 4099.9713617111565 14767
5800 0 0 0 148300.72998046875 0.135986328125 4099.9713617111565 14767
5810 0 0 0 148300.72998046875 0.135986328125 4099.9713617111565 14767
5820 0 0 0 148300.72998046875 0.135986328125 4099.9713617111565 14767
5830 0 0 0 148300.72998046875 0.135986328125 4099.9713617111565 14767
5840 0 0 0 148300.72998046875 0.135986328125 4099.9713617111565 14767
5850 0 0 0 148300.72998046875 0.135986328125 4099.9713617111565 14767
5860 0 0 0 148300.72998046875 0.135986328125 4099.9713617111565 14767
5870 0 0 0 148300.72998046875 0.135986328125 4099.9713617111565 14767
5880 0 0 0 148300.72998046875 0.135986328125 4099.9713617111565 14767
5890 0 0 0 148300.72998046875 0.135986328125 4099.9713617111565 14767
5900 0 0 0 148300.72998046875 0.135986328125 4099.9713617111565 14767
5910 0 0 0 148300.72998046875 0.135986328125 4099.9713617111565 14767
5920 0 0 0 148300.72998046875 0.135986328125 4099.9713617111565 14767
5930 0 0 0 148300.72998046875 0.135986328125 4099.9713617111565 14767
5940 0 0 0 148300.72998046875 0.135986328125 4099.9713617111565 14767
5950 0 0 0 148300.72998046875 0.135986328125 4099.9713617111565 14767
5960 0 0 0 148300.72998046875 0.135986328125 4099.9713617111565 14767
5970 0 0 0 148300.72998046875 0.135986328125 4099.9713617111565 14767
5980 0 0 0 148300.72998046875 0.135986328125 4099.9713617111565 14767
5990 0 0 0 148300.72998046875 0.135986328125 4099.9713617111565 14767
6000 0 0 0 148300.72998046875 0.135986328125 4099.9713617111565 14767
6010 0 0 0 148300.72998046875 0.135986328125 4099.9713617111565 14767
6020 0 0 0 148300.72998046875 0.135986328125 4099.9713617111565 14767
6030 0 0 0 148300.72998046875 0.135986328125 4099.9713617111565 14767
6040 0 0 0 148300.72998046875 0.135986328125 4099.9713617111565 14767
6050 0 0 0 148300.72998046875 0.135986328125 4099.9713617111565 14767
6060 0 0 0 148300.72998046875 0.135986328125 4099.9713617111565 14767
6070 0 0 0 148300.72998046875 0.135986328125 4099.9713617111565 14767
6080 0 0 0 148300.72998046875 0.135986328125 4099.9713617111565 14767
6090 0 0 0 148300.72998046875 0.135986328125 4099.9713617111565 14767
6100 0 0 0 148300.72998046875 0.135986328125 4099.9713617111565 14767
6110 0 0 0 148300.72998046875 0.135986328125 4099.9713617111565 14767
6120 0 0 0 148300.72998046875 0.135986328125 4099.9713617111565 14767
6130 0 0 0 148300.72998046875 0.135986328125 4099.9713617111565 14767
6140 0 0 0 148300.72998046875 0.135986328125 4099.9713617111565 14767
6150 0 0 0 148300.72998046875 0.135986328125 4099.9713617111565 14767
6160 0 0 0 148300.72998046875 0.135986328125 4099.9713617111565 14767
6170 0 0 0 148300.72998046875 0.135986328125 4099.9713617111565 14767
6180 0 0 0 148300.72998046875 0.135986328125 4099.9713617111565 14767
6190 0 0 0 148300.72998046875 0.135986328125 4099.9713617111565 14767
6200 0 0 0 148300.72998046875 0.135986328125 4099.9713617111565 14767
6210 0 0 0 148300.72998046875 0.135986328125 4099.9713617111565 14767
6220 0 0 0 148300.72998046875 0.135986328125 4099.9713617111565 14767
6230 0 0 0 148300.72998046875 0.135986328125 4099.9713617111565 14767
6240 0 0 0 148300.72998046875 0.135986328125 4099.9713617111565 14767
6250 0 0 0 148300.72998046875 0.135986328125 4099.9713617111565 14767
6260 0 0 0 148300.72998046875 0.135986328125 4099.9713617111565 14767
6270 0 0 0 148300.72998046875 0.135986328125 4099.9713617111565 14767
6280 0 0 0 148300.72998046875 0.135986328125 4099.9713617111565 14767
6290 0 0 0 148300.72998046875 0.135986328125 4099.9713617111565 14767
6300 0 0 0 148300.72998046875 0.135986328125 4099.9713617111565 14767
6310 0 0 0 148300.72998046875 0.135986328125 4099.9713617111565 14767
6320 0 0 0 148300.72998046875 0.135986328125 4099.9713617111565 14767
6330 0 0 0 148300.72998046875 0.135986328125 4099.9713617111565 14767
6340 0 0 0 148300.72998046875 0.135986328125 4099.9713617111565 14767
6350 0 0 0 148300.72998046875 0.135986328125 4099.9713617111565 14767
6360 0 0 0 148300.72998046875 0.135986328125 4099.9713617111565 14767
6370 0 0 0 148300.72998046875 0.135986328125 4099.9713617111565 14767
6380 0 0 0 148300.72998046875 0.135986328125 4099.9713617111565 14767
6390 0 0 0 148300.72998046875 0.135986328125 4099.9713617111565 14767
6400 0 0 0 148300.72998046875 0.135986328125 4099.9713617111565 14767
6410 0 0 0 148300.72998046875 0.135986328125 4099.9713617111565 14767
6420 0 0 0 148300.72998046875 0.135986328125 4099.9713617111565 14767
6430 0 0 0 148300.72998046875 0.135986328125 4099.9713617111565 14767
6440 0 0 0 148300.72998046875 0.135986328125 4099.9713617111565 14767
6450 0 0 0 148300.72998046875 0.135986328125 4099.9713617111565 14767
6460 0 0 0 148300.72998046875 0.135986328125 4099.9713617111565 14767
6470 0 0 0 148300.72998046875 0.135986328125 4099.9713617111565 14767
6480 0 0 0 148300.72998046875 0.135986328125 4099.9713617111565 14767
6490 0 0 0 148300.72998046875 0.135986328125 4099.9713617111565 14767
6500 0 0 0 148300.72998046875 0.135986328125 4099.9713617111565 14767
6510 0 0 0 148300.72998046875 0.135986328125 4099.9713617111565 14767
6520 0 0 0 148300.72998046875 0.135986328125 4099.9713617111565 14767
6530 0 0 0 148300.72998046875 0.135986328125 4099.9713617111565 14767
6540 0 0 0 148300.72998046875 0.135986328125 4099.9713617111565 14767
6550 0 0 0 148300.72998046875 0.135986328125 4099.9713617111565 14767
6560 0 0 0 148300.72998046875 0.135986328125 4099.9713617111565 14767
6570 0 0 0 148300.72998046875 0.135986328125 4099.9713617111565 14767
6580 0 0 0 148300.72998046875 0.135986328125 4099.9713617111565 14767
6590 0 0 0 148300.72998046875 0.135986328125 4099.9713617111565 14767
6600 0 0 0 148300.72998046875 0.135986328125 4099.9713617111565 14767
6610 0 0 0 148300.72998046875 0.135986328125 4099.9713617111565 14767
6620 0 0 0 148300.72998046875 0.135986328125 4099.9713617111565 14767
6630 0 0 0 148300.72998046875 0.135986328125 4099.9713617111565 14767
6640 0 0 0 148300.72998046875 0.135986328125 4099.9713617111565 14767
6650 0 0 0 148300.72998046875 0.135986328125 4099.9713617111565 14767
6660 0 0 0 148300.72998046875 0.135986328125 4099.9713617111565 14767
6670 0 0 0 148300.72998046875 0.135986328125 4099.9713617111565 14767
6680 0 0 0 148300.72998046875 0.135986328125 4099.9713617111565 14767
6690 0 0 0 148300.72998046875 0.135986328125 4099.9713617111565 14767
6700 0 0 0 148300.72998046875 0.135986328125 4099.9713617111565 14767
6710 0 0 0 148300.72998046875 0.135986328125 4099.9713617111565 14767
6720 0 0 0 148300.72998046875 0.135986328125 4099.9713617111565 14767
6730 0 0 0 148300.72998046875 0.135986328125 4099.9713617111565 14767
6740 0 0 0 148300.72998046875 0.135986328125 4099.9713617111565 14767
6750 0 0 0 148300.72998046875 0.135986328125 4099.9713617111565 14767
6760 0 0 0 148300.72998046875 0.135986328125 4099.9713617111565 14767
6770 0 0 0 148300.72998046875 0.135986328125 4099.9713617111565 14767
6780 0 0 0 148300.72998046875 0.135986328125 4099.9713617111565 14767
6790 0 0 0 148300.72998046875 0.135986328125 4099.9713617111565 14767
6800 0 0 0 148300.72998046875 0.135986328125 4099.9713617111565 14767
6810 0 0 0 148300.72998046875 0.135986328125 4099.9713617111565 14767
6820 0 0 0 148300.72998046875 0.135986328125 4099.9713617111565 14767
6830 0 0 0 148300.72998046875 0.135986328125 4099.9713617111565 14767
6840 0 0 0 148300.72998046875 0.135986328125 4099.9713617111565 14767
6850 0 0 0 148300.72998046875 0.135986328125 4099.9713617111565 14767
6860 0 0 0 148300.72998046875 0.135986328125 4099.9713617111565 14767
6870 0 0 0 148300.72998046875 0.135986328125 4099.9713617111565 14767
6880 0 0 0 148300.72998046875 0.135986328125 4099.9713617111565 14767
6890 0 0 0 148300.72998046875 0.135986328125 4099.9713617111565 14767
6900 0 0 0 148300.72998046875 0.135986328125 4099.9713617111565 14767
6910 0 0 0 148300.72998046875 0.135986328125 4099.9713617111565 14767
6920 0 0 0 148300.72998046875 0.135986328125 4099.9713617111565 14767
6930 0 0 0 148300.72998046875 0.135986328125 4099.9713617111565 14767
6940 0 0 0 148300.72998046875 0.135986328125 4099.9713617111565 14767
6950 0 0 0 148300.72998046875 0.135986328125 4099.9713617111565 14767
6960 0 0 0 148300.72998046875 0.135986328125 4099.9713617111565 14767
6970 0 0 0 148300.72998046875 0.135986328125 4099.9713617111565 14767
6980 0 0 0 148300.72998046875 0.135986328125 4099.9713617111565 14767
6990 0 0 0 148300.72998046875 0.135986328125 4099.9713617111565 14767
7000 0 0 0 148300.72998046875 0.135986328125 4099.9713617111565 14767
7010 0 0 0 148300.72998046875 0.135986328125 4099.9713617111565 14767
7020 0 0 0 148300.72998046875 0.135986328125 4099.9713617111565 14767
7030 0 0 0 148300.72998046875 0.135986328125 4099.9713617111565 14767
7040 0 0 0 148300.72998046875 0.135986328125 4099.9713617111565 14767
7050 0 0 0 148300.72998046875 0.135986328125 4099.9713617111565 14767
7060 0 0 0 148300.72998046875 0.135986328125 4099.9713617111565 14767
7070 0 0 0 148300.72998046875 0.135986328125 4099.9713617111565 14767
7080 0 0 0 148300.72998046875 0.135986328125 4099.9713617111565 14767
7090 0 0 0 148300.72998046875 0.135986328125 4099.9713617111565 14767
7100 0 0 0 148300.72998046875 0.135986328125 4099.9713617111565 14767
7110 0 0 0 148300.72998046875 0.135986328125 4099.9713617111565 14767
7120 0 0 0 148300.72998046875 0.135986328125 4099.9713617111565 14767
7130 0 0 0 148300.72998046875 0.135986328125 4099.9713617111565 14767
7140 0 0 0 148300.72998046875 0.135986328125 4099.9713617111565 14767
7150 0 0 0 148300.72998046875 0.135986328125 4099.9713617111565 14767
7160 0 0 0 148300.72998046875 0.135986328125 4099.9713617111565 14767
7170 0 0 0 148300.72998046875 0.135986328125 4099.9713617111565 14767
7180 0 0 0 148300.72998046875 0.135986328125 4099.9713617111565 14767
7190 0 0 0 148300.72998046875 0.135986328125 4099.9713617111565 14767
7200 0 0 0 148300.72998046875 0.135986328125 4099.9713617111565 14767
7210 0 0 0 148300.72998046875 0.135986328125 4099.9713617111565 14767
7220 0 0 0 148300.72998046875 0.135986328125 4099.9713617111565 14767
7230 0 0 0 148300.72998046875 0.135986328125 4099.9713617111565 14767
7240 0 0 0 148300.72998046875 0.135986328125 4099.9713617111565 14767
7250 0 0 0 148300.72998046875 0.135986328125 4099.9713617111565 14767
7260 0 0 0 148300.72998046875 0.135986328125 4099.9713617111565 14767
7270 0 0 0 148300.72998046875 0.135986328125 4099.9713617111565 14767
7280 0 0 0 148300.72998046875 0.135986328125 4099.9713617111565 14767
7290 0 0 0 148300.72998046875 0.135986328125 4099.9713617111565 14767
7300 0 0 0 148300.72998046875 0.135986328125 4099.9713617111565 14767
7310 0 0 0 148300.72998046875 0.135986328125 4099.9713617111565 14767
7320 0 0 0 148300.72998046875 0.135986328125 4099.9713617111565 14767
7330 0 0 0 148300.72998046875 0.135986328125 4099.9713617111565 14767
7340 0 0 0 148300.72998046875 0.135986328125 4099.9713617111565 14767
7350 0 0 0 148300.72998046875 0.135986328125 4099.9713617111565 14767
7360 0 0 0 148300.72998046875 0.135986328125 4099.9713617111565 14767
7370 0 0 0 148300.72998046875 0.135986328125 4099.9713617111565 14767
7380 0 0 0 148300.72998046875 0.135986328125 4099.9713617111565 14767
7390 0 0 0 148300.72998046875 0.135986328125 4099.9713617111565 14767
7400 0 0 0 148300.72998046875 0.135986328125 4099.9713617111565 14767
7410 0 0 0 148300.72998046875 0.135986328125 4099.9713617111565 14767
7420 0 0 0 148300.72998046875 0.135986328125 4099.9713617111565 14767
7430 0 0 0 148300.72998046875 0.135986328125 4099.9713617111565 14767
7440 0 0 0 148300.72998046875 0.135986328125 4099.9713617111565 14767
7450 0 0 0 148300.72998046875 0.135986328125 4099.9713617111565 14767
7460 0 0 0 148300.72998046875 0.135986328125 4099.9713617111565 14767
7470 0 0 0 148300.72998046875 0.135986328125 4099.9713617111565 14767
7480 0 0 0 148300.72998046875 0.135986328125 4099.9713617111565 14767
7490 0 0 0 148300.72998046875 0.135986328125 4099.9713617111565 14767
7500 0 0 0 148300.72998046875 0.135986328125 4099.9713617111565 14767
7510 0 0 0 148300.72998046875 0.135986328125 4099.9713617111565 14767
7520 0 0 0 148300.72998046875 0.135986328125 4099.9713617111565 14767
7530 0 0 0 148300.72998046875 0.135986328125 4099.9713617111565 14767
7540 0 0 0 148300.72998046875 0.135986328125 4099.9713617111565 14767
7550 0 0 0 148300.72998046875 0.135986328125 4099.9713617111565 14767
7560 0 0 0 148300.72998046875 0.135986328125 4099.9713617111565 14767
7570 0 0 0 148300.72998046875 0.135986328125 4099.9713617111565 14767
7580 0 0 0 148300.72998046875 0.135986328125 4099.9713617111565 14767
7590 0 0 0 148300.72998046875 0.135986328125 4099.9713617111565 14767
7600 0 0 0 148300.72998046875 0.135986328125 4099.9713617111565 14767
7610 0 0 0 148300.72998046875 0.135986328125 4099.9713617111565 14767
7620 0 0 0 148300.72998046875 0.135986328125 4099.9713617111565 14767
7630 0 0 0 148300.72998046875 0.135986328125 4099.9713617111565 14767
7640 0 0 0 148300.72998046875 0.135986328125 4099.9713617111565 14767
7650 0 0 0 148300.72998046875 0.135986328125 4099.9713617111565 14767
7660 0 0 0 148300.72998046875 0.135986328125 4099.9713617111565 14767
7670 0 0 0 148300.72998046875 0.135986328125 4099.9713617111565 14767
7680 0 0 0 148300.72998046875 0.135986328125 4099.9713617111565 14767
7690 0 0 0 148300.72998046875 0.135986328125 4099.9713617111565 14767
7700 0 0 0 148300.72998046875 0.135986328125 4099.9713617111565 14767
7710 0 0 0 148300.72998046875 0.135986328125 4099.9713617111565 14767
7720 0 0 0 148300.72998046875 0.135986328125 4099.9713617111565 14767
7730 0 0 0 148300.72998046875 0.135986328125 4099.9713617111565 14767
7740 0 0 0 148300.72998046875 0.135986328125 4099.9713617111565 14767
7750 0 0 0 148300.72998046875 0.135986328125 4099.9713617111565 14767
7760 0 0 0 148300.72998046875 0.135986328125 4099.9713617111565 14767
7770 0 0 0 148300.72998046875 0.135986328125 4099.9713617111565 14767
7780 0 0 0 148300.72998046875 0.135986328125 4099.9713617111565 14767
7790 0 0 0 148300.72998046875 0.135986328125 4099.9713617111565 14767
7800 0 0 0 148300.72998046875 0.135986328125 4099.9713617111565 14767
7810 0 0 0 148300.72998046875 0.135986328125 4099.9713617111565 14767
7820 0 0 0 148300.72998046875 0.135986328125 4099.9713617111565 14767
7830 0 0 0 148300.72998046875 0.135986328125 4099.9713617111565 14767
7840 0 0 0 148300.72998046875 0.135986328125 4099.9713617111565 14767
7850 0 0 0 148300.72998046875 0.135986328125 4099.9713617111565 14767
7860 0 0 0 148300.72998046875 0.135986328125 4099.9713617111565 14767
7870 0 0 0 148300.72998046875 0.135986328125 4099.9713617111565 14767
7880 0 0 0 148300.72998046875 0.135986328125 4099.9713617111565 14767
