10 26.9234375 26.9234375
20 106.5015625 133.425
30 97.8328125 231.2578125
40 141.80546875 373.06328125
50 104.68984375 477.753125
60 42.8375 520.590625
70 178.3953125 698.9859375
80 313.8890625 1012.875
90 134.83125 1147.70625
100 78.06640625 1225.77265625
110 353.26640625 1579.0390625
120 368.03671875 1947.07578125
130 1045.7046875 2992.78046875
140 1037.578125 4030.35859375
150 1014.634375 5044.99296875
160 529.03984375 5574.0328125
170 344.821875 5918.8546875
180 312.0765625 6230.93125
190 409.1671875 6640.0984375
200 128.90859375 6769.00703125
210 140.29140625 6909.2984375
220 144.25234375 7053.55078125
230 80.44375 7133.99453125
240 35.41171875 7169.40625
250 27.96640625 7197.37265625
260 35.66328125 7233.0359375
270 41.91484375 7274.95078125
280 55.403125 7330.35390625
290 98.44765625 7428.8015625
300 85.39921875 7514.20078125
310 26.3953125 7540.59609375
320 3.096875 7543.69296875
330 1.22734375 7544.9203125
340 0 7544.9203125
350 0.61328125 7545.53359375
360 0 7545.53359375
370 0 7545.53359375
380 0 7545.53359375
390 0 7545.53359375
400 0 7545.53359375
410 0 7545.53359375
420 0 7545.53359375
430 0 7545.53359375
440 0 7545.53359375
450 0 7545.53359375
460 0 7545.53359375
470 0 7545.53359375
480 0 7545.53359375
490 0 7545.53359375
500 0 7545.53359375
510 0 7545.53359375
520 0 7545.53359375
530 0 7545.53359375
540 0 7545.53359375
550 0 7545.53359375
560 0 7545.53359375
570 0 7545.53359375
580 0 7545.53359375
590 0 7545.53359375
600 0 7545.53359375
610 0 7545.53359375
620 0 7545.53359375
630 0 7545.53359375
640 0 7545.53359375
650 0 7545.53359375
660 0 7545.53359375
670 0 7545.53359375
680 0 7545.53359375
690 0 7545.53359375
700 0 7545.53359375
710 0 7545.53359375
720 0 7545.53359375
730 0 7545.53359375
740 0 7545.53359375
750 0 7545.53359375
760 0 7545.53359375
770 0 7545.53359375
780 0 7545.53359375
790 0 7545.53359375
800 0 7545.53359375
810 0 7545.53359375
820 0 7545.53359375
830 0 7545.53359375
840 0 7545.53359375
850 0 7545.53359375
860 0 7545.53359375
870 0 7545.53359375
880 0 7545.53359375
890 0 7545.53359375
900 0 7545.53359375
910 0 7545.53359375
920 0 7545.53359375
930 0 7545.53359375
940 0 7545.53359375
950 0 7545.53359375
960 0 7545.53359375
970 0 7545.53359375
980 0 7545.53359375
990 0 7545.53359375
1000 0 7545.53359375
1010 0 7545.53359375
1020 0 7545.53359375
1030 0 7545.53359375
1040 0 7545.53359375
1050 0 7545.53359375
1060 0 7545.53359375
1070 0 7545.53359375
1080 0 7545.53359375
1090 0 7545.53359375
1100 0 7545.53359375
1110 0 7545.53359375
1120 0 7545.53359375
1130 0 7545.53359375
1140 0 7545.53359375
1150 0 7545.53359375
1160 0 7545.53359375
1170 0 7545.53359375
1180 0 7545.53359375
1190 0 7545.53359375
1200 0 7545.53359375
1210 0 7545.53359375
1220 0 7545.53359375
1230 0 7545.53359375
1240 0 7545.53359375
1250 0 7545.53359375
1260 0 7545.53359375
1270 0 7545.53359375
1280 0 7545.53359375
1290 0 7545.53359375
1300 0 7545.53359375
1310 0 7545.53359375
1320 0 7545.53359375
1330 0 7545.53359375
1340 0 7545.53359375
1350 0 7545.53359375
1360 0 7545.53359375
1370 0 7545.53359375
1380 0 7545.53359375
1390 0 7545.53359375
1400 0 7545.53359375
1410 0 7545.53359375
1420 0 7545.53359375
1430 0 7545.53359375
1440 0 7545.53359375
1450 0 7545.53359375
1460 0 7545.53359375
1470 0 7545.53359375
1480 0 7545.53359375
1490 0 7545.53359375
1500 0 7545.53359375
1510 0 7545.53359375
1520 0 7545.53359375
1530 0 7545.53359375
1540 0 7545.53359375
1550 0 7545.53359375
1560 0 7545.53359375
1570 0 7545.53359375
1580 0 7545.53359375
1590 0 7545.53359375
1600 0 7545.53359375
1610 0 7545.53359375
1620 0 7545.53359375
1630 0 7545.53359375
1640 0 7545.53359375
1650 0 7545.53359375
1660 0 7545.53359375
1670 0 7545.53359375
1680 0 7545.53359375
1690 0 7545.53359375
1700 0 7545.53359375
1710 0 7545.53359375
1720 0 7545.53359375
1730 0 7545.53359375
1740 0 7545.53359375
1750 0 7545.53359375
1760 0 7545.53359375
1770 0 7545.53359375
1780 0 7545.53359375
1790 0 7545.53359375
1800 0 7545.53359375
1810 0 7545.53359375
1820 0 7545.53359375
1830 0 7545.53359375
1840 0 7545.53359375
1850 0 7545.53359375
1860 0 7545.53359375
1870 0 7545.53359375
1880 0 7545.53359375
1890 0 7545.53359375
1900 0 7545.53359375
1910 0 7545.53359375
1920 0 7545.53359375
1930 0 7545.53359375
1940 0 7545.53359375
1950 0 7545.53359375
1960 0 7545.53359375
1970 0 7545.53359375
1980 0 7545.53359375
1990 0 7545.53359375
2000 0 7545.53359375
2010 0 7545.53359375
2020 0 7545.53359375
2030 0 7545.53359375
2040 0 7545.53359375
2050 0 7545.53359375
2060 0 7545.53359375
2070 0 7545.53359375
2080 0 7545.53359375
2090 0 7545.53359375
2100 0 7545.53359375
2110 0 7545.53359375
2120 0 7545.53359375
2130 0 7545.53359375
2140 0 7545.53359375
2150 0 7545.53359375
2160 0 7545.53359375
2170 0 7545.53359375
2180 0 7545.53359375
2190 0 7545.53359375
2200 0 7545.53359375
2210 0 7545.53359375
2220 0 7545.53359375
2230 0 7545.53359375
2240 0 7545.53359375
2250 0 7545.53359375
2260 0 7545.53359375
2270 0 7545.53359375
2280 0 7545.53359375
2290 0 7545.53359375
2300 0 7545.53359375
2310 0 7545.53359375
2320 0 7545.53359375
2330 0 7545.53359375
2340 0 7545.53359375
2350 0 7545.53359375
2360 0 7545.53359375
2370 0 7545.53359375
2380 0 7545.53359375
2390 0 7545.53359375
2400 0 7545.53359375
2410 0 7545.53359375
2420 0 7545.53359375
2430 0 7545.53359375
2440 0 7545.53359375
2450 0 7545.53359375
2460 0 7545.53359375
2470 0 7545.53359375
2480 0 7545.53359375
2490 0 7545.53359375
2500 0 7545.53359375
2510 0 7545.53359375
2520 0 7545.53359375
2530 0 7545.53359375
2540 0 7545.53359375
2550 0 7545.53359375
2560 0 7545.53359375
2570 0 7545.53359375
2580 0 7545.53359375
2590 0 7545.53359375
2600 0 7545.53359375
2610 0 7545.53359375
2620 0 7545.53359375
2630 0 7545.53359375
2640 0 7545.53359375
2650 0 7545.53359375
2660 0 7545.53359375
2670 0 7545.53359375
2680 0 7545.53359375
2690 0 7545.53359375
2700 0 7545.53359375
2710 0 7545.53359375
2720 0 7545.53359375
2730 0 7545.53359375
2740 0 7545.53359375
2750 0 7545.53359375
2760 0 7545.53359375
2770 0 7545.53359375
2780 0 7545.53359375
2790 0 7545.53359375
2800 0 7545.53359375
2810 0 7545.53359375
2820 0 7545.53359375
2830 0 7545.53359375
2840 0 7545.53359375
2850 0 7545.53359375
2860 0 7545.53359375
2870 0 7545.53359375
2880 0 7545.53359375
2890 0 7545.53359375
2900 0 7545.53359375
2910 0 7545.53359375
2920 0 7545.53359375
2930 0 7545.53359375
2940 0 7545.53359375
2950 0 7545.53359375
2960 0 7545.53359375
2970 0 7545.53359375
2980 0 7545.53359375
2990 0 7545.53359375
3000 0 7545.53359375
3010 0 7545.53359375
3020 0 7545.53359375
3030 0 7545.53359375
3040 0 7545.53359375
3050 0 7545.53359375
3060 0 7545.53359375
3070 0 7545.53359375
3080 0 7545.53359375
3090 0 7545.53359375
3100 0 7545.53359375
3110 0 7545.53359375
3120 0 7545.53359375
3130 0 7545.53359375
3140 0 7545.53359375
3150 0 7545.53359375
3160 0 7545.53359375
3170 0 7545.53359375
3180 0 7545.53359375
3190 0 7545.53359375
3200 0 7545.53359375
3210 0 7545.53359375
3220 0 7545.53359375
3230 0 7545.53359375
3240 0 7545.53359375
3250 0 7545.53359375
3260 0 7545.53359375
3270 0 7545.53359375
3280 0 7545.53359375
3290 0 7545.53359375
3300 0 7545.53359375
3310 0 7545.53359375
3320 0 7545.53359375
3330 0 7545.53359375
3340 0 7545.53359375
3350 0 7545.53359375
3360 0 7545.53359375
3370 0 7545.53359375
3380 0 7545.53359375
3390 0 7545.53359375
3400 0 7545.53359375
3410 0 7545.53359375
3420 0 7545.53359375
3430 0 7545.53359375
3440 0 7545.53359375
3450 0 7545.53359375
3460 0 7545.53359375
3470 0 7545.53359375
3480 0 7545.53359375
3490 0 7545.53359375
3500 0 7545.53359375
3510 0 7545.53359375
3520 0 7545.53359375
3530 0 7545.53359375
3540 0 7545.53359375
3550 0 7545.53359375
3560 0 7545.53359375
3570 0 7545.53359375
3580 0 7545.53359375
3590 0 7545.53359375
3600 0 7545.53359375
3610 0 7545.53359375
3620 0 7545.53359375
3630 0 7545.53359375
3640 0 7545.53359375
3650 0 7545.53359375
3660 0 7545.53359375
3670 0 7545.53359375
3680 0 7545.53359375
3690 0 7545.53359375
3700 0 7545.53359375
3710 0 7545.53359375
3720 0 7545.53359375
3730 0 7545.53359375
3740 0 7545.53359375
3750 0 7545.53359375
3760 0 7545.53359375
3770 0 7545.53359375
3780 0 7545.53359375
3790 0 7545.53359375
3800 0 7545.53359375
3810 0 7545.53359375
3820 0 7545.53359375
3830 0 7545.53359375
3840 0 7545.53359375
3850 0 7545.53359375
3860 0 7545.53359375
3870 0 7545.53359375
3880 0 7545.53359375
3890 0 7545.53359375
3900 0 7545.53359375
3910 0 7545.53359375
3920 0 7545.53359375
3930 0 7545.53359375
3940 0 7545.53359375
3950 0 7545.53359375
3960 0 7545.53359375
3970 0 7545.53359375
3980 0 7545.53359375
3990 0 7545.53359375
4000 0 7545.53359375
4010 0 7545.53359375
4020 0 7545.53359375
4030 0 7545.53359375
4040 0 7545.53359375
4050 0 7545.53359375
4060 0 7545.53359375
4070 0 7545.53359375
4080 0 7545.53359375
4090 0 7545.53359375
4100 0 7545.53359375
4110 0 7545.53359375
4120 0 7545.53359375
4130 0 7545.53359375
4140 0 7545.53359375
4150 0 7545.53359375
4160 0 7545.53359375
4170 0 7545.53359375
4180 0 7545.53359375
4190 0 7545.53359375
4200 0 7545.53359375
4210 0 7545.53359375
4220 0 7545.53359375
4230 0 7545.53359375
4240 0 7545.53359375
4250 0 7545.53359375
4260 0 7545.53359375
4270 0 7545.53359375
4280 0 7545.53359375
4290 0 7545.53359375
4300 0 7545.53359375
4310 0 7545.53359375
4320 0 7545.53359375
4330 0 7545.53359375
4340 0 7545.53359375
4350 0 7545.53359375
4360 0 7545.53359375
4370 0 7545.53359375
4380 0 7545.53359375
4390 0 7545.53359375
4400 0 7545.53359375
4410 0 7545.53359375
4420 0 7545.53359375
4430 0 7545.53359375
4440 0 7545.53359375
4450 0 7545.53359375
4460 0 7545.53359375
4470 0 7545.53359375
4480 0 7545.53359375
4490 0 7545.53359375
4500 0 7545.53359375
4510 0 7545.53359375
4520 0 7545.53359375
4530 0 7545.53359375
4540 0 7545.53359375
4550 0 7545.53359375
4560 0 7545.53359375
4570 0 7545.53359375
4580 0 7545.53359375
4590 0 7545.53359375
4600 0 7545.53359375
4610 0 7545.53359375
4620 0 7545.53359375
4630 0 7545.53359375
4640 0 7545.53359375
4650 0 7545.53359375
4660 0 7545.53359375
4670 0 7545.53359375
4680 0 7545.53359375
4690 0 7545.53359375
4700 0 7545.53359375
4710 0 7545.53359375
4720 0 7545.53359375
4730 0 7545.53359375
4740 0 7545.53359375
4750 0 7545.53359375
4760 0 7545.53359375
4770 0 7545.53359375
4780 0 7545.53359375
4790 0 7545.53359375
4800 0 7545.53359375
4810 0 7545.53359375
4820 0 7545.53359375
4830 0 7545.53359375
4840 0 7545.53359375
4850 0 7545.53359375
4860 0 7545.53359375
4870 0 7545.53359375
4880 0 7545.53359375
4890 0 7545.53359375
4900 0 7545.53359375
4910 0 7545.53359375
4920 0 7545.53359375
4930 0 7545.53359375
4940 0 7545.53359375
4950 0 7545.53359375
4960 0 7545.53359375
4970 0 7545.53359375
4980 0 7545.53359375
4990 0 7545.53359375
5000 0 7545.53359375
5010 0 7545.53359375
5020 0 7545.53359375
5030 0 7545.53359375
5040 0 7545.53359375
5050 0 7545.53359375
5060 0 7545.53359375
5070 0 7545.53359375
5080 0 7545.53359375
5090 0 7545.53359375
5100 0 7545.53359375
5110 0 7545.53359375
5120 0 7545.53359375
5130 0 7545.53359375
5140 0 7545.53359375
5150 0 7545.53359375
5160 0 7545.53359375
5170 0 7545.53359375
5180 0 7545.53359375
5190 0 7545.53359375
5200 0 7545.53359375
5210 0 7545.53359375
5220 0 7545.53359375
5230 0 7545.53359375
5240 0 7545.53359375
5250 0 7545.53359375
5260 0 7545.53359375
5270 0 7545.53359375
5280 0 7545.53359375
5290 0 7545.53359375
5300 0 7545.53359375
5310 0 7545.53359375
5320 0 7545.53359375
5330 0 7545.53359375
5340 0 7545.53359375
5350 0 7545.53359375
5360 0 7545.53359375
5370 0 7545.53359375
5380 0 7545.53359375
5390 0 7545.53359375
5400 0 7545.53359375
5410 0 7545.53359375
5420 0 7545.53359375
5430 0 7545.53359375
5440 0 7545.53359375
5450 0 7545.53359375
5460 0 7545.53359375
5470 0 7545.53359375
5480 0 7545.53359375
5490 0 7545.53359375
5500 0 7545.53359375
5510 0 7545.53359375
5520 0 7545.53359375
5530 0 7545.53359375
5540 0 7545.53359375
5550 0 7545.53359375
5560 0 7545.53359375
5570 0 7545.53359375
5580 0 7545.53359375
5590 0 7545.53359375
5600 0 7545.53359375
5610 0 7545.53359375
5620 0 7545.53359375
5630 0 7545.53359375
5640 0 7545.53359375
5650 0 7545.53359375
5660 0 7545.53359375
5670 0 7545.53359375
5680 0 7545.53359375
5690 0 7545.53359375
5700 0 7545.53359375
5710 0 7545.53359375
5720 0 7545.53359375
5730 0 7545.53359375
5740 0 7545.53359375
5750 0 7545.53359375
5760 0 7545.53359375
5770 0 7545.53359375
5780 0 7545.53359375
5790 0 7545.53359375
5800 0 7545.53359375
5810 0 7545.53359375
5820 0 7545.53359375
5830 0 7545.53359375
5840 0 7545.53359375
5850 0 7545.53359375
5860 0 7545.53359375
5870 0 7545.53359375
5880 0 7545.53359375
5890 0 7545.53359375
5900 0 7545.53359375
5910 0 7545.53359375
5920 0 7545.53359375
5930 0 7545.53359375
5940 0 7545.53359375
5950 0 7545.53359375
5960 0 7545.53359375
5970 0 7545.53359375
5980 0 7545.53359375
5990 0 7545.53359375
6000 0 7545.53359375
6010 0 7545.53359375
6020 0 7545.53359375
6030 0 7545.53359375
6040 0 7545.53359375
6050 0 7545.53359375
6060 0 7545.53359375
6070 0 7545.53359375
6080 0 7545.53359375
6090 0 7545.53359375
6100 0 7545.53359375
6110 0 7545.53359375
6120 0 7545.53359375
6130 0 7545.53359375
6140 0 7545.53359375
6150 0 7545.53359375
6160 0 7545.53359375
6170 0 7545.53359375
6180 0 7545.53359375
6190 0 7545.53359375
6200 0 7545.53359375
6210 0 7545.53359375
6220 0 7545.53359375
6230 0 7545.53359375
6240 0 7545.53359375
6250 0 7545.53359375
6260 0 7545.53359375
6270 0 7545.53359375
6280 0 7545.53359375
6290 0 7545.53359375
6300 0 7545.53359375
6310 0 7545.53359375
6320 0 7545.53359375
6330 0 7545.53359375
6340 0 7545.53359375
6350 0 7545.53359375
6360 0 7545.53359375
6370 0 7545.53359375
6380 0 7545.53359375
6390 0 7545.53359375
6400 0 7545.53359375
6410 0 7545.53359375
6420 0 7545.53359375
6430 0 7545.53359375
6440 0 7545.53359375
6450 0 7545.53359375
6460 0 7545.53359375
6470 0 7545.53359375
6480 0 7545.53359375
6490 0 7545.53359375
6500 0 7545.53359375
6510 0 7545.53359375
6520 0 7545.53359375
6530 0 7545.53359375
6540 0 7545.53359375
6550 0 7545.53359375
6560 0 7545.53359375
6570 0 7545.53359375
6580 0 7545.53359375
6590 0 7545.53359375
6600 0 7545.53359375
6610 0 7545.53359375
6620 0 7545.53359375
6630 0 7545.53359375
6640 0 7545.53359375
6650 0 7545.53359375
6660 0 7545.53359375
6670 0 7545.53359375
6680 0 7545.53359375
6690 0 7545.53359375
6700 0 7545.53359375
6710 0 7545.53359375
6720 0 7545.53359375
6730 0 7545.53359375
6740 0 7545.53359375
6750 0 7545.53359375
6760 0 7545.53359375
6770 0 7545.53359375
6780 0 7545.53359375
6790 0 7545.53359375
6800 0 7545.53359375
6810 0 7545.53359375
6820 0 7545.53359375
6830 0 7545.53359375
6840 0 7545.53359375
6850 0 7545.53359375
6860 0 7545.53359375
6870 0 7545.53359375
6880 0 7545.53359375
6890 0 7545.53359375
6900 0 7545.53359375
6910 0 7545.53359375
6920 0 7545.53359375
6930 0 7545.53359375
6940 0 7545.53359375
6950 0 7545.53359375
6960 0 7545.53359375
6970 0 7545.53359375
6980 0 7545.53359375
6990 0 7545.53359375
7000 0 7545.53359375
7010 0 7545.53359375
7020 0 7545.53359375
7030 0 7545.53359375
7040 0 7545.53359375
7050 0 7545.53359375
7060 0 7545.53359375
7070 0 7545.53359375
7080 0 7545.53359375
7090 0 7545.53359375
7100 0 7545.53359375
7110 0 7545.53359375
7120 0 7545.53359375
7130 0 7545.53359375
7140 0 7545.53359375
7150 0 7545.53359375
7160 0 7545.53359375
7170 0 7545.53359375
7180 0 7545.53359375
7190 0 7545.53359375
7200 0 7545.53359375
7210 0 7545.53359375
7220 0 7545.53359375
7230 0 7545.53359375
7240 0 7545.53359375
7250 0 7545.53359375
7260 0 7545.53359375
7270 0 7545.53359375
7280 0 7545.53359375
7290 0 7545.53359375
7300 0 7545.53359375
7310 0 7545.53359375
7320 0 7545.53359375
7330 0 7545.53359375
7340 0 7545.53359375
7350 0 7545.53359375
7360 0 7545.53359375
7370 0 7545.53359375
7380 0 7545.53359375
7390 0 7545.53359375
7400 0 7545.53359375
7410 0 7545.53359375
7420 0 7545.53359375
7430 0 7545.53359375
7440 0 7545.53359375
7450 0 7545.53359375
7460 0 7545.53359375
7470 0 7545.53359375
7480 0 7545.53359375
7490 0 7545.53359375
7500 0 7545.53359375
7510 0 7545.53359375
7520 0 7545.53359375
7530 0 7545.53359375
7540 0 7545.53359375
7550 0 7545.53359375
7560 0 7545.53359375
7570 0 7545.53359375
7580 0 7545.53359375
7590 0 7545.53359375
7600 0 7545.53359375
7610 0 7545.53359375
7620 0 7545.53359375
7630 0 7545.53359375
7640 0 7545.53359375
7650 0 7545.53359375
7660 0 7545.53359375
7670 0 7545.53359375
7680 0 7545.53359375
7690 0 7545.53359375
7700 0 7545.53359375
7710 0 7545.53359375
7720 0 7545.53359375
7730 0 7545.53359375
7740 0 7545.53359375
7750 0 7545.53359375
7760 0 7545.53359375
7770 0 7545.53359375
7780 0 7545.53359375
7790 0 7545.53359375
7800 0 7545.53359375
7810 0 7545.53359375
7820 0 7545.53359375
7830 0 7545.53359375
7840 0 7545.53359375
7850 0 7545.53359375
7860 0 7545.53359375
7870 0 7545.53359375
7880 0 7545.53359375
