10 55.30078125 55.30078125
20 48445.1265625 48500.42734375
30 134430.9546875 182931.38203125
40 64331.778125 247263.16015625
50 60034.88359375 307298.04375
60 64734.5265625 372032.5703125
70 64533.05078125 436565.62109375
80 65722.1078125 502287.72890625
90 61318.67890625 563606.4078125
100 69091.30234375 632697.71015625
110 70770.39140625 703468.1015625
120 65015.7203125 768483.821875
130 63937.64453125 832421.46640625
140 59366.46484375 891787.93125
150 61277.375 953065.30625
160 58053.09296875 1011118.39921875
170 61892.62890625 1073011.028125
180 60823.875 1133834.903125
190 56777.40546875 1190612.30859375
200 59252.74453125 1249865.053125
210 66934.2984375 1316799.3515625
220 64158.03828125 1380957.38984375
230 65104.04609375 1446061.4359375
240 66085.840625 1512147.2765625
250 64437.040625 1576584.3171875
260 70953.190625 1647537.5078125
270 64534.6609375 1712072.16875
280 74628.996875 1786701.165625
290 77338.79296875 1864039.95859375
300 20429.621875 1884469.58046875
310 651.58203125 1885121.1625
320 584.8453125 1885706.0078125
330 2.1390625 1885708.146875
340 0 1885708.146875
350 1.06875 1885709.215625
360 0 1885709.215625
370 0 1885709.215625
380 0 1885709.215625
390 0 1885709.215625
400 0 1885709.215625
410 0 1885709.215625
420 0 1885709.215625
430 0 1885709.215625
440 0 1885709.215625
450 0 1885709.215625
460 0 1885709.215625
470 0 1885709.215625
480 0 1885709.215625
490 0 1885709.215625
500 0 1885709.215625
510 0 1885709.215625
520 0 1885709.215625
530 0 1885709.215625
540 0 1885709.215625
550 0 1885709.215625
560 0 1885709.215625
570 0 1885709.215625
580 0 1885709.215625
590 0 1885709.215625
600 0 1885709.215625
610 0 1885709.215625
620 0 1885709.215625
630 0 1885709.215625
640 0 1885709.215625
650 0 1885709.215625
660 0 1885709.215625
670 0 1885709.215625
680 0 1885709.215625
690 0 1885709.215625
700 0 1885709.215625
710 0 1885709.215625
720 0 1885709.215625
730 0 1885709.215625
740 0 1885709.215625
750 0 1885709.215625
760 0 1885709.215625
770 0 1885709.215625
780 0 1885709.215625
790 0 1885709.215625
800 0 1885709.215625
810 0 1885709.215625
820 0 1885709.215625
830 0 1885709.215625
840 0 1885709.215625
850 0 1885709.215625
860 0 1885709.215625
870 0 1885709.215625
880 0 1885709.215625
890 0 1885709.215625
900 0 1885709.215625
910 0 1885709.215625
920 0 1885709.215625
930 0 1885709.215625
940 0 1885709.215625
950 0 1885709.215625
960 0 1885709.215625
970 0 1885709.215625
980 0 1885709.215625
990 0 1885709.215625
1000 0 1885709.215625
1010 0 1885709.215625
1020 0 1885709.215625
1030 0 1885709.215625
1040 0 1885709.215625
1050 0 1885709.215625
1060 0 1885709.215625
1070 0 1885709.215625
1080 0 1885709.215625
1090 0 1885709.215625
1100 0 1885709.215625
1110 0 1885709.215625
1120 0 1885709.215625
1130 0 1885709.215625
1140 0 1885709.215625
1150 0 1885709.215625
1160 0 1885709.215625
1170 0 1885709.215625
1180 0 1885709.215625
1190 0 1885709.215625
1200 0 1885709.215625
1210 0 1885709.215625
1220 0 1885709.215625
1230 0 1885709.215625
1240 0 1885709.215625
1250 0 1885709.215625
1260 0 1885709.215625
1270 0 1885709.215625
1280 0 1885709.215625
1290 0 1885709.215625
1300 0 1885709.215625
1310 0 1885709.215625
1320 0 1885709.215625
1330 0 1885709.215625
1340 0 1885709.215625
1350 0 1885709.215625
1360 0 1885709.215625
1370 0 1885709.215625
1380 0 1885709.215625
1390 0 1885709.215625
1400 0 1885709.215625
1410 0 1885709.215625
1420 0 1885709.215625
1430 0 1885709.215625
1440 0 1885709.215625
1450 0 1885709.215625
1460 0 1885709.215625
1470 0 1885709.215625
1480 0 1885709.215625
1490 0 1885709.215625
1500 0 1885709.215625
1510 0 1885709.215625
1520 0 1885709.215625
1530 0 1885709.215625
1540 0 1885709.215625
1550 0 1885709.215625
1560 0 1885709.215625
1570 0 1885709.215625
1580 0 1885709.215625
1590 0 1885709.215625
1600 0 1885709.215625
1610 0 1885709.215625
1620 0 1885709.215625
1630 0 1885709.215625
1640 0 1885709.215625
1650 0 1885709.215625
1660 0 1885709.215625
1670 0 1885709.215625
1680 0 1885709.215625
1690 0 1885709.215625
1700 0 1885709.215625
1710 0 1885709.215625
1720 0 1885709.215625
1730 0 1885709.215625
1740 0 1885709.215625
1750 0 1885709.215625
1760 0 1885709.215625
1770 0 1885709.215625
1780 0 1885709.215625
1790 0 1885709.215625
1800 0 1885709.215625
1810 0 1885709.215625
1820 0 1885709.215625
1830 0 1885709.215625
1840 0 1885709.215625
1850 0 1885709.215625
1860 0 1885709.215625
1870 0 1885709.215625
1880 0 1885709.215625
1890 0 1885709.215625
1900 0 1885709.215625
1910 0 1885709.215625
1920 0 1885709.215625
1930 0 1885709.215625
1940 0 1885709.215625
1950 0 1885709.215625
1960 0 1885709.215625
1970 0 1885709.215625
1980 0 1885709.215625
1990 0 1885709.215625
2000 0 1885709.215625
2010 0 1885709.215625
2020 0 1885709.215625
2030 0 1885709.215625
2040 0 1885709.215625
2050 0 1885709.215625
2060 0 1885709.215625
2070 0 1885709.215625
2080 0 1885709.215625
2090 0 1885709.215625
2100 0 1885709.215625
2110 0 1885709.215625
2120 0 1885709.215625
2130 0 1885709.215625
2140 0 1885709.215625
2150 0 1885709.215625
2160 0 1885709.215625
2170 0 1885709.215625
2180 0 1885709.215625
2190 0 1885709.215625
2200 0 1885709.215625
2210 0 1885709.215625
2220 0 1885709.215625
2230 0 1885709.215625
2240 0 1885709.215625
2250 0 1885709.215625
2260 0 1885709.215625
2270 0 1885709.215625
2280 0 1885709.215625
2290 0 1885709.215625
2300 0 1885709.215625
2310 0 1885709.215625
2320 0 1885709.215625
2330 0 1885709.215625
2340 0 1885709.215625
2350 0 1885709.215625
2360 0 1885709.215625
2370 0 1885709.215625
2380 0 1885709.215625
2390 0 1885709.215625
2400 0 1885709.215625
2410 0 1885709.215625
2420 0 1885709.215625
2430 0 1885709.215625
2440 0 1885709.215625
2450 0 1885709.215625
2460 0 1885709.215625
2470 0 1885709.215625
2480 0 1885709.215625
2490 0 1885709.215625
2500 0 1885709.215625
2510 0 1885709.215625
2520 0 1885709.215625
2530 0 1885709.215625
2540 0 1885709.215625
2550 0 1885709.215625
2560 0 1885709.215625
2570 0 1885709.215625
2580 0 1885709.215625
2590 0 1885709.215625
2600 0 1885709.215625
2610 0 1885709.215625
2620 0 1885709.215625
2630 0 1885709.215625
2640 0 1885709.215625
2650 0 1885709.215625
2660 0 1885709.215625
2670 0 1885709.215625
2680 0 1885709.215625
2690 0 1885709.215625
2700 0 1885709.215625
2710 0 1885709.215625
2720 0 1885709.215625
2730 0 1885709.215625
2740 0 1885709.215625
2750 0 1885709.215625
2760 0 1885709.215625
2770 0 1885709.215625
2780 0 1885709.215625
2790 0 1885709.215625
2800 0 1885709.215625
2810 0 1885709.215625
2820 0 1885709.215625
2830 0 1885709.215625
2840 0 1885709.215625
2850 0 1885709.215625
2860 0 1885709.215625
2870 0 1885709.215625
2880 0 1885709.215625
2890 0 1885709.215625
2900 0 1885709.215625
2910 0 1885709.215625
2920 0 1885709.215625
2930 0 1885709.215625
2940 0 1885709.215625
2950 0 1885709.215625
2960 0 1885709.215625
2970 0 1885709.215625
2980 0 1885709.215625
2990 0 1885709.215625
3000 0 1885709.215625
3010 0 1885709.215625
3020 0 1885709.215625
3030 0 1885709.215625
3040 0 1885709.215625
3050 0 1885709.215625
3060 0 1885709.215625
3070 0 1885709.215625
3080 0 1885709.215625
3090 0 1885709.215625
3100 0 1885709.215625
3110 0 1885709.215625
3120 0 1885709.215625
3130 0 1885709.215625
3140 0 1885709.215625
3150 0 1885709.215625
3160 0 1885709.215625
3170 0 1885709.215625
3180 0 1885709.215625
3190 0 1885709.215625
3200 0 1885709.215625
3210 0 1885709.215625
3220 0 1885709.215625
3230 0 1885709.215625
3240 0 1885709.215625
3250 0 1885709.215625
3260 0 1885709.215625
3270 0 1885709.215625
3280 0 1885709.215625
3290 0 1885709.215625
3300 0 1885709.215625
3310 0 1885709.215625
3320 0 1885709.215625
3330 0 1885709.215625
3340 0 1885709.215625
3350 0 1885709.215625
3360 0 1885709.215625
3370 0 1885709.215625
3380 0 1885709.215625
3390 0 1885709.215625
3400 0 1885709.215625
3410 0 1885709.215625
3420 0 1885709.215625
3430 0 1885709.215625
3440 0 1885709.215625
3450 0 1885709.215625
3460 0 1885709.215625
3470 0 1885709.215625
3480 0 1885709.215625
3490 0 1885709.215625
3500 0 1885709.215625
3510 0 1885709.215625
3520 0 1885709.215625
3530 0 1885709.215625
3540 0 1885709.215625
3550 0 1885709.215625
3560 0 1885709.215625
3570 0 1885709.215625
3580 0 1885709.215625
3590 0 1885709.215625
3600 0 1885709.215625
3610 0 1885709.215625
3620 0 1885709.215625
3630 0 1885709.215625
3640 0 1885709.215625
3650 0 1885709.215625
3660 0 1885709.215625
3670 0 1885709.215625
3680 0 1885709.215625
3690 0 1885709.215625
3700 0 1885709.215625
3710 0 1885709.215625
3720 0 1885709.215625
3730 0 1885709.215625
3740 0 1885709.215625
3750 0 1885709.215625
3760 0 1885709.215625
3770 0 1885709.215625
3780 0 1885709.215625
3790 0 1885709.215625
3800 0 1885709.215625
3810 0 1885709.215625
3820 0 1885709.215625
3830 0 1885709.215625
3840 0 1885709.215625
3850 0 1885709.215625
3860 0 1885709.215625
3870 0 1885709.215625
3880 0 1885709.215625
3890 0 1885709.215625
3900 0 1885709.215625
3910 0 1885709.215625
3920 0 1885709.215625
3930 0 1885709.215625
3940 0 1885709.215625
3950 0 1885709.215625
3960 0 1885709.215625
3970 0 1885709.215625
3980 0 1885709.215625
3990 0 1885709.215625
4000 0 1885709.215625
4010 0 1885709.215625
4020 0 1885709.215625
4030 0 1885709.215625
4040 0 1885709.215625
4050 0 1885709.215625
4060 0 1885709.215625
4070 0 1885709.215625
4080 0 1885709.215625
4090 0 1885709.215625
4100 0 1885709.215625
4110 0 1885709.215625
4120 0 1885709.215625
4130 0 1885709.215625
4140 0 1885709.215625
4150 0 1885709.215625
4160 0 1885709.215625
4170 0 1885709.215625
4180 0 1885709.215625
4190 0 1885709.215625
4200 0 1885709.215625
4210 0 1885709.215625
4220 0 1885709.215625
4230 0 1885709.215625
4240 0 1885709.215625
4250 0 1885709.215625
4260 0 1885709.215625
4270 0 1885709.215625
4280 0 1885709.215625
4290 0 1885709.215625
4300 0 1885709.215625
4310 0 1885709.215625
4320 0 1885709.215625
4330 0 1885709.215625
4340 0 1885709.215625
4350 0 1885709.215625
4360 0 1885709.215625
4370 0 1885709.215625
4380 0 1885709.215625
4390 0 1885709.215625
4400 0 1885709.215625
4410 0 1885709.215625
4420 0 1885709.215625
4430 0 1885709.215625
4440 0 1885709.215625
4450 0 1885709.215625
4460 0 1885709.215625
4470 0 1885709.215625
4480 0 1885709.215625
4490 0 1885709.215625
4500 0 1885709.215625
4510 0 1885709.215625
4520 0 1885709.215625
4530 0 1885709.215625
4540 0 1885709.215625
4550 0 1885709.215625
4560 0 1885709.215625
4570 0 1885709.215625
4580 0 1885709.215625
4590 0 1885709.215625
4600 0 1885709.215625
4610 0 1885709.215625
4620 0 1885709.215625
4630 0 1885709.215625
4640 0 1885709.215625
4650 0 1885709.215625
4660 0 1885709.215625
4670 0 1885709.215625
4680 0 1885709.215625
4690 0 1885709.215625
4700 0 1885709.215625
4710 0 1885709.215625
4720 0 1885709.215625
4730 0 1885709.215625
4740 0 1885709.215625
4750 0 1885709.215625
4760 0 1885709.215625
4770 0 1885709.215625
4780 0 1885709.215625
4790 0 1885709.215625
4800 0 1885709.215625
4810 0 1885709.215625
4820 0 1885709.215625
4830 0 1885709.215625
4840 0 1885709.215625
4850 0 1885709.215625
4860 0 1885709.215625
4870 0 1885709.215625
4880 0 1885709.215625
4890 0 1885709.215625
4900 0 1885709.215625
4910 0 1885709.215625
4920 0 1885709.215625
4930 0 1885709.215625
4940 0 1885709.215625
4950 0 1885709.215625
4960 0 1885709.215625
4970 0 1885709.215625
4980 0 1885709.215625
4990 0 1885709.215625
5000 0 1885709.215625
5010 0 1885709.215625
5020 0 1885709.215625
5030 0 1885709.215625
5040 0 1885709.215625
5050 0 1885709.215625
5060 0 1885709.215625
5070 0 1885709.215625
5080 0 1885709.215625
5090 0 1885709.215625
5100 0 1885709.215625
5110 0 1885709.215625
5120 0 1885709.215625
5130 0 1885709.215625
5140 0 1885709.215625
5150 0 1885709.215625
5160 0 1885709.215625
5170 0 1885709.215625
5180 0 1885709.215625
5190 0 1885709.215625
5200 0 1885709.215625
5210 0 1885709.215625
5220 0 1885709.215625
5230 0 1885709.215625
5240 0 1885709.215625
5250 0 1885709.215625
5260 0 1885709.215625
5270 0 1885709.215625
5280 0 1885709.215625
5290 0 1885709.215625
5300 0 1885709.215625
5310 0 1885709.215625
5320 0 1885709.215625
5330 0 1885709.215625
5340 0 1885709.215625
5350 0 1885709.215625
5360 0 1885709.215625
5370 0 1885709.215625
5380 0 1885709.215625
5390 0 1885709.215625
5400 0 1885709.215625
5410 0 1885709.215625
5420 0 1885709.215625
5430 0 1885709.215625
5440 0 1885709.215625
5450 0 1885709.215625
5460 0 1885709.215625
5470 0 1885709.215625
5480 0 1885709.215625
5490 0 1885709.215625
5500 0 1885709.215625
5510 0 1885709.215625
5520 0 1885709.215625
5530 0 1885709.215625
5540 0 1885709.215625
5550 0 1885709.215625
5560 0 1885709.215625
5570 0 1885709.215625
5580 0 1885709.215625
5590 0 1885709.215625
5600 0 1885709.215625
5610 0 1885709.215625
5620 0 1885709.215625
5630 0 1885709.215625
5640 0 1885709.215625
5650 0 1885709.215625
5660 0 1885709.215625
5670 0 1885709.215625
5680 0 1885709.215625
5690 0 1885709.215625
5700 0 1885709.215625
5710 0 1885709.215625
5720 0 1885709.215625
5730 0 1885709.215625
5740 0 1885709.215625
5750 0 1885709.215625
5760 0 1885709.215625
5770 0 1885709.215625
5780 0 1885709.215625
5790 0 1885709.215625
5800 0 1885709.215625
5810 0 1885709.215625
5820 0 1885709.215625
5830 0 1885709.215625
5840 0 1885709.215625
5850 0 1885709.215625
5860 0 1885709.215625
5870 0 1885709.215625
5880 0 1885709.215625
5890 0 1885709.215625
5900 0 1885709.215625
5910 0 1885709.215625
5920 0 1885709.215625
5930 0 1885709.215625
5940 0 1885709.215625
5950 0 1885709.215625
5960 0 1885709.215625
5970 0 1885709.215625
5980 0 1885709.215625
5990 0 1885709.215625
6000 0 1885709.215625
6010 0 1885709.215625
6020 0 1885709.215625
6030 0 1885709.215625
6040 0 1885709.215625
6050 0 1885709.215625
6060 0 1885709.215625
6070 0 1885709.215625
6080 0 1885709.215625
6090 0 1885709.215625
6100 0 1885709.215625
6110 0 1885709.215625
6120 0 1885709.215625
6130 0 1885709.215625
6140 0 1885709.215625
6150 0 1885709.215625
6160 0 1885709.215625
6170 0 1885709.215625
6180 0 1885709.215625
6190 0 1885709.215625
6200 0 1885709.215625
6210 0 1885709.215625
6220 0 1885709.215625
6230 0 1885709.215625
6240 0 1885709.215625
6250 0 1885709.215625
6260 0 1885709.215625
6270 0 1885709.215625
6280 0 1885709.215625
6290 0 1885709.215625
6300 0 1885709.215625
6310 0 1885709.215625
6320 0 1885709.215625
6330 0 1885709.215625
6340 0 1885709.215625
6350 0 1885709.215625
6360 0 1885709.215625
6370 0 1885709.215625
6380 0 1885709.215625
6390 0 1885709.215625
6400 0 1885709.215625
6410 0 1885709.215625
6420 0 1885709.215625
6430 0 1885709.215625
6440 0 1885709.215625
6450 0 1885709.215625
6460 0 1885709.215625
6470 0 1885709.215625
6480 0 1885709.215625
6490 0 1885709.215625
6500 0 1885709.215625
6510 0 1885709.215625
6520 0 1885709.215625
6530 0 1885709.215625
6540 0 1885709.215625
6550 0 1885709.215625
6560 0 1885709.215625
6570 0 1885709.215625
6580 0 1885709.215625
6590 0 1885709.215625
6600 0 1885709.215625
6610 0 1885709.215625
6620 0 1885709.215625
6630 0 1885709.215625
6640 0 1885709.215625
6650 0 1885709.215625
6660 0 1885709.215625
6670 0 1885709.215625
6680 0 1885709.215625
6690 0 1885709.215625
6700 0 1885709.215625
6710 0 1885709.215625
6720 0 1885709.215625
6730 0 1885709.215625
6740 0 1885709.215625
6750 0 1885709.215625
6760 0 1885709.215625
6770 0 1885709.215625
6780 0 1885709.215625
6790 0 1885709.215625
6800 0 1885709.215625
6810 0 1885709.215625
6820 0 1885709.215625
6830 0 1885709.215625
6840 0 1885709.215625
6850 0 1885709.215625
6860 0 1885709.215625
6870 0 1885709.215625
6880 0 1885709.215625
6890 0 1885709.215625
6900 0 1885709.215625
6910 0 1885709.215625
6920 0 1885709.215625
6930 0 1885709.215625
6940 0 1885709.215625
6950 0 1885709.215625
6960 0 1885709.215625
6970 0 1885709.215625
6980 0 1885709.215625
6990 0 1885709.215625
7000 0 1885709.215625
7010 0 1885709.215625
7020 0 1885709.215625
7030 0 1885709.215625
7040 0 1885709.215625
7050 0 1885709.215625
7060 0 1885709.215625
7070 0 1885709.215625
7080 0 1885709.215625
7090 0 1885709.215625
7100 0 1885709.215625
7110 0 1885709.215625
7120 0 1885709.215625
7130 0 1885709.215625
7140 0 1885709.215625
7150 0 1885709.215625
7160 0 1885709.215625
7170 0 1885709.215625
7180 0 1885709.215625
7190 0 1885709.215625
7200 0 1885709.215625
7210 0 1885709.215625
7220 0 1885709.215625
7230 0 1885709.215625
7240 0 1885709.215625
7250 0 1885709.215625
7260 0 1885709.215625
7270 0 1885709.215625
7280 0 1885709.215625
7290 0 1885709.215625
7300 0 1885709.215625
7310 0 1885709.215625
7320 0 1885709.215625
7330 0 1885709.215625
7340 0 1885709.215625
7350 0 1885709.215625
7360 0 1885709.215625
7370 0 1885709.215625
7380 0 1885709.215625
7390 0 1885709.215625
7400 0 1885709.215625
7410 0 1885709.215625
7420 0 1885709.215625
7430 0 1885709.215625
7440 0 1885709.215625
7450 0 1885709.215625
7460 0 1885709.215625
7470 0 1885709.215625
7480 0 1885709.215625
7490 0 1885709.215625
7500 0 1885709.215625
7510 0 1885709.215625
7520 0 1885709.215625
7530 0 1885709.215625
7540 0 1885709.215625
7550 0 1885709.215625
7560 0 1885709.215625
7570 0 1885709.215625
7580 0 1885709.215625
7590 0 1885709.215625
7600 0 1885709.215625
7610 0 1885709.215625
7620 0 1885709.215625
7630 0 1885709.215625
7640 0 1885709.215625
7650 0 1885709.215625
7660 0 1885709.215625
7670 0 1885709.215625
7680 0 1885709.215625
7690 0 1885709.215625
7700 0 1885709.215625
7710 0 1885709.215625
7720 0 1885709.215625
7730 0 1885709.215625
7740 0 1885709.215625
7750 0 1885709.215625
7760 0 1885709.215625
7770 0 1885709.215625
7780 0 1885709.215625
7790 0 1885709.215625
7800 0 1885709.215625
7810 0 1885709.215625
7820 0 1885709.215625
7830 0 1885709.215625
7840 0 1885709.215625
7850 0 1885709.215625
7860 0 1885709.215625
7870 0 1885709.215625
7880 0 1885709.215625
