10 1.4 943.2625209263393 880.0140160490906 2980.322998046875 63.241943359375 0 0
20 3.1 5688.119353263609 3707.9066211090253 13206.049072265625 63.241943359375 943.2625209263393 14
30 3.7 7925.845934068834 4285.3654065317405 16518.220947265625 63.241943359375 4211.9416720920135 45
40 5.4 11093.099812825521 5687.343332328127 23492.031005859375 63.241943359375 5887.727741520579 82
50 3 12839.842895507813 4850.041443191491 23492.031005859375 63.241943359375 7954.566652185777 136
60 7 13422.068136160715 5828.20159579619 23492.031005859375 63.241943359375 8837.447900978916 166
70 3 9923.057120768231 10969.324451025088 28190.699951171875 2.365966796875 10197.292885990466 236
80 28.3 2884.4536357111315 9020.037370670789 53961.322021484375 1.76611328125 10166.36404028871 266
90 40.7 5460.996769185733 13410.236747275865 53961.322021484375 1.755859375 6412.66523428606 549
100 62.1 3712.568853946503 10815.074860303923 63976.4208984375 1.755859375 6007.509308244394 956
110 70.8 1483.0607082560912 8364.975182997408 76480.07397460938 1.755859375 5103.794646152453 1577
120 78.6 3350.8845208631496 11748.871890382376 76480.07397460938 1.755859375 3981.9217236007576 2285
130 119.5 2457.816083861797 10038.824707010917 76480.07397460938 1.721923828125 3820.4123646454464 3071
140 140.7 917.4516084477169 5420.877920918907 76480.07397460938 1.705078125 3438.7193136523706 4266
150 147.8 1477.2360557380648 6409.3109488466325 76480.07397460938 1.697998046875 2813.4022572055264 5673
160 98.1 3532.45468516063 12097.31386411868 76480.07397460938 1.697998046875 2537.237574536123 7151
170 38.6 9858.385530936288 18164.99710432603 76480.07397460938 1.697998046875 2657.295123173929 8132
180 27.1 9099.943795404744 4979.498373639805 76480.07397460938 1.697998046875 2983.618309062197 8518
190 21.4 4040.6099785064976 3936.0129292628853 76480.07397460938 1.697998046875 3172.209071014504 8789
200 7.1 1826.3283966494273 5436.172206526372 76480.07397460938 1.697998046875 3192.8508342271316 9003
210 1.5 18.928173828125 29.829994325087387 76480.07397460938 1.697998046875 3182.158406073284 9074
220 0.5 13.071142578125 5.247175393698597 76480.07397460938 1.697998046875 3176.937979900583 9089
230 0 0 0 76480.07397460938 1.697998046875 3175.198444582064 9094
240 0.1 12.302978515625 0.0 76480.07397460938 1.697998046875 3175.198444582064 9094
250 0 0 0 76480.07397460938 1.697998046875 3174.8506825737004 9095
260 0 0 0 76480.07397460938 1.697998046875 3174.8506825737004 9095
270 0 0 0 76480.07397460938 1.697998046875 3174.8506825737004 9095
271 0 0 0 76480.07397460938 1.697998046875 3174.8506825737004 9095
