40 0.1 34656.408935546875 0 34656.408935546875 34656.408935546875 0 0
50 0.2 44570.3544921875 1071.274658203125 45641.629150390625 34656.408935546875 34656.408935546875 1
60 0.3 46477.5654296875 3553.7194423945457 49164.85595703125 34656.408935546875 41265.70597330729 3
70 0.2 61344.39099121094 5278.6260986328125 66623.01708984375 34656.408935546875 43871.6357014974 6
80 1.8 39093.13003200955 26401.819901849987 71178.1728515625 1089.333984375 48239.82452392578 8
90 5.5 26836.92069868608 27579.60768272283 87323.02099609375 1089.333984375 41907.49756798377 26
100 9.9 30488.367281210543 24502.726599238194 88981.32202148438 1089.333984375 31674.38981722608 81
110 11.2 25041.419217790874 27442.00819113758 101003.55102539063 1089.333984375 31022.077422417533 180
120 12.4 28282.3573726531 27269.42730108282 112012.408203125 1089.333984375 28728.126330231968 292
130 16.6 26043.658700230622 24983.84901375575 112012.408203125 1089.333984375 28595.252890953652 416
140 26.4 21771.780053341026 21196.529755275336 119850.02490234375 1089.333984375 27867.47860287801 582
150 25.6 21099.795530319214 22578.862786943795 119850.02490234375 1089.333984375 25965.274800185616 846
160 27.6 27000.16086213485 24807.488716771022 130319.79711914063 1089.333984375 24835.0001240642 1102
170 14.6 36073.32408162993 28897.34653079127 137877.8330078125 1089.333984375 25268.660765361372 1378
180 11.9 48064.846101135765 29857.58788871794 146046.72509765625 1089.333984375 26303.753182799173 1524
190 11.7 55696.679215912125 25299.357058363676 146046.72509765625 1089.333984375 27879.876163494275 1643
200 4.5 65392.61616210938 26018.436229043273 147343.76098632813 1089.333984375 29729.06136641069 1760
210 0.9 73824.2646484375 22454.855216703778 147343.76098632813 1089.333984375 30618.180461040298 1805
220 0.4 87356.83825683594 31429.182032740933 147343.76098632813 1089.333984375 30832.54361301746 1814
230 0 0 0 147343.76098632813 1089.333984375 30956.90949782234 1818
240 0.1 143081.36499023438 0.0 147343.76098632813 1089.333984375 30956.90949782234 1818
250 0 0 0 147343.76098632813 1089.333984375 31018.550210022677 1819
260 0 0 0 147343.76098632813 1089.333984375 31018.550210022677 1819
270 0 0 0 147343.76098632813 1089.333984375 31018.550210022677 1819
271 0 0 0 147343.76098632813 1089.333984375 31018.550210022677 1819
