10 1.9 19
20 0 19
30 7.3 92
40 2.5 117
50 6.3 180
60 1.5 195
70 7.1 266
80 4.1 307
90 5.7 364
100 4.6 410
110 12.8 538
120 21.2 750
130 14.6 896
140 9.1 987
150 16.5 1152
160 24.5 1397
170 24.9 1646
180 28 1926
190 15.4 2080
200 30.1 2381
210 21.7 2598
220 6.5 2663
230 2.2 2685
240 0.3 2688
250 0.3 2691
260 0 2691
270 0 2691
280 0 2691
290 0 2691
300 0 2691
310 0 2691
320 0 2691
330 0 2691
340 0 2691
350 0 2691
360 0 2691
370 0 2691
380 0 2691
390 0 2691
400 0 2691
410 0 2691
420 0 2691
430 0 2691
440 0 2691
450 0 2691
460 0 2691
470 0 2691
480 0 2691
490 0 2691
500 0 2691
510 0 2691
520 0 2691
530 0 2691
540 0 2691
550 0 2691
560 0 2691
570 0 2691
580 0 2691
590 0.1 2692
600 0 2692
610 0 2692
620 0 2692
630 0 2692
631 0 2692
