40 0.4 4
50 0.7 11
60 0 11
70 0.2 13
80 0.3 16
90 0.4 20
100 0.2 22
110 0.5 27
120 3.4 61
130 1.4 75
140 2.9 104
150 7.8 182
160 3.3 215
170 2.5 240
180 2.4 264
190 1.1 275
200 2.3 298
210 3.3 331
220 3.9 370
230 2.2 392
240 1.1 403
250 0.1 404
260 0.1 405
270 0.1 406
280 0 406
290 0 406
300 0 406
310 0 406
320 0 406
330 0 406
340 0 406
350 0 406
360 0 406
370 0 406
380 0 406
390 0 406
400 0 406
410 0 406
420 0 406
430 0 406
440 0 406
450 0 406
460 0 406
470 0 406
480 0 406
490 0 406
500 0 406
510 0 406
520 0 406
530 0 406
540 0 406
550 0 406
560 0 406
570 0 406
580 0 406
590 0 406
600 0 406
610 0 406
620 0 406
630 0 406
631 0 406
