90 0.6 6
100 0.3 9
110 0.1 10
120 0 10
130 0.1 11
140 0.1 12
150 0.3 15
160 0.1 16
170 0.1 17
180 0.3 20
190 3.3 53
200 0 53
210 0.5 58
220 0.2 60
230 0.1 61
240 0.3 64
250 2 84
260 6.9 153
270 0.9 162
280 0 162
290 0 162
300 0.2 164
310 0.3 167
320 0 167
330 1.5 182
340 1.1 193
350 0.3 196
360 0.4 200
370 0.3 203
380 0 203
390 0 203
400 0 203
410 0.4 207
420 0.3 210
430 0.2 212
440 0.1 213
450 0 213
460 0 213
470 0 213
480 0.1 214
490 0.3 217
500 0.1 218
510 0 218
520 0 218
530 0 218
540 0 218
550 0.1 219
560 0.2 221
570 0 221
580 0 221
590 0 221
600 0 221
610 0 221
620 0 221
630 0 221
631 0 221
