10 1.3 82.79056490384616 281.3446893217967 1057.39697265625 1.33203125 0 0
20 2.2 1.8089488636363635 0.2484529346196483 1057.39697265625 1.318115234375 82.79056490384616 13
30 3.1 1.6840426537298387 0.33408987798209955 1057.39697265625 1.2109375 31.887834821428573 35
40 4.6 1.5595437754755435 0.3023285668933404 1057.39697265625 1.132080078125 17.70120516690341 66
50 5.2 1.7558781550480769 0.8680473128936294 1057.39697265625 1.06494140625 11.07159423828125 112
60 5 1.5844091796875 0.2748207323369515 1057.39697265625 1.06494140625 8.117830602134147 164
70 7.2 1.8128628200954862 1.074460290277535 1057.39697265625 1.06494140625 6.591330269786799 214
80 10.3 1.6100529050364079 0.5379936008309683 1057.39697265625 1.02490234375 5.388359443291084 286
90 8.3 1.7031279414533131 0.8275041574787908 1057.39697265625 1.02490234375 4.38793380462725 389
100 14.2 1.4763372716769365 0.42333726387366905 1057.39697265625 1.0 3.915817519365731 472
110 16.2 2.4811634958526234 3.532399771872459 1057.39697265625 1.0 3.351638048401873 614
120 13.5 1.525716145833333 0.3901552068178968 1057.39697265625 1.0 3.169915268101643 776
130 32.6 1.624286300565568 1.2382835921546371 1057.39697265625 1.0 2.9262633674361966 911
140 33.8 1.5246639816013317 0.5173752214950154 1057.39697265625 0.9541015625 2.583139257654608 1237
150 35.4 2.3326457395391964 2.2590445771434084 1057.39697265625 0.9541015625 2.3559871031746034 1575
160 9.1 2.8234541337568686 2.6696898274053 1057.39697265625 0.677978515625 2.351703618090656 1929
170 1.8 2.8798014322916665 2.687158179662121 1057.39697265625 0.677978515625 2.3729557452815597 2020
180 1 2.1171142578125 0.8923268307922262 1057.39697265625 0.677978515625 2.3774323018891073 2038
190 1.4 2.8525913783482144 2.9672029224061403 1057.39697265625 0.677978515625 2.3761612176895146 2048
200 0.6 2.5021158854166665 1.169412455658639 1057.39697265625 0.677978515625 2.379395952048982 2062
210 0.7 3.0094168526785716 2.358587914558848 1057.39697265625 0.677978515625 2.3797520060142654 2068
220 0 0 0 1057.39697265625 0.677978515625 2.3818761765813257 2075
230 0 0 0 1057.39697265625 0.677978515625 2.3818761765813257 2075
240 0 0 0 1057.39697265625 0.677978515625 2.3818761765813257 2075
250 0.2 6.0570068359375 4.4490966796875 1057.39697265625 0.677978515625 2.3818761765813257 2075
260 0.6 1.6571858723958333 0.2138970720458321 1057.39697265625 0.677978515625 2.385415060220571 2077
270 0.3 1.6673990885416667 0.17040075101890884 1057.39697265625 0.677978515625 2.3833174245379265 2083
280 0 0 0 1057.39697265625 0.677978515625 2.382287820027865 2086
290 0 0 0 1057.39697265625 0.677978515625 2.382287820027865 2086
300 0 0 0 1057.39697265625 0.677978515625 2.382287820027865 2086
310 0 0 0 1057.39697265625 0.677978515625 2.382287820027865 2086
320 0 0 0 1057.39697265625 0.677978515625 2.382287820027865 2086
330 0 0 0 1057.39697265625 0.677978515625 2.382287820027865 2086
340 0 0 0 1057.39697265625 0.677978515625 2.382287820027865 2086
350 0 0 0 1057.39697265625 0.677978515625 2.382287820027865 2086
360 0 0 0 1057.39697265625 0.677978515625 2.382287820027865 2086
370 0 0 0 1057.39697265625 0.677978515625 2.382287820027865 2086
380 0 0 0 1057.39697265625 0.677978515625 2.382287820027865 2086
390 0 0 0 1057.39697265625 0.677978515625 2.382287820027865 2086
400 0 0 0 1057.39697265625 0.677978515625 2.382287820027865 2086
410 0 0 0 1057.39697265625 0.677978515625 2.382287820027865 2086
420 0 0 0 1057.39697265625 0.677978515625 2.382287820027865 2086
430 0.1 9.991943359375 0.0 1057.39697265625 0.677978515625 2.382287820027865 2086
440 0 0 0 1057.39697265625 0.677978515625 2.385934037344275 2087
450 0 0 0 1057.39697265625 0.677978515625 2.385934037344275 2087
460 0 0 0 1057.39697265625 0.677978515625 2.385934037344275 2087
470 0 0 0 1057.39697265625 0.677978515625 2.385934037344275 2087
480 0 0 0 1057.39697265625 0.677978515625 2.385934037344275 2087
490 0 0 0 1057.39697265625 0.677978515625 2.385934037344275 2087
500 0 0 0 1057.39697265625 0.677978515625 2.385934037344275 2087
510 0 0 0 1057.39697265625 0.677978515625 2.385934037344275 2087
520 0 0 0 1057.39697265625 0.677978515625 2.385934037344275 2087
530 0 0 0 1057.39697265625 0.677978515625 2.385934037344275 2087
540 0 0 0 1057.39697265625 0.677978515625 2.385934037344275 2087
550 0 0 0 1057.39697265625 0.677978515625 2.385934037344275 2087
560 0 0 0 1057.39697265625 0.677978515625 2.385934037344275 2087
570 0 0 0 1057.39697265625 0.677978515625 2.385934037344275 2087
580 0 0 0 1057.39697265625 0.677978515625 2.385934037344275 2087
590 0 0 0 1057.39697265625 0.677978515625 2.385934037344275 2087
600 0 0 0 1057.39697265625 0.677978515625 2.385934037344275 2087
610 0 0 0 1057.39697265625 0.677978515625 2.385934037344275 2087
620 0 0 0 1057.39697265625 0.677978515625 2.385934037344275 2087
630 0 0 0 1057.39697265625 0.677978515625 2.385934037344275 2087
631 0 0 0 1057.39697265625 0.677978515625 2.385934037344275 2087
