30 0.5 9542.104443359374 5485.769691535289 17518.0458984375 3870.822021484375 0 0
40 1.2 12398.206136067709 7057.616055199344 24924.575927734375 3870.822021484375 9542.104443359374 5
50 2.9 14657.3502070986 9222.198949838315 41557.470947265625 3870.822021484375 11558.176226447611 17
60 4.2 16426.74040876116 11545.219438936856 47960.8291015625 3870.822021484375 13512.003301205843 46
70 3.9 17017.283459785664 11903.751183091686 57780.391845703125 1948.805908203125 14903.12782981179 88
80 5.9 18488.749813791055 16602.05462154673 66697.46606445313 1948.805908203125 15552.356724055735 127
90 7.3 19442.573623448206 19227.367368061135 78157.56396484375 1556.087890625 16483.79324176748 186
100 6.7 17898.28483558768 16112.249104829074 84976.22192382813 1556.087890625 17317.735202627297 259
110 4.5 20366.31655815972 17447.35243469085 100849.06494140625 1556.087890625 17437.050617990317 326
120 5.8 25738.369633115566 11045.914229995047 100849.06494140625 1556.087890625 17792.352416663158 371
130 2.5 29753.813818359376 10876.55992366834 100849.06494140625 1556.087890625 18866.6391265798 429
140 6.6 33651.165183327415 21426.511752019225 121820.42602539063 1556.087890625 19466.15315145753 454
150 10.8 25741.850990577976 19793.47626529493 135837.4130859375 1556.087890625 21266.558524733322 520
160 13.6 29860.89710190717 19259.794616724936 135837.4130859375 1556.087890625 22036.19480866839 628
170 11.8 36483.385421494306 16901.73649368563 135837.4130859375 1556.087890625 23429.07375092032 764
180 14.1 45598.09427464264 19363.567104296217 163318.59399414063 1556.087890625 25175.56896308328 882
190 7.3 61611.17869755993 24607.21070598272 175180.56591796875 1556.087890625 27990.403830072402 1023
200 20.7 63766.13222632661 14130.842893577224 184704.80786132813 1556.087890625 30229.743761939728 1096
210 24.8 70704.84627311456 12107.190193415361 184704.80786132813 1556.087890625 35557.47393241408 1303
220 10.3 80181.46601941751 12542.295092874632 184704.80786132813 1556.087890625 41177.42773028237 1551
230 3.4 88803.57527429918 9531.765073574936 184704.80786132813 1556.087890625 43606.33700705438 1654
240 1.2 106665.16687011719 11290.043399128035 184704.80786132813 1556.087890625 44516.70792002021 1688
250 0.5 137025.47690429687 45192.05575507901 226343.11108398438 1556.087890625 44955.40292437384 1700
260 3.1 141502.02612304688 15288.382703546444 226343.11108398438 1556.087890625 45225.40314132376 1705
270 2.9 153000.47630994074 21805.253417590884 239234.23486328125 1556.087890625 46944.62855171168 1736
280 0.4 159221.02178955078 5161.1497531574905 239234.23486328125 1556.087890625 48687.189223093344 1765
290 0 0 0 239234.23486328125 1556.087890625 48937.12440131032 1769
300 0 0 0 239234.23486328125 1556.087890625 48937.12440131032 1769
310 0 0 0 239234.23486328125 1556.087890625 48937.12440131032 1769
320 0 0 0 239234.23486328125 1556.087890625 48937.12440131032 1769
330 0.9 216148.58159722222 16118.559734497128 254490.328125 1556.087890625 48937.12440131032 1769
340 1.4 224487.56091308594 9244.654734815134 254490.328125 1556.087890625 49783.5266030894 1778
350 0.2 222374.81005859375 2422.678955078125 254490.328125 1556.087890625 51148.40187113625 1792
360 0.1 252216.52612304688 0.0 254490.328125 1556.087890625 51339.28972864735 1794
370 0 0 0 254490.328125 1556.087890625 51451.199052543954 1795
380 0 0 0 254490.328125 1556.087890625 51451.199052543954 1795
390 0 0 0 254490.328125 1556.087890625 51451.199052543954 1795
400 0 0 0 254490.328125 1556.087890625 51451.199052543954 1795
410 0.4 284916.11151123047 3396.010993553942 289995.56787109375 1556.087890625 51451.199052543954 1795
420 0.1 296550.3078613281 0.0 296550.3078613281 1556.087890625 51970.29835762163 1799
430 0 0 0 296550.3078613281 1556.087890625 52106.17614067924 1800
440 0 0 0 296550.3078613281 1556.087890625 52106.17614067924 1800
450 0 0 0 296550.3078613281 1556.087890625 52106.17614067924 1800
460 0 0 0 296550.3078613281 1556.087890625 52106.17614067924 1800
470 0 0 0 296550.3078613281 1556.087890625 52106.17614067924 1800
480 0.1 380244.0881347656 0.0 380244.0881347656 1556.087890625 52106.17614067924 1800
490 0.1 391094.4260253906 0.0 391094.4260253906 1556.087890625 52288.37375977646 1801
500 0 0 0 391094.4260253906 1556.087890625 52476.39043694939 1802
510 0 0 0 391094.4260253906 1556.087890625 52476.39043694939 1802
520 0 0 0 391094.4260253906 1556.087890625 52476.39043694939 1802
530 0 0 0 391094.4260253906 1556.087890625 52476.39043694939 1802
540 0 0 0 391094.4260253906 1556.087890625 52476.39043694939 1802
550 0 0 0 391094.4260253906 1556.087890625 52476.39043694939 1802
560 0.1 443380.330078125 0.0 443380.330078125 1556.087890625 52476.39043694939 1802
570 0 0 0 443380.330078125 1556.087890625 52693.19794645642 1803
580 0 0 0 443380.330078125 1556.087890625 52693.19794645642 1803
590 0.2 469462.0225830078 8350.504516601563 477812.5270996094 1556.087890625 52693.19794645642 1803
600 0 0 0 477812.5270996094 1556.087890625 53154.99165796506 1805
610 0 0 0 477812.5270996094 1556.087890625 53154.99165796506 1805
620 0 0 0 477812.5270996094 1556.087890625 53154.99165796506 1805
630 0 0 0 477812.5270996094 1556.087890625 53154.99165796506 1805
631 0 0 0 477812.5270996094 1556.087890625 53154.99165796506 1805
