10 0.3 3
20 0.6 9
30 5.9 68
40 0 68
50 0 68
60 0 68
70 0 68
80 0 68
90 0 68
100 0.1 69
110 0 69
120 0 69
130 0 69
140 0.1 70
150 0 70
160 0 70
170 0 70
180 0 70
190 0 70
200 0 70
210 0 70
220 0 70
230 0 70
240 0 70
250 0 70
260 0 70
270 0 70
280 0.3 73
290 0.1 74
300 0 74
310 0.1 75
320 0 75
330 0 75
340 0.8 83
350 1.2 95
360 2.1 116
370 3.9 155
380 0.1 156
390 2.8 184
400 4.5 229
410 1.2 241
420 0.2 243
430 0 243
440 0 243
450 0 243
460 0 243
470 0 243
480 0 243
490 0 243
500 0 243
510 0 243
520 0 243
530 0 243
540 0 243
550 0 243
560 0 243
570 0 243
580 0 243
590 0 243
600 0 243
610 0 243
620 0 243
630 0 243
640 0 243
650 0 243
660 0 243
670 0 243
680 0 243
690 0 243
700 0 243
710 0 243
720 0.1 244
730 0 244
740 0 244
750 0 244
760 0 244
770 0 244
780 0 244
790 0 244
800 0 244
810 0 244
820 0 244
830 0 244
840 0 244
850 0 244
860 0 244
870 0 244
880 0 244
890 0 244
900 0 244
910 0 244
920 0 244
930 0 244
940 0 244
950 0 244
960 0 244
970 0 244
980 0 244
990 0 244
1000 0 244
1010 0 244
1020 0 244
1030 0 244
1040 0 244
1050 0 244
1060 0 244
1070 0 244
1080 0 244
1090 0 244
1100 0 244
1110 0 244
1120 0 244
1130 0 244
1140 0 244
1150 0.1 245
1160 0 245
1170 0 245
1180 0 245
1190 0 245
1200 0 245
1210 0 245
1220 0.1 246
1230 0 246
1240 0 246
1250 0 246
1260 0 246
1270 0 246
1280 0 246
1290 0 246
1300 0.3 249
1310 0.2 251
1320 0 251
1330 0.1 252
1340 0 252
1350 0 252
1360 0.1 253
1370 0 253
1380 0 253
1390 0 253
1400 0.1 254
1410 0.1 255
1420 0.1 256
1430 0.7 263
1440 0.4 267
1450 1.1 278
1460 0 278
1470 0 278
1480 0 278
1490 0 278
1500 0 278
1510 0 278
1520 0 278
1530 1.4 292
1540 5.2 344
1550 0.2 346
1560 0.1 347
1570 0 347
1580 0 347
1590 0 347
1592 0 347
