50 10 100
60 26.3 363
70 38 743
80 60.6 1349
90 62.3 1972
100 86.1 2833
110 125.7 4090
120 131 5400
130 169.4 7094
140 224.1 9335
150 253 11865
160 132.4 13189
170 32.5 13514
180 9.7 13611
190 1.8 13629
200 1.6 13645
210 0.5 13650
220 0.3 13653
230 0 13653
240 0 13653
250 0 13653
260 0 13653
270 0 13653
280 0 13653
290 0 13653
300 0 13653
310 0 13653
320 0 13653
330 0 13653
340 0 13653
350 0 13653
360 0 13653
370 0 13653
380 0 13653
390 0 13653
400 0 13653
410 0 13653
420 0 13653
430 0 13653
440 0 13653
450 0 13653
460 0 13653
470 0 13653
480 0 13653
490 0 13653
500 0 13653
510 0 13653
520 0 13653
530 0 13653
540 0 13653
550 0 13653
560 0 13653
570 0 13653
580 0 13653
590 0 13653
600 0 13653
610 0 13653
620 0 13653
630 0 13653
640 0 13653
650 0 13653
660 0 13653
670 0 13653
680 0 13653
690 0 13653
700 0 13653
710 0 13653
720 0 13653
730 0 13653
740 0 13653
750 0 13653
760 0 13653
770 0 13653
780 0 13653
790 0 13653
800 0 13653
810 0 13653
820 0 13653
830 0 13653
840 0 13653
850 0 13653
860 0 13653
870 0 13653
880 0 13653
890 0 13653
900 0 13653
910 0 13653
920 0 13653
930 0 13653
940 0 13653
950 0 13653
960 0 13653
970 0 13653
980 0 13653
990 0 13653
1000 0 13653
1010 0 13653
1020 0 13653
1030 0 13653
1040 0 13653
1050 0 13653
1060 0 13653
1070 0 13653
1080 0 13653
1090 0 13653
1100 0 13653
1110 0 13653
1120 0 13653
1130 0 13653
1140 0 13653
1150 0 13653
1160 0 13653
1170 0 13653
1180 0 13653
1190 0 13653
1200 0 13653
1210 0 13653
1220 0 13653
1230 0 13653
1240 0 13653
1250 0 13653
1260 0 13653
1270 0 13653
1280 0 13653
1290 0 13653
1300 0 13653
1310 0 13653
1320 0 13653
1330 0 13653
1340 0 13653
1350 0 13653
1360 0 13653
1370 0 13653
1380 0 13653
1390 0 13653
1400 0 13653
1410 0 13653
1420 0 13653
1430 0 13653
1440 0 13653
1450 0 13653
1460 0 13653
1470 0 13653
1480 0 13653
1490 0 13653
1500 0 13653
1510 0 13653
1520 0 13653
1530 0 13653
1540 0 13653
1550 0 13653
1560 0 13653
1570 0 13653
1580 0 13653
1590 0 13653
1592 0 13653
