0 0 0
10 1 10
20 1.8 28
30 1.9 47
40 4 87
50 4.3 130
60 4.2 172
70 6.4 236
80 8.4 320
90 7.2 392
100 13.6 528
110 17.3 701
120 16.7 868
130 24.7 1115
140 30.6 1421
150 33.8 1759
160 5.3 1812
170 0 1812
180 0 1812
190 0 1812
200 0 1812
210 0 1812
220 0 1812
230 0 1812
240 0 1812
250 0 1812
260 0 1812
270 0 1812
280 0 1812
290 0 1812
300 0 1812
310 0 1812
320 0 1812
330 0 1812
340 0 1812
350 0 1812
360 0 1812
370 0 1812
380 0 1812
390 0 1812
400 0 1812
410 0 1812
420 0 1812
430 0 1812
440 0 1812
450 0 1812
460 0 1812
470 0 1812
480 0 1812
490 0 1812
500 0 1812
510 0 1812
520 0 1812
530 0 1812
540 0 1812
550 0 1812
560 0 1812
570 0 1812
580 0 1812
590 0 1812
600 0 1812
610 0 1812
620 0 1812
630 0 1812
640 0 1812
650 0 1812
660 0 1812
670 0 1812
680 0 1812
690 0 1812
700 0 1812
710 0 1812
720 0 1812
730 0 1812
740 0 1812
750 0 1812
760 0 1812
770 0 1812
780 0 1812
790 0 1812
800 0 1812
810 0 1812
820 0 1812
830 0 1812
840 0 1812
850 0 1812
860 0 1812
870 0 1812
880 0 1812
890 0 1812
900 0 1812
910 0 1812
920 0 1812
930 0 1812
940 0 1812
950 0 1812
960 0 1812
970 0 1812
980 0 1812
990 0 1812
1000 0 1812
1010 0 1812
1020 0 1812
1030 0 1812
1040 0 1812
1050 0 1812
1060 0 1812
1070 0 1812
1080 0 1812
1090 0 1812
1100 0 1812
1110 0 1812
1120 0 1812
1130 0 1812
1140 0 1812
1150 0 1812
1160 0 1812
1170 0 1812
1180 0 1812
1190 0 1812
1200 0 1812
1210 0 1812
1220 0 1812
1230 0 1812
1240 0 1812
1250 0 1812
1260 0 1812
1270 0 1812
1280 0 1812
1290 0 1812
1300 0 1812
1310 0 1812
1320 0 1812
1330 0 1812
1340 0 1812
1350 0 1812
1360 0 1812
1370 0 1812
1380 0 1812
1390 0 1812
1400 0 1812
1410 0 1812
1420 0 1812
1430 0 1812
1440 0 1812
1450 0 1812
1460 0 1812
1470 0 1812
1480 0 1812
1490 0 1812
1500 0 1812
1510 0 1812
1520 0 1812
1530 0 1812
1540 0 1812
1550 0 1812
1560 0 1812
1570 0 1812
1580 0 1812
1590 0 1812
1592 0 1812
