0 0 0
10 10 10
20 28 28
30 47 47
40 87 87
50 130 130
60 160 161
70 189 189
80 222 223
90 226 230
100 276 276
110 336 337
120 361 367
130 437 439
140 523 523
150 592 605
160 347 605
170 183 605
180 126 605
190 113 605
200 111 605
210 108 605
220 106 605
230 106 605
240 106 605
250 106 605
260 106 605
270 106 605
280 106 605
290 106 605
300 106 605
310 106 605
320 106 605
330 106 605
340 106 605
350 106 605
360 106 605
370 103 605
380 103 605
390 103 605
400 100 605
410 100 605
420 99 605
430 99 605
440 99 605
450 99 605
460 99 605
470 99 605
480 99 605
490 99 605
500 99 605
510 99 605
520 99 605
530 99 605
540 99 605
550 99 605
560 99 605
570 99 605
580 99 605
590 99 605
600 99 605
610 99 605
620 99 605
630 99 605
640 99 605
650 99 605
660 99 605
670 99 605
680 99 605
690 99 605
700 99 605
710 99 605
720 99 605
730 99 605
740 99 605
750 99 605
760 99 605
770 99 605
780 99 605
790 99 605
800 99 605
810 99 605
820 99 605
830 99 605
840 99 605
850 99 605
860 99 605
870 99 605
880 99 605
890 99 605
900 99 605
910 99 605
920 99 605
930 99 605
940 99 605
950 99 605
960 99 605
970 99 605
980 99 605
990 99 605
1000 99 605
1010 99 605
1020 99 605
1030 99 605
1040 99 605
1050 99 605
1060 99 605
1070 99 605
1080 99 605
1090 99 605
1100 99 605
1110 99 605
1120 99 605
1130 99 605
1140 99 605
1150 99 605
1160 99 605
1170 99 605
1180 99 605
1190 99 605
1200 99 605
1210 99 605
1220 99 605
1230 99 605
1240 99 605
1250 99 605
1260 99 605
1270 99 605
1280 99 605
1290 99 605
1300 98 605
1310 96 605
1320 96 605
1330 95 605
1340 95 605
1350 95 605
1360 94 605
1370 94 605
1380 94 605
1390 94 605
1400 93 605
1410 92 605
1420 91 605
1430 85 605
1440 81 605
1450 79 605
1460 79 605
1470 79 605
1480 79 605
1490 79 605
1500 79 605
1510 79 605
1520 79 605
1530 59 605
1540 5 605
1550 3 605
1560 1 605
1570 0 605
1580 0 605
1590 0 605
1592 0 605
