20 0.1 16778.9208984375 0 16778.9208984375 16778.9208984375 0 0
30 0 0 0 16778.9208984375 16778.9208984375 16778.9208984375 1
40 0 0 0 16778.9208984375 16778.9208984375 16778.9208984375 1
50 0.1 47479.4140625 0.0 47479.4140625 16778.9208984375 16778.9208984375 1
60 1.2 40202.843587239586 9391.19967498503 47780.1650390625 13094.263916015625 32129.16748046875 2
70 3.1 25878.01571950605 14657.963762436118 53915.264892578125 2147.237060546875 39049.46128627232 14
80 5.5 19198.819691051136 16359.347017069598 57599.774169921875 2147.237060546875 29975.79878472222 45
90 7.3 19480.18923573952 19303.784337304838 81404.86596679688 2147.237060546875 24048.460283203123 100
100 8.6 18009.01882721658 16121.008423603995 92728.10400390625 2147.237060546875 22120.80833831964 173
110 11 19030.441317471592 19587.441176043565 101675.80004882813 2131.598876953125 20755.503713011287 259
120 14.5 18133.543916689116 16973.702858634977 101675.80004882813 1336.701904296875 20241.25747043848 369
130 17.6 18619.17538313432 17935.8033131646 101675.80004882813 1223.52587890625 19646.66901655977 514
140 19.6 17289.25480558435 19760.358773078067 113995.54907226563 1129.6640625 19384.583683975885 690
150 27.8 25988.940296200537 29139.7701459814 140569.46508789063 1129.6640625 18921.057205234643 886
160 29.2 22014.764814821014 22482.68464737062 140569.46508789063 1129.6640625 20609.09113933131 1164
170 19.2 30507.241881052647 26548.663595968632 147075.35913085938 1129.6640625 20890.998222602597 1456
180 7.5 35450.721061197895 14400.294231606538 147075.35913085938 1129.6640625 22011.337289606487 1648
190 9.1 42587.172701322124 19696.358082931747 147075.35913085938 1129.6640625 22596.33658320449 1723
200 2.1 56433.29360816592 27593.87645687289 147075.35913085938 1129.6640625 23599.184481081393 1814
210 1 58167.03681640625 5495.5279195298735 147075.35913085938 1129.6640625 23974.942678176096 1835
213 0.1 63110.340087890625 0.0 147075.35913085938 1129.6640625 24160.265681635337 1845
