10 23.2890625 23.2890625
20 50.09140625 73.38046875
30 20.5765625 93.95703125
40 20.6421875 114.59921875
50 60.79453125 175.39375
60 218.31640625 393.71015625
70 138.47734375 532.1875
80 134.340625 666.528125
90 167.09453125 833.62265625
100 209.45390625 1043.0765625
110 279.95859375 1323.03515625
120 273.7828125 1596.81796875
130 331.69296875 1928.5109375
140 503.73125 2432.2421875
150 645.359375 3077.6015625
160 417.825 3495.4265625
170 152.76328125 3648.18984375
180 56.05859375 3704.2484375
190 47.82734375 3752.07578125
200 20.56640625 3772.6421875
210 5.43671875 3778.07890625
213 0.49609375 3778.575
