10 1.6 117.41062927246094 307.7621287706431 1035.137939453125 1.662109375 0 0
20 1.7 2.044376148897059 0.2577885163303077 1035.137939453125 1.662109375 117.41062927246094 16
30 1.6 1.9598236083984375 0.25556929311189563 1035.137939453125 1.662109375 57.97952917850379 33
40 3.3 1.891727331912879 0.38036778458979253 1035.137939453125 1.404052734375 39.687380420918366 49
50 4.7 3.208293508976064 3.6404809409716123 1035.137939453125 1.404052734375 24.47693466558689 82
60 4.3 1.7889943677325582 0.2561081747817559 1035.137939453125 1.404052734375 16.727894864341085 129
70 7.2 2.4529045952690973 1.9396310037953661 1035.137939453125 1.404052734375 12.993169740188954 172
80 8.8 2.794286554509942 2.9422214060919356 1035.137939453125 1.404052734375 9.882927566278177 244
90 8.1 1.7650071132330247 0.34997455137404226 1035.137939453125 1.39306640625 8.00401067159262 332
100 15.9 1.93660942413522 1.1508290266857304 1035.137939453125 1.36279296875 6.78038043375454 413
110 19.7 2.2916241176237313 1.9321018435730724 1035.137939453125 1.218994140625 5.43394758317854 572
120 19.7 2.5657568607233503 2.4428406440845576 1035.137939453125 1.218994140625 4.628957046488947 769
130 28 3.151215471540179 3.4880500429975214 1035.137939453125 1.218994140625 4.208200900944617 966
140 35 4.07069056919643 4.531029984919155 1035.137939453125 1.218994140625 3.970676085348115 1246
150 38.6 3.2428712202477343 3.58009872981261 1035.137939453125 1.050048828125 3.9926090861920436 1596
160 6.6 3.750099875710227 3.9523194449788424 1035.137939453125 1.050048828125 3.846595556295725 1982
170 0.3 4.030680338541667 3.140612703956164 1035.137939453125 1.050048828125 3.8434858322143564 2048
180 0 0 0 1035.137939453125 1.050048828125 3.843759641828682 2051
190 0 0 0 1035.137939453125 1.050048828125 3.843759641828682 2051
200 0 0 0 1035.137939453125 1.050048828125 3.843759641828682 2051
210 0 0 0 1035.137939453125 1.050048828125 3.843759641828682 2051
211 0 0 0 1035.137939453125 1.050048828125 3.843759641828682 2051
