10 3.5 268.1607421874999 301.5482805758369 1523.029052734375 59.01708984375 0 0
20 6.9 104.78075110394022 84.45560476052717 1523.029052734375 10.8740234375 268.1607421874999 35
30 6.7 102.93203416511194 74.10509113920317 1523.029052734375 10.8740234375 159.76440194936896 104
40 12.3 102.95715828252033 77.40984748883757 1523.029052734375 10.8740234375 137.4967490748355 171
50 18.9 96.14332088086971 73.34790131579828 1523.029052734375 10.8740234375 123.04651211070363 294
60 18.9 84.15906988880614 74.09203830773977 1523.029052734375 9.156982421875 112.51917641207297 483
70 23.8 103.96338813845851 76.64940230626183 1523.029052734375 8.429931640625 104.54289645240416 672
80 35.1 98.56535526286503 79.98105998999924 1523.029052734375 8.429931640625 104.39133273952606 910
90 37.7 87.73126204513423 71.82660068037568 1523.029052734375 8.06298828125 102.76966890581629 1261
100 52.6 108.1747141790934 80.3711188989517 1523.029052734375 8.06298828125 99.30844827915136 1638
110 77 116.81420581371754 91.68499488805871 1523.029052734375 8.06298828125 101.46355727331472 2164
120 84.4 116.26820207207123 96.70311804078865 1523.029052734375 8.06298828125 105.49218691752405 2934
130 86.9 382.276705444476 382.1248105970553 1724.510986328125 8.06298828125 107.89953387105444 3778
140 109.7 1460.415700935079 886.0287948854649 3516.739013671875 1.545166015625 159.20871443858258 4647
150 149.2 1412.2554776189152 1064.8572901528971 3729.113037109375 1.531982421875 407.7156894014406 5744
160 129.9 723.5296981376907 832.164812735504 3729.113037109375 1.531982421875 614.8430199736453 7236
170 43.4 30.03563496813796 20.818836179488343 3729.113037109375 1.531982421875 631.3847885659235 8535
180 13.8 27.73308353147645 18.080397136001316 3729.113037109375 1.531982421875 602.286167464191 8969
190 3.2 25.34027099609375 8.475301130774966 3729.113037109375 1.531982421875 593.5798618110983 9107
200 0.4 25.00048828125 2.655414612620292 3729.113037109375 1.531982421875 591.5901838478551 9139
210 0.2 21.9195556640625 0.1214599609375 3729.113037109375 1.531982421875 591.3423047291559 9143
211 0 0 0 3729.113037109375 1.531982421875 591.2177726899946 9145
