10 7.2 130.20483059353302 209.37389711542446 1420.447998046875 14.4169921875 0 0
20 11.8 60.979299771583705 62.8244533116514 1420.447998046875 1.331787109375 130.20483059353302 72
30 11.4 60.39548639665569 62.471048844881906 1420.447998046875 0.903076171875 87.21213250411186 190
40 21.1 59.910850488744074 58.2030412641663 1420.447998046875 0.903076171875 77.1558902138158 304
50 31.9 56.75983756612461 55.12175424881363 1420.447998046875 0.903076171875 70.09044675364078 515
60 31.3 50.494712366463645 50.43077831886611 1420.447998046875 0.903076171875 64.9915686591352 834
70 41.9 59.61922977420197 58.73640145417762 1420.447998046875 0.903076171875 61.03558259147504 1147
80 60.1 56.64904561733049 54.67204369386729 1420.447998046875 0.903076171875 60.65662229106801 1566
90 63 52.26708635602674 50.138282033266016 1420.447998046875 0.903076171875 59.54515317204805 2167
100 93.4 60.94082752693389 57.847691246066894 1420.447998046875 0.903076171875 57.90583172260457 2797
110 131.7 67.98785525519656 59.74511815368235 1420.447998046875 0.893798828125 58.665597490828524 3731
120 142.3 68.778517443616 62.11953981550897 1420.447998046875 0.881103515625 61.09773169757827 5048
130 151.8 236.53541502619603 184.88610614421407 1420.447998046875 0.881103515625 62.78676864961222 6471
140 198.1 856.1121897035512 334.38608226716343 1420.447998046875 0.881103515625 95.8009688248099 7989
150 258.7 803.7436477195172 464.584758913056 1475.743896484375 0.881103515625 246.87183427724585 9970
160 181.4 465.4716848018035 410.63674448636164 1475.743896484375 0.881103515625 361.5988695066124 12557
170 49.2 26.412942529693847 12.670176951052149 1475.743896484375 0.881103515625 374.7103639708443 14371
180 15.1 25.336619800289736 10.386963409469073 1475.743896484375 0.881103515625 363.180906166293 14863
190 3.2 25.34027099609375 8.475301130774966 1475.743896484375 0.881103515625 359.7831116251137 15014
200 0.4 25.00048828125 2.655414612620292 1475.743896484375 0.881103515625 359.0718148751384 15046
210 0.2 21.9195556640625 0.1214599609375 1475.743896484375 0.881103515625 358.9830251537845 15050
211 0 0 0 1475.743896484375 0.881103515625 358.9382386178438 15052
