10 0.1 8876.44091796875 0 8876.44091796875 8876.44091796875 0 0
20 1 11124.314575195313 3025.5805150953165 17218.346923828125 5663.864990234375 8876.44091796875 1
30 0.9 11391.19921875 5388.879570956368 20150.83203125 3383.799072265625 10919.962424538353 11
40 1.6 15452.10659790039 6504.980854433708 25604.58203125 3383.799072265625 11132.018981933594 20
50 2.8 13357.750383649554 9073.70592407254 35461.556884765625 3081.241943359375 13052.057922363281 36
60 3.7 14748.153742609797 8312.97469957601 47370.89599609375 3081.241943359375 13185.798374176025 64
70 3.8 15564.835590563322 7961.960154129681 47370.89599609375 3081.241943359375 13758.146380433942 101
80 5.9 12956.753798662608 8295.54046523245 47370.89599609375 1743.427978515625 14252.06141629665 139
90 6.6 13083.62637606534 6035.706272535099 47370.89599609375 1743.427978515625 13866.085914072364 198
100 7.8 15069.742206280045 7552.427531576847 47370.89599609375 1743.427978515625 13670.471029570608 264
110 12 12310.958420817058 7144.723788781745 47370.89599609375 1743.427978515625 13989.603052328901 342
120 14.7 13338.804999734268 7047.885024721806 47370.89599609375 1743.427978515625 13553.591459728423 462
130 16.2 15198.930618851273 8864.348567670639 60690.850830078125 1627.927978515625 13501.746452143627 609
140 16.8 16771.159994942802 7279.724584114057 60690.850830078125 1627.927978515625 13858.353242035506 771
150 19.5 17865.823646584537 6299.307388217643 60690.850830078125 1627.927978515625 14379.494386325629 939
160 34.9 18282.01557673151 6782.128862927783 60690.850830078125 1627.927978515625 14978.995449597664 1134
170 23.1 23218.516533921793 7032.3501593552255 60690.850830078125 1627.927978515625 15756.30767102026 1483
180 8.6 30442.81497263354 6604.570270177743 60690.850830078125 1627.927978515625 16762.007932006407 1714
190 2.4 38957.51006062826 7379.639805348617 60690.850830078125 1627.927978515625 17415.64649061415 1800
200 0.3 43502.916015625 1347.8581908597628 60690.850830078125 1627.927978515625 17699.092063903805 1824
210 0.2 57427.583984375 3959.4228515625 61387.0068359375 1627.927978515625 17741.462874990375 1827
211 0 0 0 61387.0068359375 1627.927978515625 17784.859398893474 1829
