10 301.75546875 301.75546875
20 488.56484375 790.3203125
30 529.35390625 1319.67421875
40 909.9296875 2229.60390625
50 1431.1296875 3660.73359375
60 1417.64609375 5078.3796875
70 1814.159375 6892.5390625
80 2999.971875 9892.5109375
90 3143.96015625 13036.47109375
100 4250.44609375 17286.9171875
110 6494.1765625 23781.09375
120 7025.29921875 30806.39296875
130 6773.45546875 37579.8484375
140 8400.47109375 45980.31953125
150 9001.66015625 54981.9796875
160 8580.65703125 63562.63671875
170 1481.21484375 65043.8515625
180 420.934375 65464.7859375
190 53.66484375 65518.45078125
200 7.26796875 65525.71875
210 2.15 65527.86875
211 0 65527.86875
