10 46.18671875 46.18671875
20 77.26796875 123.4546875
30 73.8625 197.3171875
40 136.7515625 334.06875
50 207.73359375 541.80234375
60 202.72578125 744.528125
70 272.4984375 1017.0265625
80 394.3390625 1411.365625
90 405.99140625 1817.35703125
100 608.2078125 2425.56484375
110 856.92890625 3282.49375
120 923.49609375 4205.98984375
130 1039.75546875 5245.7453125
140 1324.03671875 6569.78203125
150 1591.99765625 8161.7796875
160 1049.5390625 9211.31875
170 312.95078125 9524.26953125
180 94.7390625 9619.00859375
190 20.23125 9639.23984375
200 2.525 9641.76484375
210 1.2640625 9643.02890625
211 0 9643.02890625
