10 1.5 71.759619140625 263.629284781886 1058.169921875 0.951171875 0 0
20 2.5 1.278603515625 0.3593387929174888 1058.169921875 0.93994140625 71.759619140625 15
30 1.9 1.149940892269737 0.13647485678312668 1058.169921875 0.93896484375 27.708984375 40
40 3.3 1.7029548413825757 1.404372745003943 1058.169921875 0.933837890625 19.156072067002118 59
50 5.5 1.1483087713068179 0.23706156336524084 1058.169921875 0.900146484375 12.895714801290762 92
60 5.4 1.2738986545138888 0.36340949497664216 1058.169921875 0.829833984375 8.500426830888605 147
70 9.8 2.1100451411033156 2.586515406938903 1058.169921875 0.80810546875 6.558971499922263 201
80 7.8 2.358066656650641 2.8609210216650824 1058.169921875 0.80810546875 5.100794967600335 299
90 10 1.74663330078125 2.174626481193303 1058.169921875 0.80810546875 4.533333937748674 377
100 17.6 2.263012972745028 2.74407786979978 1058.169921875 0.80810546875 3.949119967734539 477
110 16.7 2.1130780431324863 2.785234023316392 1058.169921875 0.802001953125 3.4946715280436447 653
120 21.9 2.074776148687216 2.6885027266249226 1058.169921875 0.47900390625 3.213298220750762 820
130 34.6 2.0959507936687163 2.853675495746076 1058.169921875 0.47900390625 2.9733209986314972 1039
140 38.1 2.163612025303477 2.644431999896623 1058.169921875 0.47900390625 2.7541368174639 1385
150 44.5 1.8935744382022466 2.4740802979329914 1058.169921875 0.47900390625 2.626735942145032 1766
160 10.8 1.6000072337962963 1.685396519875912 1058.169921875 0.47900390625 2.479175169076493 2211
170 0.3 1.5350748697916667 0.3452468034745296 1058.169921875 0.47900390625 2.4382307374204943 2319
180 0.3 1.093017578125 0.18668069917296012 1058.169921875 0.47900390625 2.4370638693744624 2322
190 0.1 3.02197265625 0.0 1058.169921875 0.47900390625 2.435329616095431 2325
200 0.5 1.5658203125 0.22985497421979795 1058.169921875 0.47900390625 2.4355818272046976 2326
210 0 0 0 1058.169921875 0.47900390625 2.433716186890016 2331
220 0 0 0 1058.169921875 0.47900390625 2.433716186890016 2331
230 0 0 0 1058.169921875 0.47900390625 2.433716186890016 2331
240 0 0 0 1058.169921875 0.47900390625 2.433716186890016 2331
250 0 0 0 1058.169921875 0.47900390625 2.433716186890016 2331
260 0 0 0 1058.169921875 0.47900390625 2.433716186890016 2331
270 0 0 0 1058.169921875 0.47900390625 2.433716186890016 2331
271 0 0 0 1058.169921875 0.47900390625 2.433716186890016 2331
