10 2.7 91.68089916087963 215.77517425989302 1165.215087890625 7.946044921875 0 0
20 7.9 2715.4734133949764 2939.945673947827 11656.19482421875 7.946044921875 91.68089916087963 27
30 1.4 10431.117693219867 3225.70391025897 17749.64794921875 7.946044921875 2047.148905052329 106
40 0.9 18179.411187065973 2177.002642551956 21620.68408203125 7.946044921875 3025.278597005208 120
50 15.6 836.7715422801483 4615.124256486508 28642.677001953125 0.343994140625 4082.5436614280525 129
60 31.6 3142.998563742336 9551.431459473832 39721.135986328125 0.325927734375 2305.91050147341 285
70 64.5 4285.968757948762 9249.49857889552 43463.760986328125 0.325927734375 2746.0433262271213 601
80 53.4 321.67411295572913 1894.8289395960971 43463.760986328125 0.325927734375 3543.19573670903 1246
90 61.7 242.53950250709067 2010.115446433851 43463.760986328125 0.325927734375 2576.7392495830395 1780
100 98 359.9229469766424 3107.2775249428573 43463.760986328125 0.277099609375 1975.9043543198522 2397
110 112.4 439.7310854005644 4060.818263047789 43463.760986328125 0.277099609375 1506.949133947822 3377
120 129.9 335.3875949498413 3998.4473662140676 51135.034912109375 0.277099609375 1240.4410054059163 4501
130 193.8 300.9763417908281 4162.470660385645 60452.289794921875 0.277099609375 1037.740250202047 5800
140 234.5 262.99370752265463 4213.626677425832 71489.24389648438 0.212158203125 853.2160250145384 7738
150 262.4 1330.3552187477665 9755.808470543045 81364.76586914063 0.2099609375 715.9482143908681 10083
160 134.4 2176.5967557997947 9271.663242327484 89241.57397460938 0.2099609375 842.823478373909 12707
170 40.1 3025.9931847627013 4449.03191961773 89241.57397460938 0.2099609375 970.4009664431134 14051
180 17.1 4895.799353527047 5719.630042991376 89241.57397460938 0.2099609375 1027.4375343607826 14452
190 6.1 11258.054395331712 6047.930531921436 89241.57397460938 0.2099609375 1072.6737971712475 14623
200 12.8 10494.209936141968 5735.505044358292 89241.57397460938 0.2099609375 1114.9857160276754 14684
210 7.8 2434.8382850060098 5967.965021821636 89241.57397460938 0.2099609375 1196.0376131499158 14812
220 1.4 71.36980329241071 170.1905326050834 89241.57397460938 0.2099609375 1202.526965225455 14890
230 0.7 223.24142020089286 321.3827561298029 89241.57397460938 0.2099609375 1201.464418240279 14904
240 0.2 14.689453125 2.814453125 89241.57397460938 0.2099609375 1201.0051894168414 14911
250 0.1 15.3759765625 0.0 89241.57397460938 0.2099609375 1200.8460912157698 14913
260 0 0 0 89241.57397460938 0.2099609375 1200.766604148943 14914
270 0 0 0 89241.57397460938 0.2099609375 1200.766604148943 14914
271 0 0 0 89241.57397460938 0.2099609375 1200.766604148943 14914
