10 21.9703125 21.9703125
20 54.778125 76.7484375
30 15.21796875 91.96640625
40 15.9984375 107.96484375
50 43.61875 151.58359375
60 86.390625 237.97421875
70 260.23125 498.20546875
80 159.39609375 657.6015625
90 154.109375 811.7109375
100 220.66640625 1032.37734375
110 238.88125 1271.25859375
120 274.78671875 1546.0453125
130 412.93125 1958.9765625
140 483.3609375 2442.3375
150 561.6796875 3004.0171875
160 407.43125 3411.4484375
170 141.10859375 3552.55703125
180 71.84609375 3624.403125
190 20.2609375 3644.6640625
200 34.44375 3679.1078125
210 23.88984375 3702.99765625
220 6.9359375 3709.93359375
230 3.515625 3713.44921875
240 0.984375 3714.43359375
250 0.49296875 3714.9265625
260 0 3714.9265625
270 0 3714.9265625
271 0 3714.9265625
