10 1.1 260.1161443536932 370.6618916566619 1064.52587890625 1.075927734375 0 0
20 2.6 1.5291372445913463 0.790639656299608 1064.52587890625 0.93603515625 260.1161443536932 11
30 1.9 1.3356676603618418 0.2001268206661384 1064.52587890625 0.905029296875 78.40635557432432 37
40 4.6 2.8407088569972827 3.524462801135113 1064.52587890625 0.8349609375 52.257372174944194 56
50 3.7 1.7332004856418919 0.9504897039034927 1064.52587890625 0.8349609375 29.971425972732842 102
60 5.6 2.225010463169642 2.2021836413902833 1064.52587890625 0.8349609375 22.454776022931654 139
70 7.7 2.2049227627840917 2.315980179419071 1064.52587890625 0.8349609375 16.64520232371795 195
80 9 2.5889214409722223 3.041579056653358 1064.52587890625 0.8349609375 12.557329065659466 272
90 12.9 1.9521541151889537 2.3371640879871562 1064.52587890625 0.8349609375 10.078995678306285 362
100 17.4 2.3119808503951145 2.995580416107195 1064.52587890625 0.635986328125 7.943837711621691 491
110 21.9 1.9909355825485149 2.6672699399683464 1064.52587890625 0.635986328125 6.47023907424812 665
120 19.1 1.954510593913612 2.408262315949194 1064.52587890625 0.635986328125 5.36054737211892 884
130 26.5 2.0625497494103757 2.697981730628881 1064.52587890625 0.426025390625 4.755381767805233 1075
140 42 2.1217506045386894 2.60693445086709 1064.52587890625 0.426025390625 4.222844092525653 1340
150 43.1 1.9306566986296414 2.273762980277073 1064.52587890625 0.426025390625 3.7214467828924005 1760
160 14 2.7107456752232144 3.205410396539232 1064.52587890625 0.426025390625 3.3691736079415793 2191
170 1 1.1676025390625 0.16168942577216452 1064.52587890625 0.426025390625 3.329628386757293 2331
180 0.1 1.329833984375 0.0 1064.52587890625 0.426025390625 3.3203929068440305 2341
190 0.1 1.659912109375 0.0 1064.52587890625 0.426025390625 3.3195429670820884 2342
200 0 0 0 1064.52587890625 0.426025390625 3.3188346312486665 2343
210 0 0 0 1064.52587890625 0.426025390625 3.3188346312486665 2343
213 0 0 0 1064.52587890625 0.426025390625 3.3188346312486665 2343
