10 1.2 2075.7666625976563 1123.1701448079139 3864.47998046875 39.44287109375 0 0
20 3.2 4824.445167541504 2833.8393330441054 11896.6728515625 39.44287109375 2075.7666625976563 12
30 0.9 11038.519775390625 3623.2665914679415 18326.943115234375 39.44287109375 4074.805575284091 44
40 0.7 16551.89767020089 993.646931709861 18326.943115234375 39.44287109375 5257.323080962559 53
50 6.2 7244.374535345263 11508.662477462936 29400.510009765625 0.79296875 6575.023449707031 60
60 22.8 9301.906133283648 11275.410549137592 33861.5400390625 0.592041015625 6915.185476834657 122
70 26.2 397.94951693702257 2240.6687122111807 33861.5400390625 0.56103515625 8469.963504464286 350
80 33.6 624.4172079903742 3415.613852911674 33861.5400390625 0.56103515625 5014.297385620915 612
90 45.3 785.928858607547 4760.848528471294 33861.5400390625 0.550048828125 3458.3904872202165 948
100 54 569.4254421657984 4620.193334489231 40795.703125 0.5400390625 2594.275485249096 1401
110 76.7 754.7300826449438 5967.443453919528 50971.64990234375 0.52685546875 2030.9478071115482 1941
120 78.6 907.9144958030173 7274.398267761511 63602.40380859375 0.52685546875 1669.4784590074548 2708
130 94 513.1175137134305 5891.527420888044 71431.31591796875 0.515869140625 1498.1592617897422 3494
140 137.6 629.9553815265047 6987.656038669495 85502.8681640625 0.5029296875 1289.3321884492523 4434
150 156.9 3717.934407863288 15067.773162894251 118136.955078125 0.5029296875 1133.1699704930215 5810
160 110.1 1137.6761775073087 5175.456191314682 118136.955078125 0.5029296875 1682.7695642366111 7379
170 38.7 1748.2475567011868 4042.2208990123836 118136.955078125 0.5029296875 1611.9974157945164 8480
180 15.5 6341.870247920867 7109.008182561515 118136.955078125 0.5029296875 1617.9440498907024 8867
190 15.9 6206.595262443498 7182.727705005982 118136.955078125 0.5029296875 1699.1021701184432 9022
200 3.7 131.20394979940878 305.83480296611583 118136.955078125 0.5029296875 1777.164625371649 9181
210 1.1 13.744939630681818 5.380341503978478 118136.955078125 0.5029296875 1770.5579270644052 9218
213 0.1 6.255126953125 0.0 118136.955078125 0.5029296875 1768.4639902498238 9229
