10 2 76.62935791015624 245.5735713374822 1063.434814453125 1.443115234375 0 0
20 2 1.74306640625 0.1872095624248142 1063.434814453125 1.443115234375 76.62935791015624 20
30 2.1 1.9832007998511905 0.8648435371338855 1063.434814453125 1.443115234375 39.186212158203126 40
40 3.1 1.861910912298387 1.0826372802871365 1063.434814453125 1.416015625 26.378618084016395 61
50 4.8 1.7526753743489583 0.5987842693024061 1063.434814453125 1.370849609375 18.1175537109375 92
60 4 1.79598388671875 0.5015523700047654 1063.434814453125 1.370849609375 12.50673828125 140
70 6.9 1.5846495697463767 0.21244860417033012 1063.434814453125 1.36279296875 10.126570638020834 180
80 8.5 1.9161075367647051 1.0213790411748551 1063.434814453125 1.22802734375 7.759532269703815 249
90 8.6 1.933071402616279 1.1149272690299121 1063.434814453125 1.22802734375 6.272433161021707 334
100 15.7 1.9970920830015924 1.1307264231618237 1063.434814453125 1.22802734375 5.383897181919643 420
110 16.6 2.0051357774849397 1.143360591593402 1063.434814453125 1.2119140625 4.462357492959272 577
120 15.8 2.0633235883109173 1.1077893254067328 1063.434814453125 1.2119140625 3.9133685228802153 743
130 34.6 2.0411913215769477 1.3042335206190425 1063.434814453125 1.181884765625 3.5889433290267756 901
140 42.2 2.1683991780213234 1.396571798014776 1063.434814453125 0.996826171875 3.159494897128107 1247
150 41.9 2.170120567012231 1.3515478235678904 1063.434814453125 0.996826171875 2.9089002934953556 1669
160 0.7 2.2315499441964284 1.3216569226372876 1063.434814453125 0.996826171875 2.7606489978074107 2088
170 0 0 0 1063.434814453125 0.996826171875 2.7588811250745815 2095
180 0 0 0 1063.434814453125 0.996826171875 2.7588811250745815 2095
190 0 0 0 1063.434814453125 0.996826171875 2.7588811250745815 2095
200 0 0 0 1063.434814453125 0.996826171875 2.7588811250745815 2095
210 0 0 0 1063.434814453125 0.996826171875 2.7588811250745815 2095
220 0 0 0 1063.434814453125 0.996826171875 2.7588811250745815 2095
230 0 0 0 1063.434814453125 0.996826171875 2.7588811250745815 2095
240 0 0 0 1063.434814453125 0.996826171875 2.7588811250745815 2095
250 0 0 0 1063.434814453125 0.996826171875 2.7588811250745815 2095
260 0 0 0 1063.434814453125 0.996826171875 2.7588811250745815 2095
269 0 0 0 1063.434814453125 0.996826171875 2.7588811250745815 2095
