10 4.8 130.42396036783853 235.33406546637417 1481.47314453125 9.541015625 0 0
20 9 47.984307183159714 60.232995490695515 1481.47314453125 5.3759765625 130.42396036783853 48
30 9.3 47.41015099966399 60.60174173532695 1481.47314453125 5.36376953125 76.65896916043931 138
40 13.6 50.03181547277114 59.67294053622728 1481.47314453125 5.24609375 64.88347093986742 231
50 19.8 56.19298699889519 61.229186926245305 1481.47314453125 5.24609375 59.37986019456744 367
60 20.6 43.67034497307342 50.48209967875373 1481.47314453125 5.24609375 58.263044455199115 565
70 27.5 55.705998757102265 57.06611949730952 1481.47314453125 5.24609375 54.36408713572065 771
80 36.3 65.73534483686292 72.79536976385602 1481.47314453125 5.24609375 54.71688416811066 1046
90 39.2 74.30780216139193 92.11300003097865 1481.47314453125 5.24609375 57.55556495076294 1409
100 59.3 103.69529809035099 88.25305673134164 1481.47314453125 5.24609375 61.20180425479768 1801
110 69.5 253.80018372021132 228.1668206680253 1481.47314453125 5.24609375 71.72755272784826 2394
120 73.9 718.8521756596754 454.8654069976115 3064.40283203125 5.24609375 112.69242114471209 3089
130 97.6 901.5443142750227 958.0376799712112 4769.30615234375 1.02001953125 229.7122901589644 3828
140 143.7 750.9203004034015 832.7273192968347 4769.30615234375 1.02001953125 366.2043916446582 4804
150 169.5 632.1328101954259 673.5388214968475 4769.30615234375 1.02001953125 454.7858306586486 6241
160 96.7 348.42978571168896 448.2217168221519 4769.30615234375 1.02001953125 492.66424929711104 7936
170 28.4 78.97625044701805 177.78228089159964 4769.30615234375 1.02001953125 476.998212423349 8903
180 9.4 18.579556079621014 23.849493515966405 4769.30615234375 1.02001953125 464.6940612095384 9187
190 1.5 10.794270833333334 6.11455391352008 4769.30615234375 1.02001953125 460.17571582841435 9281
200 0.6 13.210734049479166 7.852786424450608 4769.30615234375 1.02001953125 459.4505951663096 9296
210 0.2 5.91845703125 0.299560546875 4769.30615234375 1.02001953125 459.1627603816718 9302
220 0.1 29.10986328125 0.0 4769.30615234375 1.02001953125 459.0653303938492 9304
230 0 0 0 4769.30615234375 1.02001953125 459.0191234656265 9305
240 0 0 0 4769.30615234375 1.02001953125 459.0191234656265 9305
250 0 0 0 4769.30615234375 1.02001953125 459.0191234656265 9305
260 0 0 0 4769.30615234375 1.02001953125 459.0191234656265 9305
269 0 0 0 4769.30615234375 1.02001953125 459.0191234656265 9305
