10 9.9 63.51764964094065 162.52026358282373 1453.64013671875 7.23095703125 0 0
20 15.1 28.298522545012418 40.38684348109492 1453.64013671875 5.3759765625 63.51764964094065 99
30 15.8 27.83918086184731 41.29743210570551 1453.64013671875 5.36376953125 42.245296875 250
40 23.4 29.013652051615917 39.415151344826 1453.64013671875 5.24609375 36.66645783069087 408
50 34 32.66131735409007 41.56446510393607 1453.64013671875 5.24609375 33.877117406542055 642
60 32.9 27.283643913848795 34.52124636603274 1453.64013671875 5.24609375 33.45616830487844 982
70 47.9 32.06342559368479 39.857864060005255 1453.64013671875 5.24609375 31.907151886382056 1311
80 61.7 38.496140837089705 48.37958278460246 1453.64013671875 5.24609375 31.948970381241278 1790
90 66.1 44.202500797796894 56.78287315546334 1453.64013671875 5.24609375 33.627243821730886 2407
100 102.9 59.6844310408315 53.98262670185606 1453.64013671875 5.24609375 35.905680869051494 3068
110 119.6 156.47532587466034 120.5628385054163 1453.64013671875 5.24609375 41.87793713626204 4097
120 124.2 434.43070573545714 158.9014245609841 1453.64013671875 5.24609375 67.77222712891732 5293
130 174.9 518.9722857816056 474.29872821979984 1748.842041015625 0.830078125 137.45697547311357 6535
140 248.5 432.0431552203846 453.09042881010816 2492.77197265625 0.18017578125 218.0062605684241 8284
150 278.2 383.07276259421616 359.630953488461 2492.77197265625 0.18017578125 267.39633236804536 10769
160 124.9 239.21737995865448 230.7119302078214 2492.77197265625 0.1181640625 291.14453020504686 13551
170 32.5 68.99874999999997 164.11756836473523 2492.77197265625 0.1181640625 286.7622997551993 14800
180 9.9 17.635991260258823 16.870001270928128 2492.77197265625 0.1181640625 282.0830829836 15125
190 1.5 10.794270833333334 6.11455391352008 2492.77197265625 0.1181640625 280.36341258944526 15224
200 0.6 13.210734049479166 7.852786424450608 2492.77197265625 0.1181640625 280.0980712201729 15239
210 0.2 5.91845703125 0.299560546875 2492.77197265625 0.1181640625 279.99303192709164 15245
220 0.1 29.10986328125 0.0 2492.77197265625 0.1181640625 279.9570806481652 15247
230 0 0 0 2492.77197265625 0.1181640625 279.94062949277645 15248
240 0 0 0 2492.77197265625 0.1181640625 279.94062949277645 15248
250 0 0 0 2492.77197265625 0.1181640625 279.94062949277645 15248
260 0 0 0 2492.77197265625 0.1181640625 279.94062949277645 15248
269 0 0 0 2492.77197265625 0.1181640625 279.94062949277645 15248
