20 1.4 10194.235124860492 4510.846303868794 17510.6708984375 4891.6650390625 0 0
30 1.7 13117.486830767462 5703.263383158407 24378.664794921875 3246.7919921875 10194.235124860492 14
40 2.3 12412.96091627038 7414.3902470382245 29683.68896484375 2049.953125 11797.308641003025 31
50 2.9 12385.966982085127 6479.023707731149 29683.68896484375 2049.953125 12059.530906394675 54
60 3.8 11637.78679456209 4696.049589523094 29683.68896484375 2049.953125 12173.586884647966 83
70 3.9 15398.76477363782 8722.80472869674 35677.212158203125 2049.953125 12005.319087761492 121
80 5.9 13970.157437599311 7274.254357300096 35677.212158203125 2049.953125 12832.471473693848 160
90 6.8 13684.161484662225 6926.856476263397 35677.212158203125 2049.953125 13138.971345248288 219
100 8.6 14421.153237986011 8285.192402374998 36599.716064453125 2049.953125 13268.145315562391 287
110 10.7 13506.843040395006 7172.165570386755 36599.716064453125 1136.8359375 13533.986284271323 373
120 14.2 16409.08027240592 7739.270558990175 40270.57080078125 1136.8359375 13527.935602823893 480
130 14.6 18558.781181439965 7436.36523444378 47903.18408203125 1136.8359375 14185.688887519469 622
140 19.6 16391.177459093993 8336.019161089647 60012.488037109375 1136.8359375 15017.031953811646 768
150 29.8 17142.703046350667 7810.2768163606925 60012.488037109375 1136.8359375 15296.422533723824 964
160 36.2 17931.791648232498 7684.92810891558 60012.488037109375 1136.8359375 15732.390515310828 1262
170 16.1 23629.126436032122 7075.989947551577 60012.488037109375 1136.8359375 16222.65111267391 1624
180 5.9 31318.077404992055 7509.786925562661 60888.310791015625 1136.8359375 16890.686141839553 1785
190 1 39458.044116210935 4398.627580336388 60888.310791015625 1136.8359375 17352.300070541285 1844
200 0.5 52497.35952148437 4604.293939229042 60888.310791015625 1136.8359375 17471.53277844673 1854
210 0.1 59188.51708984375 0.0 60888.310791015625 1136.8359375 17565.738875119772 1859
220 0.1 66432.18505859375 0.0 66432.18505859375 1136.8359375 17588.116712869625 1860
230 0 0 0 66432.18505859375 1136.8359375 17614.362853839924 1861
240 0 0 0 66432.18505859375 1136.8359375 17614.362853839924 1861
250 0 0 0 66432.18505859375 1136.8359375 17614.362853839924 1861
260 0 0 0 66432.18505859375 1136.8359375 17614.362853839924 1861
269 0 0 0 66432.18505859375 1136.8359375 17614.362853839924 1861
