10 55.00625 55.00625
20 80.83203125 135.83828125
30 84.53359375 220.371875
40 124.934375 345.30625
50 183.50859375 528.81484375
60 175.77265625 704.5875
70 258.11875 962.70625
80 330.84453125 1293.55078125
90 355.24296875 1648.79375
100 557.95078125 2206.74453125
110 665.80390625 2872.5484375
120 670.03515625 3542.58359375
130 848.03125 4390.61484375
140 1122.12890625 5512.74375
150 1288.83125 6801.575
160 593.859375 7395.434375
170 164.1109375 7559.5453125
180 49.8546875 7609.4
190 7.14921875 7616.54921875
200 3.04296875 7619.5921875
210 1.0625 7620.6546875
220 0.49453125 7621.14921875
230 0 7621.14921875
240 0 7621.14921875
250 0 7621.14921875
260 0 7621.14921875
269 0 7621.14921875
