10 228.5921875 228.5921875
20 441.46953125 670.06171875
30 487.253125 1157.31484375
40 966.0109375 2123.32578125
50 1835.83984375 3959.165625
60 1431.303125 5390.46875
70 2273.78671875 7664.25546875
80 3440.671875 11104.92734375
90 7242.35625 18347.28359375
100 8297.375 26644.65859375
110 21240.1390625 47884.79765625
120 30273.83671875 78158.634375
130 17661.93828125 95820.57265625
140 20081.871875 115902.44453125
150 18640.31171875 134542.75625
160 19848.56015625 154391.31640625
170 4251.70859375 158643.025
180 387.8125 159030.8375
190 9.484375 159040.321875
200 0.66796875 159040.98984375
210 0.2234375 159041.21328125
220 0.1109375 159041.32421875
230 0 159041.32421875
240 0 159041.32421875
250 0 159041.32421875
260 0 159041.32421875
269 0 159041.32421875
