10 10 10
20 28 18
30 45 17
40 86 41
50 127 41
60 159 32
70 183 24
80 218 35
90 226 8
100 266 40
110 327 61
120 357 30
130 429 72
140 512 83
150 589 77
160 348 -241
170 184 -164
180 126 -58
190 113 -13
200 111 -2
210 108 -3
220 106 -2
230 106 0
240 106 0
250 106 0
260 106 0
270 106 0
280 106 0
290 106 0
300 106 0
310 106 0
320 106 0
330 106 0
340 106 0
350 106 0
360 106 0
370 103 -3
380 103 0
390 103 0
400 100 -3
410 100 0
420 99 -1
430 99 0
440 99 0
450 99 0
460 99 0
470 99 0
480 99 0
490 99 0
500 99 0
510 99 0
520 99 0
530 99 0
540 99 0
550 99 0
560 99 0
570 99 0
580 99 0
590 99 0
600 99 0
610 99 0
620 99 0
630 99 0
640 99 0
650 99 0
660 99 0
670 99 0
680 99 0
690 99 0
700 99 0
710 99 0
720 99 0
730 99 0
740 99 0
750 99 0
760 99 0
770 99 0
780 99 0
790 99 0
800 99 0
810 99 0
820 99 0
830 99 0
840 99 0
850 99 0
860 99 0
870 99 0
880 99 0
890 99 0
900 99 0
910 99 0
920 99 0
930 99 0
940 99 0
950 99 0
960 99 0
970 99 0
980 99 0
990 99 0
1000 99 0
1010 99 0
1020 99 0
1030 99 0
1040 99 0
1050 99 0
1060 99 0
1070 99 0
1080 99 0
1090 99 0
1100 99 0
1110 99 0
1120 99 0
1130 99 0
1140 99 0
1150 99 0
1160 99 0
1170 99 0
1180 99 0
1190 99 0
1200 99 0
1210 99 0
1220 99 0
1230 99 0
1240 99 0
1250 99 0
1260 99 0
1270 99 0
1280 99 0
1290 99 0
1300 98 -1
1310 96 -2
1320 96 0
1330 95 -1
1340 95 0
1350 95 0
1360 94 -1
1370 94 0
1380 94 0
1390 94 0
1400 93 -1
1410 92 -1
1420 91 -1
1430 85 -6
1440 81 -4
1450 79 -2
1460 79 0
1470 79 0
1480 79 0
1490 79 0
1500 79 0
1510 79 0
1520 79 0
1530 63 -16
1540 5 -58
1550 3 -2
1560 1 -2
1570 0 -1
1580 0 0
1590 0 0
1592 0 0
