10 0.1 1678.57177734375 0.0 1678.57177734375 1678.57177734375 0 0
20 0.1 16114.828857421875 0.0 16114.828857421875 1678.57177734375 1678.57177734375 1
30 0.1 16925.72900390625 0.0 16925.72900390625 1678.57177734375 8896.700317382813 2
40 0 0 0 16925.72900390625 1678.57177734375 11573.043212890625 3
50 0 0 0 16925.72900390625 1678.57177734375 11573.043212890625 3
60 7.5 77.36147786458334 74.40351265120938 16925.72900390625 1.10400390625 11573.043212890625 3
70 70.2 6093.098796268474 13070.231692620564 56031.256103515625 0.990966796875 519.5030830578926 78
80 42.2 68.3642554983709 77.82717219531908 56031.256103515625 0.947998046875 5535.739224947416 780
90 38.7 60.242248062015506 41.18057343785908 56031.256103515625 0.947998046875 3616.244851313891 1202
100 50.2 68.30513541536982 52.52275776695171 56031.256103515625 0.947998046875 2750.1825432846426 1589
110 74.2 59.42951311383926 40.86612134752552 56031.256103515625 0.94287109375 2106.3267523949366 2091
120 85.8 12.484299879807692 24.75868421112402 56031.256103515625 0.9248046875 1570.217415456506 2833
130 101.7 5.896396753241763 10.470846294391396 56031.256103515625 0.91796875 1208.110936679804 3691
140 144.3 13.216423981072413 32.795815294195506 56031.256103515625 0.89892578125 948.4142104467296 4708
150 149.3 9.686736181607946 17.44125424817386 56031.256103515625 0.89892578125 729.0205499248725 6151
160 94.2 3.628391533140924 3.7732996730671022 56031.256103515625 0.89794921875 588.52272366654 7644
170 32.6 2.6697383950824394 2.904111699465458 56031.256103515625 0.89794921875 524.3519269195492 8586
180 8.5 1.5439855238970581 0.7947712989851409 56031.256103515625 0.89794921875 505.2688486588922 8912
190 1.9 1.694567228618421 0.7552810690519058 56031.256103515625 0.89794921875 500.50986084445685 8997
200 0.4 3.03070068359375 2.6343743498214245 56031.256103515625 0.89794921875 499.45867511035067 9016
210 0 0 0 56031.256103515625 0.89794921875 499.23852966714594 9020
212 0 0 0 56031.256103515625 0.89794921875 499.23852966714594 9020
