60 0.1 3809.85693359375 0 3809.85693359375 3809.85693359375 0 0
70 6.2 23876.8666047127 15159.329910521714 62409.992919921875 2391.23388671875 3809.85693359375 1
80 11 32310.292702414765 18618.953303154576 71762.85400390625 2391.23388671875 23558.342641679068 63
90 8.4 24782.595958891372 21604.19032429997 85763.97021484375 2391.23388671875 29123.166379719107 173
100 6.8 19858.625570858225 16113.832690205478 85763.97021484375 2391.23388671875 27704.45853789214 257
110 10.9 14649.795020427178 12555.590306966118 96760.86279296875 2213.068115234375 26062.86887094351 325
120 16.1 13842.132066430513 7285.753664992386 96760.86279296875 1539.049072265625 23196.451705721665 434
130 15.5 15061.655783770158 8140.371053993419 96760.86279296875 1452.85986328125 20665.282862148764 595
140 23.7 14069.223146591508 8856.945169587685 96760.86279296875 1452.85986328125 19507.199932617186 750
150 27.5 13796.382098721591 7794.912089219269 96760.86279296875 1452.85986328125 18201.424351778194 987
160 28 15710.059944370814 8369.90615173183 96760.86279296875 1452.85986328125 17241.530041484562 1262
170 18.2 21426.55424616887 8628.113509300047 96760.86279296875 1452.85986328125 16963.44208610723 1542
180 6.2 28750.11263152092 6836.135818905595 96760.86279296875 1452.85986328125 17434.605898828355 1724
190 1.5 37935.551595052086 6391.680112040975 96760.86279296875 1452.85986328125 17827.417442740414 1786
200 0.3 51337.03035481771 13107.783151249585 96760.86279296875 1452.85986328125 17994.892185819077 1801
210 0 0 0 96760.86279296875 1452.85986328125 18050.33920051253 1804
212 0 0 0 96760.86279296875 1452.85986328125 18050.33920051253 1804
