10 1 106.755810546875 315.5622173626481 1053.442138671875 1.26806640625 0 0
20 2.2 1.5662952769886365 0.2786618387702112 1053.442138671875 1.154052734375 106.755810546875 10
30 2.2 1.7047563032670454 0.6883553842074844 1053.442138671875 1.154052734375 34.438018798828125 32
40 3.6 1.4614122178819442 0.27869823559901263 1053.442138671875 1.114990234375 21.102245189525462 54
50 2.7 1.514232494212963 0.21081172730646833 1053.442138671875 1.114990234375 13.245912000868056 90
60 5.4 1.6973876953125 0.8328360288958411 1053.442138671875 1.114013671875 10.53860134548611 117
70 8 1.78216552734375 1.3501251082707706 1053.442138671875 1.05908203125 7.746639140168129 171
80 10.3 1.9790584230885921 1.4511797223744871 1053.442138671875 1.05908203125 5.845611693849602 251
90 8.7 1.6736822018678157 1.0026702358844684 1053.442138671875 1.05908203125 4.720597606594279 354
100 15.6 1.5702733748998396 0.7268688020585513 1053.442138671875 1.025146484375 4.119505451920351 441
110 18.2 1.6189729459993134 0.830859708755317 1053.442138671875 1.025146484375 3.4533744569200158 597
120 16.1 1.4974645768633543 0.493296165454113 1053.442138671875 1.025146484375 3.0247979806843706 779
130 34.3 1.8169101904154519 1.6397166981253115 1053.442138671875 1.0029296875 2.763201514710771 940
140 37.9 2.013171998680741 1.512619092770771 1053.442138671875 1.0029296875 2.510217941652864 1283
150 40.6 1.92493577778633 1.320982997769645 1053.442138671875 0.802978515625 2.3968723264985714 1662
160 8.6 1.7953959620276163 1.1901048472069542 1053.442138671875 0.802978515625 2.3042194063935564 2068
170 1.4 1.7334856305803572 0.8831740920766517 1053.442138671875 0.802978515625 2.2839042642322425 2154
180 0.9 2.694797092013889 1.609102435706177 1053.442138671875 0.802978515625 2.2803499003617964 2168
190 0.1 23.301025390625 0.0 1053.442138671875 0.802978515625 2.282063278737942 2177
200 0.1 1.570068359375 0.0 1053.442138671875 0.802978515625 2.291713858219984 2178
210 0.2 1.761962890625 0.2529296875 1053.442138671875 0.802978515625 2.29138267625631 2179
220 0 0 0 1053.442138671875 0.802978515625 2.2908971927298256 2181
230 0 0 0 1053.442138671875 0.802978515625 2.2908971927298256 2181
240 0.1 1.64306640625 0.0 1053.442138671875 0.802978515625 2.2908971927298256 2181
250 0.3 5.702311197916667 3.6923525198971494 1053.442138671875 0.802978515625 2.2906002950274975 2182
260 0.3 3.633056640625 1.5923731223066193 1053.442138671875 0.802978515625 2.2952845662900456 2185
270 0.1 1.683837890625 0.0 1053.442138671875 0.802978515625 2.2971188058800847 2188
280 0.1 1.41796875 0.0 1053.442138671875 0.802978515625 2.296838641003312 2189
290 0 0 0 1053.442138671875 0.802978515625 2.2964373305507992 2190
300 0.1 2.06884765625 0.0 1053.442138671875 0.802978515625 2.2964373305507992 2190
310 0 0 0 1053.442138671875 0.802978515625 2.296333455756504 2191
320 0 0 0 1053.442138671875 0.802978515625 2.296333455756504 2191
330 0.1 10.8369140625 0.0 1053.442138671875 0.802978515625 2.296333455756504 2191
340 0.2 3.2685546875 1.41845703125 1053.442138671875 0.802978515625 2.300229706033303 2192
350 0.1 1.43701171875 0.0 1053.442138671875 0.802978515625 2.301112408842297 2194
360 0 0 0 1053.442138671875 0.802978515625 2.300718741101936 2195
370 0 0 0 1053.442138671875 0.802978515625 2.300718741101936 2195
380 0 0 0 1053.442138671875 0.802978515625 2.300718741101936 2195
390 0 0 0 1053.442138671875 0.802978515625 2.300718741101936 2195
400 0 0 0 1053.442138671875 0.802978515625 2.300718741101936 2195
410 0 0 0 1053.442138671875 0.802978515625 2.300718741101936 2195
420 0 0 0 1053.442138671875 0.802978515625 2.300718741101936 2195
430 0 0 0 1053.442138671875 0.802978515625 2.300718741101936 2195
440 0 0 0 1053.442138671875 0.802978515625 2.300718741101936 2195
450 0 0 0 1053.442138671875 0.802978515625 2.300718741101936 2195
460 0 0 0 1053.442138671875 0.802978515625 2.300718741101936 2195
470 0 0 0 1053.442138671875 0.802978515625 2.300718741101936 2195
480 0 0 0 1053.442138671875 0.802978515625 2.300718741101936 2195
490 0 0 0 1053.442138671875 0.802978515625 2.300718741101936 2195
500 0 0 0 1053.442138671875 0.802978515625 2.300718741101936 2195
510 0 0 0 1053.442138671875 0.802978515625 2.300718741101936 2195
511 0 0 0 1053.442138671875 0.802978515625 2.300718741101936 2195
