10 10 10
20 31 21
30 53 22
40 87 34
50 105 18
60 132 27
70 193 61
80 251 58
90 291 40
100 401 110
110 520 119
120 619 99
130 800 181
140 952 152
150 1012 60
160 824 -188
170 657 -167
180 556 -101
190 545 -11
200 538 -7
210 521 -17
220 514 -7
230 506 -8
240 451 -55
250 313 -138
260 290 -23
270 228 -62
280 204 -24
290 203 -1
300 181 -22
310 167 -14
320 158 -9
330 149 -9
340 127 -22
350 114 -13
360 104 -10
370 76 -28
380 76 0
390 72 -4
400 53 -19
410 43 -10
420 29 -14
430 6 -23
440 6 0
450 5 -1
460 0 -5
470 0 0
480 0 0
490 0 0
500 0 0
510 0 0
511 0 0
