0 0 0
10 0 0
20 0 0
30 0 0
40 0.2 2
50 0.5 7
60 1.8 25
70 1.4 39
80 2.8 67
90 3.8 105
100 3.9 144
110 4.6 190
120 5.2 242
130 11.2 354
140 16.4 518
150 26.1 779
160 24.6 1025
170 16.3 1188
180 10 1288
190 1.1 1299
200 0.7 1306
210 1.7 1323
220 0.7 1330
230 1.3 1343
240 5.8 1401
250 13.1 1532
260 2.4 1556
270 6.1 1617
280 2.3 1640
290 0.3 1643
300 2.1 1664
310 1.5 1679
320 0.7 1686
330 0.9 1695
340 2.3 1718
350 1.2 1730
360 1 1740
370 2.8 1768
380 0 1768
390 0.4 1772
400 1.9 1791
410 1.2 1803
420 1.3 1816
430 2.2 1838
440 0 1838
450 0.1 1839
460 0.5 1844
470 0 1844
480 0 1844
490 0 1844
500 0 1844
510 0 1844
511 0 1844
