10 0.8 549.5747985839844 362.06315053350005 1504.77099609375 374.739013671875 0 0
20 0.3 225.56599934895834 98.89782963954414 1504.77099609375 121.157958984375 549.5747985839844 8
30 4.8 7498.166122436523 5544.641762018018 19543.2578125 100.218994140625 461.20876242897725 11
40 6.2 4083.1914298765123 4844.399513612677 25602.044189453125 1.425048828125 6186.191021418167 59
50 6.3 4044.991613963292 6528.069203245677 32055.487060546875 1.425048828125 5108.620982776989 121
60 15.5 5881.344260332661 7676.778432117263 32055.487060546875 1.41796875 4744.443535846212 184
70 10.1 1663.9853322246288 6918.1064797547315 60051.281982421875 1.242919921875 5264.265401024382 339
80 25.4 5563.708620086431 7285.836260047405 60051.281982421875 1.242919921875 4437.837476140802 440
90 19.4 4715.259116261278 7350.399460987992 60051.281982421875 1.242919921875 4849.8998256540435 694
100 35.6 4720.089244371048 7846.985093467865 60051.281982421875 1.242919921875 4820.485076079497 888
110 33.3 2002.4233918977582 4692.3607996945475 60051.281982421875 1.242919921875 4791.754436137207 1244
120 32.1 1256.019351757205 6325.228143167136 60051.281982421875 1.162841796875 4202.758090080303 1577
130 95.2 4166.5593307879835 9751.98241922344 60051.281982421875 1.162841796875 3704.389736549368 1898
140 124.8 1241.1480249258173 6857.565111296425 61021.742919921875 1.162841796875 3858.7705975020567 2850
150 154.4 4582.694541338199 12968.598780947566 91912.09497070313 1.162841796875 3061.6029619297906 4098
160 88.3 2905.695476458541 14703.365799918502 140537.71899414063 1.162841796875 3477.867655053963 5642
170 73.7 11031.444479374235 17542.027901142053 140537.71899414063 1.162841796875 3400.438071345188 6525
180 29.3 5800.9370583804375 10852.053913320164 140537.71899414063 1.162841796875 4174.8874961203755 7262
190 9.5 54580.61772717928 48160.092410814 140537.71899414063 1.162841796875 4237.949378548198 7555
200 10.7 47425.39156505549 36236.70969516298 140537.71899414063 1.162841796875 4863.1197698057085 7650
210 7.6 69851.76554790298 21172.169341710236 179446.52807617188 1.162841796875 5450.223428706279 7757
220 1.3 59616.878662109375 233.04847981206737 179446.52807617188 1.162841796875 6075.082001546692 7833
230 1.1 64898.27601207386 17314.459754269534 179446.52807617188 1.162841796875 6163.795149212676 7846
240 21.7 57271.856537568405 41909.41512083521 179446.52807617188 1.15185546875 6246.024917507378 7857
250 32.8 32545.617641542027 29236.911037769758 179446.52807617188 1.15185546875 7617.415239721056 8074
260 10.3 46717.15629266535 54080.91302207137 179446.52807617188 1.15185546875 8590.570487018995 8402
270 26.7 16812.45305002047 24673.34748775117 179446.52807617188 1.15185546875 9052.303389779909 8505
280 7.5 25689.762203776034 32793.302461043095 179446.52807617188 1.15185546875 9288.504935525945 8772
290 1.1 72758.65755948154 51615.882570378104 179446.52807617188 1.15185546875 9427.545773676591 8847
300 4 77949.87916259767 37495.78772167033 179446.52807617188 1.15185546875 9506.191317777275 8858
310 2.8 78783.7113647461 39371.257056445975 179446.52807617188 1.15185546875 9813.872539826365 8898
320 1.1 64889.28726473721 30824.28219919539 179446.52807617188 1.15185546875 10030.224263677783 8926
330 1.9 59417.998753597865 347.89950720726057 179446.52807617188 1.15185546875 10097.746887937787 8937
340 5.9 58399.57016767081 7764.473263925455 179446.52807617188 1.15185546875 10202.378954200352 8956
350 3.3 55895.16776160038 14197.957174615365 179446.52807617188 1.15185546875 10517.812596085518 9015
360 2.6 43569.95646784857 26415.88580038961 179446.52807617188 1.15185546875 10683.313559885471 9048
370 4.3 39213.726994004355 23848.232160599204 179446.52807617188 1.15185546875 10777.544628389664 9074
380 0.6 59612.51835123698 260.03661827746123 179446.52807617188 1.15185546875 10911.662851678184 9117
390 0.6 59714.11503092448 260.1194649925198 179446.52807617188 1.15185546875 10943.692352171152 9123
400 2.3 70881.80149244226 25242.61586945336 179446.52807617188 1.15185546875 10975.746524158503 9129
410 1.9 44663.70199424342 40161.63065195542 179446.52807617188 1.15185546875 11126.297143069181 9152
420 1.5 55588.30148111979 40731.9250839114 179951.3798828125 1.15185546875 11195.77819117433 9171
430 2.3 50129.6908648947 9004.700682042376 179951.3798828125 1.15185546875 11268.267615227147 9186
440 0 0 0 179951.3798828125 1.15185546875 11365.326224711604 9209
450 0.2 33195.59191894531 711.3499755859375 179951.3798828125 1.15185546875 11365.326224711604 9209
460 0.9 21286.269476996527 25001.43886493354 179951.3798828125 1.15185546875 11370.066267203023 9211
470 0 0 0 179951.3798828125 1.15185546875 11379.745858188722 9220
480 0 0 0 179951.3798828125 1.15185546875 11379.745858188722 9220
490 0 0 0 179951.3798828125 1.15185546875 11379.745858188722 9220
500 0 0 0 179951.3798828125 1.15185546875 11379.745858188722 9220
510 0 0 0 179951.3798828125 1.15185546875 11379.745858188722 9220
511 0 0 0 179951.3798828125 1.15185546875 11379.745858188722 9220
