10 19.93984375 19.93984375
20 15.240625 35.18046875
30 82.71796875 117.8984375
40 69.92734375 187.82578125
50 80.078125 267.90390625
60 115.62890625 383.5328125
70 91.6890625 475.221875
80 190.29375 665.515625
90 147.06171875 812.57734375
100 364.1625 1176.73984375
110 280.93671875 1457.6765625
120 225.58125 1683.2578125
130 651.82734375 2335.08515625
140 781.1734375 3116.25859375
150 915.96328125 4032.221875
160 465.81875 4498.040625
170 419.26328125 4917.30390625
180 265.37578125 5182.6796875
190 137.13984375 5319.81953125
200 86.03046875 5405.85
210 68.46484375 5474.31484375
220 10.23359375 5484.5484375
230 4.66953125 5489.21796875
240 69.56796875 5558.7859375
250 105.5046875 5664.290625
260 83.24609375 5747.53671875
270 160.11171875 5907.6484375
280 79.85625 5987.5046875
290 28.6015625 6016.10625
300 17.6109375 6033.7171875
310 7.43203125 6041.14921875
320 5.321875 6046.47109375
330 4.05234375 6050.5234375
340 23.12421875 6073.64765625
350 22.76953125 6096.4171875
360 14.75078125 6111.16796875
370 10.353125 6121.52109375
380 9.31484375 6130.8359375
390 1.846875 6132.6828125
400 1.85703125 6134.53984375
410 4.03046875 6138.5703125
420 3.834375 6142.4046875
430 0 6142.4046875
440 0 6142.4046875
450 0 6142.4046875
460 3.23125 6145.6359375
470 0 6145.6359375
480 0 6145.6359375
490 0 6145.6359375
500 0 6145.6359375
510 0 6145.6359375
511 0 6145.6359375
