10 34.91171875 34.91171875
20 12.196875 47.10859375
30 17866.74453125 17913.853125
40 611.646875 18525.5
50 1218.29609375 19743.79609375
60 3074.6953125 22818.49140625
70 1913.0796875 24731.57109375
80 133.965625 24865.53671875
90 667.2359375 25532.77265625
100 1510.38828125 27043.1609375
110 186.484375 27229.6453125
120 163.80546875 27393.45078125
130 564.17890625 27957.6296875
140 747.4578125 28705.0875
150 1028.46328125 29733.55078125
160 514.9609375 30248.51171875
170 921.653125 31170.16484375
180 683.3265625 31853.49140625
190 590.38359375 32443.875
200 84.82265625 32528.69765625
210 117.184375 32645.88203125
220 0.9375 32646.81953125
230 0.87890625 32647.6984375
240 52.6125 32700.3109375
250 91.3984375 32791.709375
260 28.63515625 32820.34453125
270 78.72265625 32899.0671875
280 23.64609375 32922.71328125
290 1.4984375 32924.21171875
300 2.9453125 32927.15703125
310 1.828125 32928.98515625
320 0.70703125 32929.6921875
330 6.1859375 32935.878125
340 62.50546875 32998.38359375
350 2.5796875 33000.96328125
360 3.73125 33004.69453125
370 88.18203125 33092.8765625
380 0.3515625 33093.228125
390 0.3515625 33093.5796875
400 1.34765625 33094.92734375
410 121.35 33216.27734375
420 1.0640625 33217.34140625
430 23.03828125 33240.3796875
440 0 33240.3796875
450 0.5125 33240.8921875
460 1.9265625 33242.81875
470 0 33242.81875
480 0 33242.81875
490 0 33242.81875
500 0 33242.81875
510 0 33242.81875
511 0 33242.81875
