0 0 0
10 11 11
20 31 31
30 53 53
40 87 87
50 107 107
60 131 134
70 194 196
80 251 253
90 292 293
100 406 406
110 524 524
120 623 624
130 808 808
140 959 962
150 1021 1022
160 819 1045
170 656 1045
180 556 1045
190 545 1045
200 538 1045
210 521 1045
220 514 1045
230 501 1045
240 443 1045
250 312 1045
260 288 1045
270 227 1045
280 204 1045
290 201 1045
300 180 1045
310 165 1045
320 158 1045
330 149 1045
340 126 1045
350 114 1045
360 104 1045
370 76 1045
380 76 1045
390 72 1045
400 53 1045
410 41 1045
420 28 1045
430 6 1045
440 6 1045
450 5 1045
460 0 1045
470 0 1045
480 0 1045
490 0 1045
500 0 1045
510 0 1045
511 0 1045
