10 1.2 110.83980305989583 297.9617986391298 1075.90185546875 1.387939453125 0 0
20 2.5 1.898076171875 0.3765784176829732 1075.90185546875 1.22412109375 110.83980305989583 12
30 2.5 1.8459375 0.39886340235792445 1075.90185546875 1.22412109375 37.230528135557435 37
40 2.8 1.8521554129464286 0.4021099402118238 1075.90185546875 1.22412109375 22.962548040574596 62
50 4.1 1.780660489710366 0.3908559050698101 1075.90185546875 1.22412109375 16.39487033420139 90
60 3.9 2.1475235376602564 1.5511494816034892 1075.90185546875 1.212158203125 11.820957329437023 131
70 5.4 2.787281177662037 4.371224672123555 1075.90185546875 1.212158203125 9.6017578125 170
80 10.7 1.7542621933411215 0.3818548357709302 1075.90185546875 1.1611328125 7.958982195172992 224
90 8.5 1.7527171415441176 0.4027840041213249 1075.90185546875 1.1611328125 5.953226786725832 331
100 18.9 1.7076887504133598 0.3938968428048774 1075.90185546875 1.154052734375 5.094949575570914 416
110 19.6 1.8391586615114797 2.030379407956331 1075.90185546875 1.112060546875 4.036780491348141 605
120 16.6 1.7199854103915662 0.48881549458529094 1075.90185546875 1.112060546875 3.4990353244967234 801
130 31.4 1.9790793254876575 1.4132372793452157 1075.90185546875 0.9599609375 3.193634822178775 967
140 34.6 1.6625997730762283 0.460460107850344 1075.90185546875 0.9599609375 2.8959217652224822 1281
150 40.1 1.712558812928616 0.8036012512220736 1075.90185546875 0.864990234375 2.633641857857637 1627
160 16.5 1.784188565340909 0.6701549666867711 1075.90185546875 0.864990234375 2.4515144904924804 2028
170 0.2 1.865478515625 0.431396484375 1075.90185546875 0.864990234375 2.4013052895576834 2193
180 0 0 0 1075.90185546875 0.864990234375 2.40081706470672 2195
190 0 0 0 1075.90185546875 0.864990234375 2.40081706470672 2195
200 0 0 0 1075.90185546875 0.864990234375 2.40081706470672 2195
210 0 0 0 1075.90185546875 0.864990234375 2.40081706470672 2195
220 0.1 10.087890625 0.0 1075.90185546875 0.864990234375 2.40081706470672 2195
230 0 0 0 1075.90185546875 0.864990234375 2.404317553577527 2196
240 0 0 0 1075.90185546875 0.864990234375 2.404317553577527 2196
250 0 0 0 1075.90185546875 0.864990234375 2.404317553577527 2196
260 0.1 9.02685546875 0.0 1075.90185546875 0.864990234375 2.404317553577527 2196
270 0 0 0 1075.90185546875 0.864990234375 2.4073319085685023 2197
280 0 0 0 1075.90185546875 0.864990234375 2.4073319085685023 2197
290 0 0 0 1075.90185546875 0.864990234375 2.4073319085685023 2197
300 0 0 0 1075.90185546875 0.864990234375 2.4073319085685023 2197
310 0 0 0 1075.90185546875 0.864990234375 2.4073319085685023 2197
320 0 0 0 1075.90185546875 0.864990234375 2.4073319085685023 2197
330 0 0 0 1075.90185546875 0.864990234375 2.4073319085685023 2197
333 0 0 0 1075.90185546875 0.864990234375 2.4073319085685023 2197
