10 0.8 797.1373596191406 521.0694199749781 1857.278076171875 106.65185546875 0 0
20 0.1 9295.22998046875 0.0 9295.22998046875 106.65185546875 797.1373596191406 8
30 2.5 10249.017509765625 3234.070741367986 16285.6259765625 106.65185546875 1741.369873046875 9
40 0 0 0 16285.6259765625 106.65185546875 7996.993135340073 34
50 0 0 0 16285.6259765625 106.65185546875 7996.993135340073 34
60 1.3 37180.57162710337 5136.542050199993 49875.0859375 106.65185546875 7996.993135340073 34
70 3.5 6778.485400390622 18852.81683648263 59549.787841796875 2.138916015625 16069.04676072141 47
80 30.4 209.65883676629323 3550.5470703444953 62013.622802734375 1.616943359375 12103.563253263146 82
90 41.8 5558.2224524100975 17312.50392944476 62013.622802734375 1.52001953125 2736.3431946749515 386
100 69.5 2659.212173308228 12285.867567428384 62013.622802734375 1.47705078125 4203.439624691483 804
110 87 2877.7279383867635 12757.816476942731 62013.622802734375 1.43505859375 3487.470259306985 1499
120 93.9 3180.526447267704 13623.826112990655 94801.23315429688 1.43505859375 3263.5463170526195 2369
130 126.1 1986.8641410664325 10676.416093315836 94801.23315429688 1.43505859375 3239.980519674132 3308
140 143.5 4.2675546466681045 3.472707137315969 94801.23315429688 1.43505859375 2894.1324668344932 4569
150 156.2 270.4300774685401 4496.135295547459 118538.89404296875 1.43505859375 2203.4335745977296 6004
160 113.5 370.9807296685719 4658.948461591026 118538.89404296875 1.43505859375 1804.3651814552775 7566
170 36.1 3.0014783695463993 1.9560984830595127 118538.89404296875 1.43505859375 1617.3876670571726 8701
180 4.2 2.710019066220238 0.9009701823203687 118538.89404296875 1.43505859375 1553.0758800216138 9062
190 0.3 39873.215983072914 28169.674128668037 118538.89404296875 1.43505859375 1545.923489186802 9104
200 0 0 0 118538.89404296875 1.43505859375 1558.5491482931664 9107
210 0 0 0 118538.89404296875 1.43505859375 1558.5491482931664 9107
220 1 59609.145703125 235.0778643261575 118538.89404296875 1.43505859375 1558.5491482931664 9107
230 2.2 59550.02432528409 315.55879827896774 118538.89404296875 1.43505859375 1622.2220632375909 9117
240 3.3 59462.74383729877 285.05526276231643 118538.89404296875 1.43505859375 1761.6696668884306 9139
250 1.6 63312.339263916016 14547.607616560157 119647.18896484375 1.43505859375 1969.272746655498 9172
260 4.2 33917.10689871652 33051.905774134764 123108.41284179688 1.43505859375 2076.09567485273 9188
270 0.4 10.3905029296875 2.929055639157389 123108.41284179688 1.43505859375 2220.9843499775707 9230
280 0.3 19867.203938802082 28083.719583381666 123108.41284179688 1.43505859375 2220.026761133279 9234
290 2.2 42636.171875 28912.19534046786 129197.55102539063 1.43505859375 2225.7582249779257 9237
300 0 0 0 129197.55102539063 1.43505859375 2321.776056309656 9259
310 0.1 8.217041015625 0.0 129197.55102539063 1.43505859375 2321.776056309656 9259
320 0 0 0 129197.55102539063 1.43505859375 2321.526211923555 9260
330 0 0 0 129197.55102539063 1.43505859375 2321.526211923555 9260
333 0 0 0 129197.55102539063 1.43505859375 2321.526211923555 9260
