80 1.9 13276.15091745477 19486.622281149754 72722.70581054688 2457.114990234375 0 0
90 5.4 14282.641172055844 15594.37144663133 76750.82421875 2457.114990234375 13276.15091745477 19
100 9.9 28871.30461105193 27774.26585314025 92783.51708984375 1399.656982421875 14020.67795510488 73
110 13.8 23097.010489201206 23930.651080000964 97225.15283203125 1373.93701171875 22568.42236753952 172
120 17.6 30005.374825217506 28256.97149987209 106490.97705078125 1373.93701171875 22803.729337827626 310
130 21.1 28304.68631748001 27595.927229407418 111247.16723632813 1373.93701171875 25411.732641902974 486
140 24.5 25723.250362723214 28783.131963946875 131781.79296875 1373.93701171875 26287.504844982966 697
150 28.9 16972.91145129351 17037.28797765319 144656.44677734375 1373.93701171875 26140.750759894177 942
160 31 17953.72526067917 17850.766064311887 144656.44677734375 1373.93701171875 23988.431052188578 1231
170 18.6 21456.298723118267 11939.7568900029 144656.44677734375 1373.93701171875 22774.440918919325 1541
180 2.5 27833.555302734374 7704.163204459886 144656.44677734375 1373.93701171875 22632.475401595068 1727
190 0.1 40134.9990234375 0.0 144656.44677734375 1373.93701171875 22706.691724385295 1752
200 0 0 0 144656.44677734375 1373.93701171875 22716.63371371733 1753
210 0 0 0 144656.44677734375 1373.93701171875 22716.63371371733 1753
220 0.6 74396.81530761719 10188.866284284808 144656.44677734375 1373.93701171875 22716.63371371733 1753
230 1.2 83315.35347493489 8769.424483068628 144656.44677734375 1373.93701171875 22892.916311536203 1759
240 2.5 96500.847890625 23249.157275230842 173647.8330078125 1373.93701171875 23302.328646917787 1771
250 1.1 107743.01005415483 25815.35497192061 184186.55297851563 1373.93701171875 24321.238992737763 1796
260 2.1 105984.99836077009 9004.816044450694 184186.55297851563 1373.93701171875 24829.06383041103 1807
270 0.2 112617.83996582031 1726.3370361328125 184186.55297851563 1373.93701171875 25761.380364950164 1828
280 0.3 130422.47802734375 9092.324421036048 184186.55297851563 1373.93701171875 25856.30545741013 1830
290 1.8 142211.89946831597 21739.920092705317 230366.59692382813 1373.93701171875 26027.444856051592 1833
300 0 0 0 230366.59692382813 1373.93701171875 27157.27747788885 1851
310 0.1 150605.32983398438 0.0 230366.59692382813 1373.93701171875 27157.27747788885 1851
320 0 0 0 230366.59692382813 1373.93701171875 27223.93409363188 1852
330 0 0 0 230366.59692382813 1373.93701171875 27223.93409363188 1852
333 0 0 0 230366.59692382813 1373.93701171875 27223.93409363188 1852
