10 20.5828125 20.5828125
20 19.03203125 39.61484375
30 71.69765625 111.3125
40 9.99921875 121.31171875
50 13.56484375 134.8765625
60 22.41875 157.2953125
70 36.590625 193.8859375
80 184.36328125 378.24921875
90 226.89296875 605.1421875
100 394.209375 999.3515625
110 452.84921875 1452.20078125
120 467.3515625 1919.55234375
130 670.25 2589.80234375
140 735.93515625 3325.7375
150 803.56640625 4129.30390625
160 509.975 4639.27890625
170 122.02265625 4761.3015625
180 23.3984375 4784.7
190 5.15390625 4789.85390625
200 2.178125 4792.03203125
210 0.27109375 4792.303125
220 1.26328125 4793.56640625
230 3.07734375 4796.64375
240 2.8359375 4799.4796875
250 2.73671875 4802.21640625
260 11.65703125 4813.8734375
270 2.6 4816.4734375
280 1.53671875 4818.01015625
290 1.9828125 4819.99296875
300 0 4819.99296875
310 0.615625 4820.60859375
320 0 4820.60859375
330 0 4820.60859375
333 0 4820.60859375
