10 33.90390625 33.90390625
20 5.68515625 39.5890625
30 111.31328125 150.90234375
40 0 150.90234375
50 0 150.90234375
60 8636.16875 8787.07109375
70 25.47421875 8812.5453125
80 220.08984375 9032.63515625
90 253.8484375 9286.48359375
100 455.69765625 9742.18125
110 551.2703125 10293.4515625
120 558.978125 10852.4296875
130 811.15 11663.5796875
140 903.95390625 12567.53359375
150 980.965625 13548.49921875
160 627.23984375 14175.7390625
170 151.8375 14327.5765625
180 17.184375 14344.7609375
190 0.76796875 14345.52890625
200 0 14345.52890625
210 0 14345.52890625
220 0.81328125 14346.3421875
230 1.40625 14347.7484375
240 2.109375 14349.8578125
250 0.99609375 14350.85390625
260 4.93671875 14355.790625
270 0.46328125 14356.25390625
280 0.3484375 14356.60234375
290 2.50234375 14359.1046875
300 0 14359.1046875
310 0.115625 14359.2203125
320 0 14359.2203125
330 0 14359.2203125
333 0 14359.2203125
