10 1.7 17
20 7.3 90
30 4.2 132
40 9.5 227
50 6 287
60 3.2 319
70 8.4 403
80 18.2 585
90 13 715
100 6.7 782
110 19.4 976
120 28.2 1258
130 44.6 1704
140 69.2 2396
150 57.7 2973
160 9.7 3070
170 13.2 3202
180 23.6 3438
190 25.3 3691
200 11 3801
210 5.2 3853
220 15.7 4010
230 8.6 4096
240 2.9 4125
250 1.1 4136
260 1.6 4152
270 1.3 4165
280 1.7 4182
290 2.8 4210
300 3.7 4247
310 2.9 4276
320 0.2 4278
330 0.2 4280
340 0 4280
350 0.1 4281
360 0 4281
370 0 4281
380 0 4281
390 0 4281
400 0 4281
410 0 4281
420 0 4281
430 0 4281
440 0 4281
450 0 4281
460 0 4281
470 0 4281
480 0 4281
490 0 4281
500 0 4281
510 0 4281
520 0 4281
530 0 4281
540 0 4281
550 0 4281
560 0 4281
570 0 4281
580 0 4281
590 0 4281
600 0 4281
610 0 4281
620 0 4281
630 0 4281
640 0 4281
650 0 4281
660 0 4281
670 0 4281
680 0 4281
690 0 4281
700 0 4281
710 0 4281
720 0 4281
730 0 4281
740 0 4281
750 0 4281
760 0 4281
770 0 4281
780 0 4281
790 0 4281
800 0 4281
810 0 4281
820 0 4281
830 0 4281
840 0 4281
850 0 4281
860 0 4281
870 0 4281
880 0 4281
890 0 4281
900 0 4281
910 0 4281
920 0 4281
930 0 4281
940 0 4281
950 0 4281
960 0 4281
970 0 4281
980 0 4281
990 0 4281
1000 0 4281
1010 0 4281
1020 0 4281
1030 0 4281
1040 0 4281
1050 0 4281
1060 0 4281
1070 0 4281
1080 0 4281
1090 0 4281
1100 0 4281
1110 0 4281
1120 0 4281
1130 0 4281
1140 0 4281
1150 0 4281
1160 0 4281
1170 0 4281
1180 0 4281
1190 0 4281
1200 0 4281
1210 0 4281
1220 0 4281
1230 0 4281
1240 0 4281
1250 0 4281
1260 0 4281
1270 0 4281
1280 0 4281
1290 0 4281
1300 0 4281
1310 0 4281
1320 0 4281
1330 0 4281
1340 0 4281
1350 0 4281
1360 0 4281
1370 0 4281
1380 0 4281
1390 0 4281
1400 0 4281
1410 0 4281
1420 0 4281
1430 0 4281
1440 0 4281
1450 0 4281
1460 0 4281
1470 0 4281
1480 0 4281
1490 0 4281
1500 0 4281
1510 0 4281
1520 0 4281
1530 0 4281
1540 0 4281
1550 0 4281
1560 0 4281
1570 0 4281
1580 0 4281
1590 0 4281
1600 0 4281
1610 0 4281
1620 0 4281
1630 0 4281
1640 0 4281
1650 0 4281
1660 0 4281
1670 0 4281
1680 0 4281
1690 0 4281
1700 0 4281
1710 0 4281
1720 0 4281
1730 0 4281
1740 0 4281
1750 0 4281
1760 0 4281
1770 0 4281
1780 0 4281
1790 0 4281
1800 0 4281
1810 0 4281
1820 0 4281
1830 0 4281
1840 0 4281
1850 0 4281
1860 0 4281
1870 0 4281
1880 0 4281
1890 0 4281
1900 0 4281
1910 0 4281
1920 0 4281
1930 0 4281
1940 0 4281
1950 0 4281
1960 0 4281
1970 0 4281
1980 0 4281
1990 0 4281
2000 0 4281
2010 0 4281
2020 0 4281
2030 0 4281
2040 0 4281
2050 0 4281
2060 0 4281
2070 0 4281
2080 0 4281
2090 0 4281
2100 0 4281
2110 0 4281
2120 0 4281
2130 0 4281
2140 0 4281
2150 0 4281
2160 0 4281
2170 0 4281
2180 0 4281
2190 0 4281
2200 0 4281
2210 0 4281
2220 0 4281
2230 0 4281
2240 0 4281
2250 0 4281
2260 0 4281
2270 0 4281
2280 0 4281
2290 0 4281
2300 0 4281
2310 0 4281
2320 0 4281
2330 0 4281
2340 0 4281
2350 0 4281
2360 0 4281
2370 0 4281
2380 0 4281
2390 0 4281
2400 0 4281
2410 0 4281
2420 0 4281
2430 0 4281
2440 0 4281
2450 0 4281
2460 0 4281
2470 0 4281
2480 0 4281
2490 0 4281
2500 0 4281
2510 0 4281
2520 0 4281
2530 0 4281
2540 0 4281
2550 0 4281
2560 0 4281
2570 0 4281
2580 0 4281
2590 0 4281
2600 0 4281
2610 0 4281
2620 0 4281
2630 0 4281
2640 0 4281
2650 0 4281
2660 0 4281
2670 0 4281
2680 0 4281
2690 0 4281
2700 0 4281
2710 0 4281
2720 0 4281
2730 0 4281
2740 0 4281
2750 0 4281
2760 0 4281
2770 0 4281
2780 0 4281
2790 0 4281
2800 0 4281
2810 0 4281
2820 0 4281
2830 0 4281
2840 0 4281
2850 0 4281
2860 0 4281
2870 0 4281
2880 0 4281
2890 0 4281
2900 0 4281
2910 0 4281
2920 0 4281
2930 0 4281
2940 0 4281
2950 0 4281
2960 0 4281
2970 0 4281
2980 0 4281
2990 0 4281
3000 0 4281
3010 0 4281
3020 0 4281
3030 0 4281
3040 0 4281
3050 0 4281
3060 0 4281
3070 0 4281
3080 0 4281
3090 0 4281
3100 0 4281
3110 0 4281
3120 0 4281
3130 0 4281
3140 0 4281
3150 0 4281
3160 0 4281
3170 0 4281
3180 0 4281
3190 0 4281
3200 0 4281
3210 0 4281
3220 0 4281
3230 0 4281
3240 0 4281
3250 0 4281
3260 0 4281
3270 0 4281
3280 0 4281
3290 0 4281
3300 0 4281
3310 0 4281
3320 0 4281
3330 0 4281
3340 0 4281
3350 0 4281
3360 0 4281
3370 0 4281
3380 0 4281
3390 0 4281
3400 0 4281
3410 0 4281
3420 0 4281
3430 0 4281
3440 0 4281
3450 0 4281
3460 0 4281
3470 0 4281
3480 0 4281
3490 0 4281
3500 0 4281
3510 0 4281
3520 0 4281
3530 0 4281
3540 0 4281
3550 0 4281
3560 0 4281
3570 0 4281
3580 0 4281
3590 0 4281
3600 0 4281
3610 0 4281
3620 0 4281
3630 0 4281
3640 0 4281
3650 0 4281
3660 0 4281
3670 0 4281
3680 0 4281
3690 0 4281
3700 0 4281
3710 0 4281
3720 0 4281
3730 0 4281
3740 0 4281
3750 0 4281
3760 0 4281
3770 0 4281
3780 0 4281
3790 0 4281
3800 0 4281
3810 0 4281
3820 0 4281
3830 0 4281
3840 0 4281
3850 0 4281
3860 0 4281
3870 0 4281
3880 0 4281
3890 0 4281
3900 0 4281
3910 0 4281
3920 0 4281
3930 0 4281
3940 0 4281
3950 0 4281
3960 0 4281
3970 0 4281
3980 0 4281
3990 0 4281
4000 0 4281
4010 0 4281
4020 0 4281
4030 0 4281
4040 0 4281
4050 0 4281
4060 0 4281
4070 0 4281
4080 0 4281
4090 0 4281
4100 0 4281
4110 0 4281
4120 0 4281
4130 0 4281
4140 0 4281
4150 0 4281
4160 0 4281
4170 0 4281
4180 0 4281
4190 0 4281
4200 0 4281
4210 0 4281
4220 0 4281
4230 0 4281
4240 0 4281
4250 0 4281
4260 0 4281
4270 0 4281
4280 0 4281
4290 0 4281
4300 0 4281
4310 0 4281
4320 0 4281
4330 0 4281
4340 0 4281
4350 0 4281
4360 0 4281
4370 0 4281
4380 0 4281
4390 0 4281
4400 0 4281
4410 0 4281
4420 0 4281
4430 0 4281
4440 0 4281
4450 0 4281
4460 0 4281
4470 0 4281
4480 0 4281
4490 0 4281
4500 0 4281
4510 0 4281
4520 0 4281
4530 0 4281
4540 0 4281
4550 0 4281
4560 0 4281
4570 0 4281
4580 0 4281
4590 0 4281
4600 0 4281
4610 0 4281
4620 0 4281
4630 0 4281
4640 0 4281
4650 0 4281
4660 0 4281
4670 0 4281
4680 0 4281
4690 0 4281
4700 0 4281
4710 0 4281
4720 0 4281
4730 0 4281
4740 0 4281
4750 0 4281
4760 0 4281
4770 0 4281
4780 0 4281
4790 0 4281
4800 0 4281
4810 0 4281
4820 0 4281
4830 0 4281
4840 0 4281
4850 0 4281
4860 0 4281
4870 0 4281
4880 0 4281
4890 0 4281
4900 0 4281
4910 0 4281
4920 0 4281
4930 0 4281
4940 0 4281
4950 0 4281
4960 0 4281
4970 0 4281
4980 0 4281
4990 0 4281
5000 0 4281
5010 0 4281
5020 0 4281
5030 0 4281
5040 0 4281
5050 0 4281
5060 0 4281
5070 0 4281
5080 0 4281
5090 0 4281
5100 0 4281
5110 0 4281
5120 0 4281
5130 0 4281
5140 0 4281
5150 0 4281
5160 0 4281
5170 0 4281
5180 0 4281
5190 0 4281
5200 0 4281
5210 0 4281
5220 0 4281
5230 0 4281
5240 0 4281
5250 0 4281
5260 0 4281
5270 0 4281
5280 0 4281
5290 0 4281
5300 0 4281
5310 0 4281
5320 0 4281
5330 0 4281
5340 0 4281
5350 0 4281
5360 0 4281
5370 0 4281
5380 0 4281
5390 0 4281
5400 0 4281
5410 0 4281
5420 0 4281
5430 0 4281
5440 0 4281
5450 0 4281
5460 0 4281
5470 0 4281
5480 0 4281
5490 0 4281
5500 0 4281
5510 0 4281
5520 0 4281
5530 0 4281
5540 0 4281
5550 0 4281
5560 0 4281
5570 0 4281
5580 0 4281
5590 0 4281
5600 0 4281
5610 0 4281
5620 0 4281
5630 0 4281
5640 0 4281
5650 0 4281
5660 0 4281
5670 0 4281
5680 0 4281
5690 0 4281
5700 0 4281
5710 0 4281
5720 0 4281
5730 0 4281
5740 0 4281
5750 0 4281
5760 0 4281
5770 0 4281
5780 0 4281
5790 0 4281
5800 0 4281
5810 0 4281
5820 0 4281
5830 0 4281
5840 0 4281
5850 0 4281
5860 0 4281
5870 0 4281
5880 0 4281
5890 0 4281
5900 0 4281
5910 0 4281
5920 0 4281
5930 0 4281
5940 0 4281
5950 0 4281
5960 0 4281
5970 0 4281
5980 0 4281
5990 0 4281
6000 0 4281
6010 0 4281
6020 0 4281
6030 0 4281
6040 0 4281
6050 0 4281
6060 0 4281
6070 0 4281
6080 0 4281
6090 0 4281
6100 0 4281
6110 0 4281
6120 0 4281
6130 0 4281
6140 0 4281
6150 0 4281
6160 0 4281
6170 0 4281
6180 0 4281
6190 0 4281
6200 0 4281
6210 0 4281
6220 0 4281
6230 0 4281
6240 0 4281
6250 0 4281
6260 0 4281
6270 0 4281
6280 0 4281
6290 0 4281
6300 0 4281
6310 0 4281
6320 0 4281
6330 0 4281
6340 0 4281
6350 0 4281
6360 0 4281
6370 0 4281
6380 0 4281
6390 0 4281
6400 0 4281
6410 0 4281
6420 0 4281
6430 0 4281
6440 0 4281
6450 0 4281
6460 0 4281
6470 0 4281
6480 0 4281
6490 0 4281
6500 0 4281
6510 0 4281
6520 0 4281
6530 0 4281
6540 0 4281
6550 0 4281
6560 0 4281
6570 0 4281
6580 0 4281
6590 0 4281
6600 0 4281
6610 0 4281
6620 0 4281
6630 0 4281
6640 0 4281
6650 0 4281
6660 0 4281
6670 0 4281
6680 0 4281
6690 0 4281
6700 0 4281
6710 0 4281
6720 0 4281
6730 0 4281
6740 0 4281
6750 0 4281
6760 0 4281
6770 0 4281
6780 0 4281
6790 0 4281
6800 0 4281
6810 0 4281
6820 0 4281
6830 0 4281
6840 0 4281
6850 0 4281
6860 0 4281
6870 0 4281
6880 0 4281
6890 0 4281
6900 0 4281
6910 0 4281
6920 0 4281
6930 0 4281
6940 0 4281
6950 0 4281
6960 0 4281
6970 0 4281
6980 0 4281
6990 0 4281
7000 0 4281
7010 0 4281
7020 0 4281
7030 0 4281
7040 0 4281
7050 0 4281
7060 0 4281
7070 0 4281
7080 0 4281
7090 0 4281
7100 0 4281
7110 0 4281
7120 0 4281
7130 0 4281
7140 0 4281
7150 0 4281
7160 0 4281
7170 0 4281
7180 0 4281
7190 0 4281
7200 0 4281
7210 0 4281
7220 0 4281
7230 0 4281
7240 0 4281
7250 0 4281
7260 0 4281
7270 0 4281
7280 0 4281
7290 0 4281
7300 0 4281
7310 0 4281
7320 0 4281
7330 0 4281
7340 0 4281
7350 0 4281
7360 0 4281
7370 0 4281
7380 0 4281
7390 0 4281
7400 0 4281
7410 0 4281
7420 0 4281
7430 0 4281
7440 0 4281
7450 0 4281
7460 0 4281
7470 0 4281
7480 0 4281
7490 0 4281
7500 0 4281
7510 0 4281
7520 0 4281
7530 0 4281
7540 0 4281
7550 0 4281
7560 0 4281
7570 0 4281
7580 0 4281
7590 0 4281
7600 0 4281
7610 0 4281
7620 0 4281
7630 0 4281
7640 0 4281
7650 0 4281
7660 0 4281
7670 0 4281
7680 0 4281
7690 0 4281
7700 0 4281
7710 0 4281
7720 0 4281
7730 0 4281
7740 0 4281
7750 0 4281
7760 0 4281
7770 0 4281
7780 0 4281
7790 0 4281
7800 0 4281
7810 0 4281
7820 0 4281
7830 0 4281
7840 0 4281
7850 0 4281
7860 0 4281
7870 0 4281
7880 0 4281
