20 2.4 24
30 1.4 38
40 2.4 62
50 4.6 108
60 0.1 109
70 19.5 304
80 35.5 659
90 3.6 695
100 0 695
110 43.9 1134
120 32.6 1460
130 147 2930
140 37.5 3305
150 4.4 3349
160 0 3349
170 31.2 3661
180 44.9 4110
190 50 4610
200 5.5 4665
210 9.7 4762
220 6.6 4828
230 0 4828
240 0 4828
250 0 4828
260 0 4828
270 0 4828
280 0 4828
290 0 4828
300 0.3 4831
310 0 4831
320 0 4831
330 0 4831
340 0 4831
350 0 4831
360 0 4831
370 0 4831
380 0 4831
390 0 4831
400 0 4831
410 0 4831
420 0 4831
430 0 4831
440 0 4831
450 0 4831
460 0 4831
470 0 4831
480 0 4831
490 0 4831
500 0 4831
510 0 4831
520 0 4831
530 0 4831
540 0 4831
550 0 4831
560 0 4831
570 0 4831
580 0 4831
590 0 4831
600 0 4831
610 0 4831
620 0 4831
630 0 4831
640 0 4831
650 0 4831
660 0 4831
670 0 4831
680 0 4831
690 0 4831
700 0 4831
710 0 4831
720 0 4831
730 0 4831
740 0 4831
750 0 4831
760 0 4831
770 0 4831
780 0 4831
790 0 4831
800 0 4831
810 0 4831
820 0 4831
830 0 4831
840 0 4831
850 0 4831
860 0 4831
870 0 4831
880 0 4831
890 0 4831
900 0 4831
910 0 4831
920 0 4831
930 0 4831
940 0 4831
950 0 4831
960 0 4831
970 0 4831
980 0 4831
990 0 4831
1000 0 4831
1010 0 4831
1020 0 4831
1030 0 4831
1040 0 4831
1050 0 4831
1060 0 4831
1070 0 4831
1080 0 4831
1090 0 4831
1100 0 4831
1110 0 4831
1120 0 4831
1130 0 4831
1140 0 4831
1150 0 4831
1160 0 4831
1170 0 4831
1180 0 4831
1190 0 4831
1200 0 4831
1210 0 4831
1220 0 4831
1230 0 4831
1240 0 4831
1250 0 4831
1260 0 4831
1270 0 4831
1280 0 4831
1290 0 4831
1300 0 4831
1310 0 4831
1320 0 4831
1330 0 4831
1340 0 4831
1350 0 4831
1360 0 4831
1370 0 4831
1380 0 4831
1390 0 4831
1400 0 4831
1410 0 4831
1420 0 4831
1430 0 4831
1440 0 4831
1450 0 4831
1460 0 4831
1470 0 4831
1480 0 4831
1490 0 4831
1500 0 4831
1510 0 4831
1520 0 4831
1530 0 4831
1540 0 4831
1550 0 4831
1560 0 4831
1570 0 4831
1580 0 4831
1590 0 4831
1600 0 4831
1610 0 4831
1620 0 4831
1630 0 4831
1640 0 4831
1650 0 4831
1660 0 4831
1670 0 4831
1680 0 4831
1690 0 4831
1700 0 4831
1710 0 4831
1720 0 4831
1730 0 4831
1740 0 4831
1750 0 4831
1760 0 4831
1770 0 4831
1780 0 4831
1790 0 4831
1800 0 4831
1810 0 4831
1820 0 4831
1830 0 4831
1840 0 4831
1850 0 4831
1860 0 4831
1870 0 4831
1880 0 4831
1890 0 4831
1900 0 4831
1910 0 4831
1920 0 4831
1930 0 4831
1940 0 4831
1950 0 4831
1960 0 4831
1970 0 4831
1980 0 4831
1990 0 4831
2000 0 4831
2010 0 4831
2020 0 4831
2030 0 4831
2040 0 4831
2050 0 4831
2060 0 4831
2070 0 4831
2080 0 4831
2090 0 4831
2100 0 4831
2110 0 4831
2120 0 4831
2130 0 4831
2140 0 4831
2150 0 4831
2160 0 4831
2170 0 4831
2180 0 4831
2190 0 4831
2200 0 4831
2210 0 4831
2220 0 4831
2230 0 4831
2240 0 4831
2250 0 4831
2260 0 4831
2270 0 4831
2280 0 4831
2290 0 4831
2300 0 4831
2310 0 4831
2320 0 4831
2330 0 4831
2340 0 4831
2350 0 4831
2360 0 4831
2370 0 4831
2380 0 4831
2390 0 4831
2400 0 4831
2410 0 4831
2420 0 4831
2430 0 4831
2440 0 4831
2450 0 4831
2460 0 4831
2470 0 4831
2480 0 4831
2490 0 4831
2500 0 4831
2510 0 4831
2520 0 4831
2530 0 4831
2540 0 4831
2550 0 4831
2560 0 4831
2570 0 4831
2580 0 4831
2590 0 4831
2600 0 4831
2610 0 4831
2620 0 4831
2630 0 4831
2640 0 4831
2650 0 4831
2660 0 4831
2670 0 4831
2680 0 4831
2690 0 4831
2700 0 4831
2710 0 4831
2720 0 4831
2730 0 4831
2740 0 4831
2750 0 4831
2760 0 4831
2770 0 4831
2780 0 4831
2790 0 4831
2800 0 4831
2810 0 4831
2820 0 4831
2830 0 4831
2840 0 4831
2850 0 4831
2860 0 4831
2870 0 4831
2880 0 4831
2890 0 4831
2900 0 4831
2910 0 4831
2920 0 4831
2930 0 4831
2940 0 4831
2950 0 4831
2960 0 4831
2970 0 4831
2980 0 4831
2990 0 4831
3000 0 4831
3010 0 4831
3020 0 4831
3030 0 4831
3040 0 4831
3050 0 4831
3060 0 4831
3070 0 4831
3080 0 4831
3090 0 4831
3100 0 4831
3110 0 4831
3120 0 4831
3130 0 4831
3140 0 4831
3150 0 4831
3160 0 4831
3170 0 4831
3180 0 4831
3190 0 4831
3200 0 4831
3210 0 4831
3220 0 4831
3230 0 4831
3240 0 4831
3250 0 4831
3260 0 4831
3270 0 4831
3280 0 4831
3290 0 4831
3300 0 4831
3310 0 4831
3320 0 4831
3330 0 4831
3340 0 4831
3350 0 4831
3360 0 4831
3370 0 4831
3380 0 4831
3390 0 4831
3400 0 4831
3410 0 4831
3420 0 4831
3430 0 4831
3440 0 4831
3450 0 4831
3460 0 4831
3470 0 4831
3480 0 4831
3490 0 4831
3500 0 4831
3510 0 4831
3520 0 4831
3530 0 4831
3540 0 4831
3550 0 4831
3560 0 4831
3570 0 4831
3580 0 4831
3590 0 4831
3600 0 4831
3610 0 4831
3620 0 4831
3630 0 4831
3640 0 4831
3650 0 4831
3660 0 4831
3670 0 4831
3680 0 4831
3690 0 4831
3700 0 4831
3710 0 4831
3720 0 4831
3730 0 4831
3740 0 4831
3750 0 4831
3760 0 4831
3770 0 4831
3780 0 4831
3790 0 4831
3800 0 4831
3810 0 4831
3820 0 4831
3830 0 4831
3840 0 4831
3850 0 4831
3860 0 4831
3870 0 4831
3880 0 4831
3890 0 4831
3900 0 4831
3910 0 4831
3920 0 4831
3930 0 4831
3940 0 4831
3950 0 4831
3960 0 4831
3970 0 4831
3980 0 4831
3990 0 4831
4000 0 4831
4010 0 4831
4020 0 4831
4030 0 4831
4040 0 4831
4050 0 4831
4060 0 4831
4070 0 4831
4080 0 4831
4090 0 4831
4100 0 4831
4110 0 4831
4120 0 4831
4130 0 4831
4140 0 4831
4150 0 4831
4160 0 4831
4170 0 4831
4180 0 4831
4190 0 4831
4200 0 4831
4210 0 4831
4220 0 4831
4230 0 4831
4240 0 4831
4250 0 4831
4260 0 4831
4270 0 4831
4280 0 4831
4290 0 4831
4300 0 4831
4310 0 4831
4320 0 4831
4330 0 4831
4340 0 4831
4350 0 4831
4360 0 4831
4370 0 4831
4380 0 4831
4390 0 4831
4400 0 4831
4410 0 4831
4420 0 4831
4430 0 4831
4440 0 4831
4450 0 4831
4460 0 4831
4470 0 4831
4480 0 4831
4490 0 4831
4500 0 4831
4510 0 4831
4520 0 4831
4530 0 4831
4540 0 4831
4550 0 4831
4560 0 4831
4570 0 4831
4580 0 4831
4590 0 4831
4600 0 4831
4610 0 4831
4620 0 4831
4630 0 4831
4640 0 4831
4650 0 4831
4660 0 4831
4670 0 4831
4680 0 4831
4690 0 4831
4700 0 4831
4710 0 4831
4720 0 4831
4730 0 4831
4740 0 4831
4750 0 4831
4760 0 4831
4770 0 4831
4780 0 4831
4790 0 4831
4800 0 4831
4810 0 4831
4820 0 4831
4830 0 4831
4840 0 4831
4850 0 4831
4860 0 4831
4870 0 4831
4880 0 4831
4890 0 4831
4900 0 4831
4910 0 4831
4920 0 4831
4930 0 4831
4940 0 4831
4950 0 4831
4960 0 4831
4970 0 4831
4980 0 4831
4990 0 4831
5000 0 4831
5010 0 4831
5020 0 4831
5030 0 4831
5040 0 4831
5050 0 4831
5060 0 4831
5070 0 4831
5080 0 4831
5090 0 4831
5100 0 4831
5110 0 4831
5120 0 4831
5130 0 4831
5140 0 4831
5150 0 4831
5160 0 4831
5170 0 4831
5180 0 4831
5190 0 4831
5200 0 4831
5210 0 4831
5220 0 4831
5230 0 4831
5240 0 4831
5250 0 4831
5260 0 4831
5270 0 4831
5280 0 4831
5290 0 4831
5300 0 4831
5310 0 4831
5320 0 4831
5330 0 4831
5340 0 4831
5350 0 4831
5360 0 4831
5370 0 4831
5380 0 4831
5390 0 4831
5400 0 4831
5410 0 4831
5420 0 4831
5430 0 4831
5440 0 4831
5450 0 4831
5460 0 4831
5470 0 4831
5480 0 4831
5490 0 4831
5500 0 4831
5510 0 4831
5520 0 4831
5530 0 4831
5540 0 4831
5550 0 4831
5560 0 4831
5570 0 4831
5580 0 4831
5590 0 4831
5600 0 4831
5610 0 4831
5620 0 4831
5630 0 4831
5640 0 4831
5650 0 4831
5660 0 4831
5670 0 4831
5680 0 4831
5690 0 4831
5700 0 4831
5710 0 4831
5720 0 4831
5730 0 4831
5740 0 4831
5750 0 4831
5760 0 4831
5770 0 4831
5780 0 4831
5790 0 4831
5800 0 4831
5810 0 4831
5820 0 4831
5830 0 4831
5840 0 4831
5850 0 4831
5860 0 4831
5870 0 4831
5880 0 4831
5890 0 4831
5900 0 4831
5910 0 4831
5920 0 4831
5930 0 4831
5940 0 4831
5950 0 4831
5960 0 4831
5970 0 4831
5980 0 4831
5990 0 4831
6000 0 4831
6010 0 4831
6020 0 4831
6030 0 4831
6040 0 4831
6050 0 4831
6060 0 4831
6070 0 4831
6080 0 4831
6090 0 4831
6100 0 4831
6110 0 4831
6120 0 4831
6130 0 4831
6140 0 4831
6150 0 4831
6160 0 4831
6170 0 4831
6180 0 4831
6190 0 4831
6200 0 4831
6210 0 4831
6220 0 4831
6230 0 4831
6240 0 4831
6250 0 4831
6260 0 4831
6270 0 4831
6280 0 4831
6290 0 4831
6300 0 4831
6310 0 4831
6320 0 4831
6330 0 4831
6340 0 4831
6350 0 4831
6360 0 4831
6370 0 4831
6380 0 4831
6390 0 4831
6400 0 4831
6410 0 4831
6420 0 4831
6430 0 4831
6440 0 4831
6450 0 4831
6460 0 4831
6470 0 4831
6480 0 4831
6490 0 4831
6500 0 4831
6510 0 4831
6520 0 4831
6530 0 4831
6540 0 4831
6550 0 4831
6560 0 4831
6570 0 4831
6580 0 4831
6590 0 4831
6600 0 4831
6610 0 4831
6620 0 4831
6630 0 4831
6640 0 4831
6650 0 4831
6660 0 4831
6670 0 4831
6680 0 4831
6690 0 4831
6700 0 4831
6710 0 4831
6720 0 4831
6730 0 4831
6740 0 4831
6750 0 4831
6760 0 4831
6770 0 4831
6780 0 4831
6790 0 4831
6800 0 4831
6810 0 4831
6820 0 4831
6830 0 4831
6840 0 4831
6850 0 4831
6860 0 4831
6870 0 4831
6880 0 4831
6890 0 4831
6900 0 4831
6910 0 4831
6920 0 4831
6930 0 4831
6940 0 4831
6950 0 4831
6960 0 4831
6970 0 4831
6980 0 4831
6990 0 4831
7000 0 4831
7010 0 4831
7020 0 4831
7030 0 4831
7040 0 4831
7050 0 4831
7060 0 4831
7070 0 4831
7080 0 4831
7090 0 4831
7100 0 4831
7110 0 4831
7120 0 4831
7130 0 4831
7140 0 4831
7150 0 4831
7160 0 4831
7170 0 4831
7180 0 4831
7190 0 4831
7200 0 4831
7210 0 4831
7220 0 4831
7230 0 4831
7240 0 4831
7250 0 4831
7260 0 4831
7270 0 4831
7280 0 4831
7290 0 4831
7300 0 4831
7310 0 4831
7320 0 4831
7330 0 4831
7340 0 4831
7350 0 4831
7360 0 4831
7370 0 4831
7380 0 4831
7390 0 4831
7400 0 4831
7410 0 4831
7420 0 4831
7430 0 4831
7440 0 4831
7450 0 4831
7460 0 4831
7470 0 4831
7480 0 4831
7490 0 4831
7500 0 4831
7510 0 4831
7520 0 4831
7530 0 4831
7540 0 4831
7550 0 4831
7560 0 4831
7570 0 4831
7580 0 4831
7590 0 4831
7600 0 4831
7610 0 4831
7620 0 4831
7630 0 4831
7640 0 4831
7650 0 4831
7660 0 4831
7670 0 4831
7680 0 4831
7690 0 4831
7700 0 4831
7710 0 4831
7720 0 4831
7730 0 4831
7740 0 4831
7750 0 4831
7760 0 4831
7770 0 4831
7780 0 4831
7790 0 4831
7800 0 4831
7810 0 4831
7820 0 4831
7830 0 4831
7840 0 4831
7850 0 4831
7860 0 4831
7870 0 4831
7880 0 4831
