140 0.2 2
150 0 2
160 0.2 4
170 0 4
180 0 4
190 0 4
200 0.1 5
210 7.7 82
220 0 82
230 0 82
240 0 82
250 0 82
260 0 82
270 0 82
280 0 82
290 0 82
300 0 82
310 0 82
320 0 82
330 0 82
340 0 82
350 0 82
360 0 82
370 0 82
380 0 82
390 0 82
400 0 82
410 0 82
420 0 82
430 0 82
440 0 82
450 0 82
460 0 82
470 0 82
480 0 82
490 0 82
500 0 82
510 0 82
520 0 82
530 0 82
540 0 82
550 0 82
560 0 82
570 0 82
580 0 82
590 0 82
600 0 82
610 0 82
620 0 82
630 0 82
640 0 82
650 0 82
660 0 82
670 0 82
680 0 82
690 0 82
700 0 82
710 0 82
720 0 82
730 0 82
740 0 82
750 0 82
760 0 82
770 0 82
780 0 82
790 0 82
800 0 82
810 0 82
820 0 82
830 0 82
840 0 82
850 0 82
860 0 82
870 0 82
880 0 82
890 0 82
900 0 82
910 0 82
920 0 82
930 0 82
940 0 82
950 0 82
960 0 82
970 0 82
980 0 82
990 0 82
1000 0 82
1010 0 82
1020 0 82
1030 0 82
1040 0 82
1050 0 82
1060 0 82
1070 0 82
1080 0 82
1090 0 82
1100 0 82
1110 0 82
1120 0 82
1130 0 82
1140 0 82
1150 0 82
1160 0 82
1170 0 82
1180 0 82
1190 0 82
1200 0 82
1210 0 82
1220 0 82
1230 0 82
1240 0 82
1250 0 82
1260 0 82
1270 0 82
1280 0 82
1290 0 82
1300 0 82
1310 0 82
1320 0 82
1330 0 82
1340 0 82
1350 0 82
1360 0 82
1370 0 82
1380 0 82
1390 0 82
1400 0 82
1410 0 82
1420 0 82
1430 0 82
1440 0 82
1450 0 82
1460 0 82
1470 0 82
1480 0 82
1490 0 82
1500 0 82
1510 0 82
1520 0 82
1530 0 82
1540 0 82
1550 0 82
1560 0 82
1570 0 82
1580 0 82
1590 0 82
1600 0 82
1610 0 82
1620 0 82
1630 0 82
1640 0 82
1650 0 82
1660 0 82
1670 0 82
1680 0 82
1690 0 82
1700 0 82
1710 0 82
1720 0 82
1730 0 82
1740 0 82
1750 0 82
1760 0 82
1770 0 82
1780 0 82
1790 0 82
1800 0 82
1810 0 82
1820 0 82
1830 0 82
1840 0 82
1850 0 82
1860 0 82
1870 0 82
1880 0 82
1890 0 82
1900 0 82
1910 0 82
1920 0 82
1930 0 82
1940 0 82
1950 0 82
1960 0 82
1970 0 82
1980 0 82
1990 0 82
2000 0 82
2010 0 82
2020 0 82
2030 0 82
2040 0 82
2050 0 82
2060 0 82
2070 0 82
2080 0 82
2090 0 82
2100 0 82
2110 0 82
2120 0 82
2130 0 82
2140 0 82
2150 0 82
2160 0 82
2170 0 82
2180 0 82
2190 0 82
2200 0 82
2210 0 82
2220 0 82
2230 0 82
2240 0 82
2250 0 82
2260 0 82
2270 0 82
2280 0 82
2290 0 82
2300 0 82
2310 0 82
2320 0 82
2330 0 82
2340 0 82
2350 0 82
2360 0 82
2370 0 82
2380 0 82
2390 0 82
2400 0 82
2410 0 82
2420 0 82
2430 0 82
2440 0 82
2450 0 82
2460 0 82
2470 0 82
2480 0 82
2490 0 82
2500 0 82
2510 0 82
2520 0 82
2530 0 82
2540 0 82
2550 0 82
2560 0 82
2570 0 82
2580 0 82
2590 0 82
2600 0 82
2610 0 82
2620 0 82
2630 0 82
2640 0 82
2650 0 82
2660 0 82
2670 0 82
2680 0 82
2690 0 82
2700 0 82
2710 0 82
2720 0 82
2730 0 82
2740 0 82
2750 0 82
2760 0 82
2770 0 82
2780 0 82
2790 0 82
2800 0 82
2810 0 82
2820 0 82
2830 0 82
2840 0 82
2850 0 82
2860 0 82
2870 0 82
2880 0 82
2890 0 82
2900 0 82
2910 0 82
2920 0 82
2930 0 82
2940 0 82
2950 0 82
2960 0 82
2970 0 82
2980 0 82
2990 0 82
3000 0 82
3010 0 82
3020 0 82
3030 0 82
3040 0 82
3050 0 82
3060 0 82
3070 0 82
3080 0 82
3090 0 82
3100 0 82
3110 0 82
3120 0 82
3130 0 82
3140 0 82
3150 0 82
3160 0 82
3170 0 82
3180 0 82
3190 0 82
3200 0 82
3210 0 82
3220 0 82
3230 0 82
3240 0 82
3250 0 82
3260 0 82
3270 0 82
3280 0 82
3290 0 82
3300 0 82
3310 0 82
3320 0 82
3330 0 82
3340 0 82
3350 0 82
3360 0 82
3370 0 82
3380 0 82
3390 0 82
3400 0 82
3410 0 82
3420 0 82
3430 0 82
3440 0 82
3450 0 82
3460 0 82
3470 0 82
3480 0 82
3490 0 82
3500 0 82
3510 0 82
3520 0 82
3530 0 82
3540 0 82
3550 0 82
3560 0 82
3570 0 82
3580 0 82
3590 0 82
3600 0 82
3610 0 82
3620 0 82
3630 0 82
3640 0 82
3650 0 82
3660 0 82
3670 0 82
3680 0 82
3690 0 82
3700 0 82
3710 0 82
3720 0 82
3730 0 82
3740 0 82
3750 0 82
3760 0 82
3770 0 82
3780 0 82
3790 0 82
3800 0 82
3810 0 82
3820 0 82
3830 0 82
3840 0 82
3850 0 82
3860 0 82
3870 0 82
3880 0 82
3890 0 82
3900 0 82
3910 0 82
3920 0 82
3930 0 82
3940 0 82
3950 0 82
3960 0 82
3970 0 82
3980 0 82
3990 0 82
4000 0 82
4010 0 82
4020 0 82
4030 0 82
4040 0 82
4050 0 82
4060 0 82
4070 0 82
4080 0 82
4090 0 82
4100 0 82
4110 0 82
4120 0 82
4130 0 82
4140 0 82
4150 0 82
4160 0 82
4170 0 82
4180 0 82
4190 0 82
4200 0 82
4210 0 82
4220 0 82
4230 0 82
4240 0 82
4250 0 82
4260 0 82
4270 0 82
4280 0 82
4290 0 82
4300 0 82
4310 0 82
4320 0 82
4330 0 82
4340 0 82
4350 0 82
4360 0 82
4370 0 82
4380 0 82
4390 0 82
4400 0 82
4410 0 82
4420 0 82
4430 0 82
4440 0 82
4450 0 82
4460 0 82
4470 0 82
4480 0 82
4490 0 82
4500 0 82
4510 0 82
4520 0 82
4530 0 82
4540 0 82
4550 0 82
4560 0 82
4570 0 82
4580 0 82
4590 0 82
4600 0 82
4610 0 82
4620 0 82
4630 0 82
4640 0 82
4650 0 82
4660 0 82
4670 0 82
4680 0 82
4690 0 82
4700 0 82
4710 0 82
4720 0 82
4730 0 82
4740 0 82
4750 0 82
4760 0 82
4770 0 82
4780 0 82
4790 0 82
4800 0 82
4810 0 82
4820 0 82
4830 0 82
4840 0 82
4850 0 82
4860 0 82
4870 0 82
4880 0 82
4890 0 82
4900 0 82
4910 0 82
4920 0 82
4930 0 82
4940 0 82
4950 0 82
4960 0 82
4970 0 82
4980 0 82
4990 0 82
5000 0 82
5010 0 82
5020 0 82
5030 0 82
5040 0 82
5050 0 82
5060 0 82
5070 0 82
5080 0 82
5090 0 82
5100 0 82
5110 0 82
5120 0 82
5130 0 82
5140 0 82
5150 0 82
5160 0 82
5170 0 82
5180 0 82
5190 0 82
5200 0 82
5210 0 82
5220 0 82
5230 0 82
5240 0 82
5250 0 82
5260 0 82
5270 0 82
5280 0 82
5290 0 82
5300 0 82
5310 0 82
5320 0 82
5330 0 82
5340 0 82
5350 0 82
5360 0 82
5370 0 82
5380 0 82
5390 0 82
5400 0 82
5410 0 82
5420 0 82
5430 0 82
5440 0 82
5450 0 82
5460 0 82
5470 0 82
5480 0 82
5490 0 82
5500 0 82
5510 0 82
5520 0 82
5530 0 82
5540 0 82
5550 0 82
5560 0 82
5570 0 82
5580 0 82
5590 0 82
5600 0 82
5610 0 82
5620 0 82
5630 0 82
5640 0 82
5650 0 82
5660 0 82
5670 0 82
5680 0 82
5690 0 82
5700 0 82
5710 0 82
5720 0 82
5730 0 82
5740 0 82
5750 0 82
5760 0 82
5770 0 82
5780 0 82
5790 0 82
5800 0 82
5810 0 82
5820 0 82
5830 0 82
5840 0 82
5850 0 82
5860 0 82
5870 0 82
5880 0 82
5890 0 82
5900 0 82
5910 0 82
5920 0 82
5930 0 82
5940 0 82
5950 0 82
5960 0 82
5970 0 82
5980 0 82
5990 0 82
6000 0 82
6010 0 82
6020 0 82
6030 0 82
6040 0 82
6050 0 82
6060 0 82
6070 0 82
6080 0 82
6090 0 82
6100 0 82
6110 0 82
6120 0 82
6130 0 82
6140 0 82
6150 0 82
6160 0 82
6170 0 82
6180 0 82
6190 0 82
6200 0 82
6210 0 82
6220 0 82
6230 0 82
6240 0 82
6250 0 82
6260 0 82
6270 0 82
6280 0 82
6290 0 82
6300 0 82
6310 0 82
6320 0 82
6330 0 82
6340 0 82
6350 0 82
6360 0 82
6370 0 82
6380 0 82
6390 0 82
6400 0 82
6410 0 82
6420 0 82
6430 0 82
6440 0 82
6450 0 82
6460 0 82
6470 0 82
6480 0 82
6490 0 82
6500 0 82
6510 0 82
6520 0 82
6530 0 82
6540 0 82
6550 0 82
6560 0 82
6570 0 82
6580 0 82
6590 0 82
6600 0 82
6610 0 82
6620 0 82
6630 0 82
6640 0 82
6650 0 82
6660 0 82
6670 0 82
6680 0 82
6690 0 82
6700 0 82
6710 0 82
6720 0 82
6730 0 82
6740 0 82
6750 0 82
6760 0 82
6770 0 82
6780 0 82
6790 0 82
6800 0 82
6810 0 82
6820 0 82
6830 0 82
6840 0 82
6850 0 82
6860 0 82
6870 0 82
6880 0 82
6890 0 82
6900 0 82
6910 0 82
6920 0 82
6930 0 82
6940 0 82
6950 0 82
6960 0 82
6970 0 82
6980 0 82
6990 0 82
7000 0 82
7010 0 82
7020 0 82
7030 0 82
7040 0 82
7050 0 82
7060 0 82
7070 0 82
7080 0 82
7090 0 82
7100 0 82
7110 0 82
7120 0 82
7130 0 82
7140 0 82
7150 0 82
7160 0 82
7170 0 82
7180 0 82
7190 0 82
7200 0 82
7210 0 82
7220 0 82
7230 0 82
7240 0 82
7250 0 82
7260 0 82
7270 0 82
7280 0 82
7290 0 82
7300 0 82
7310 0 82
7320 0 82
7330 0 82
7340 0 82
7350 0 82
7360 0 82
7370 0 82
7380 0 82
7390 0 82
7400 0 82
7410 0 82
7420 0 82
7430 0 82
7440 0 82
7450 0 82
7460 0 82
7470 0 82
7480 0 82
7490 0 82
7500 0 82
7510 0 82
7520 0 82
7530 0 82
7540 0 82
7550 0 82
7560 0 82
7570 0 82
7580 0 82
7590 0 82
7600 0 82
7610 0 82
7620 0 82
7630 0 82
7640 0 82
7650 0 82
7660 0 82
7670 0 82
7680 0 82
7690 0 82
7700 0 82
7710 0 82
7720 0 82
7730 0 82
7740 0 82
7750 0 82
7760 0 82
7770 0 82
7780 0 82
7790 0 82
7800 0 82
7810 0 82
7820 0 82
7830 0 82
7840 0 82
7850 0 82
7860 0 82
7870 0 82
7880 0 82
