60 4.3 43
70 0 43
80 0 43
90 5.8 101
100 19.8 299
110 0 299
120 30.4 603
130 0 603
140 0 603
150 0 603
160 0 603
170 0 603
180 0 603
190 0 603
200 0 603
210 0 603
220 0 603
230 0 603
240 0 603
250 0 603
260 0 603
270 0 603
280 0 603
290 0 603
300 0 603
310 0 603
320 0 603
330 0 603
340 0 603
350 0 603
360 0 603
370 0 603
380 0 603
390 0 603
400 0 603
410 0 603
420 0 603
430 0 603
440 0 603
450 0 603
460 0 603
470 0 603
480 0 603
490 0 603
500 0 603
510 0 603
520 0 603
530 0 603
540 0 603
550 0 603
560 0 603
570 0 603
580 0 603
590 0 603
600 0 603
610 0 603
620 0 603
630 0 603
640 0 603
650 0 603
660 0 603
670 0 603
680 0 603
690 0 603
700 0 603
710 0 603
720 0 603
730 0 603
740 0 603
750 0 603
760 0 603
770 0 603
780 0 603
790 0 603
800 0 603
810 0 603
820 0 603
830 0 603
840 0 603
850 0 603
860 0 603
870 0 603
880 0 603
890 0 603
900 0 603
910 0 603
920 0 603
930 0 603
940 0 603
950 0 603
960 0 603
970 0 603
980 0 603
990 0 603
1000 0 603
1010 0 603
1020 0 603
1030 0 603
1040 0 603
1050 0 603
1060 0 603
1070 0 603
1080 0 603
1090 0 603
1100 0 603
1110 0 603
1120 0 603
1130 0 603
1140 0 603
1150 0 603
1160 0 603
1170 0 603
1180 0 603
1190 0 603
1200 0 603
1210 0 603
1220 0 603
1230 0 603
1240 0 603
1250 0 603
1260 0 603
1270 0 603
1280 0 603
1290 0 603
1300 0 603
1310 0 603
1320 0 603
1330 0 603
1340 0 603
1350 0 603
1360 0 603
1370 0 603
1380 0 603
1390 0 603
1400 0 603
1410 0 603
1420 0 603
1430 0 603
1440 0 603
1450 0 603
1460 0 603
1470 0 603
1480 0 603
1490 0 603
1500 0 603
1510 0 603
1520 0 603
1530 0 603
1540 0 603
1550 0 603
1560 0 603
1570 0 603
1580 0 603
1590 0 603
1600 0 603
1610 0 603
1620 0 603
1630 0 603
1640 0 603
1650 0 603
1660 0 603
1670 0 603
1680 0 603
1690 0 603
1700 0 603
1710 0 603
1720 0 603
1730 0 603
1740 0 603
1750 0 603
1760 0 603
1770 0 603
1780 0 603
1790 0 603
1800 0 603
1810 0 603
1820 0 603
1830 0 603
1840 0 603
1850 0 603
1860 0 603
1870 0 603
1880 0 603
1890 0 603
1900 0 603
1910 0 603
1920 0 603
1930 0 603
1940 0 603
1950 0 603
1960 0 603
1970 0 603
1980 0 603
1990 0 603
2000 0 603
2010 0 603
2020 0 603
2030 0 603
2040 0 603
2050 0 603
2060 0 603
2070 0 603
2080 0 603
2090 0 603
2100 0 603
2110 0 603
2120 0 603
2130 0 603
2140 0 603
2150 0 603
2160 0 603
2170 0 603
2180 0 603
2190 0 603
2200 0 603
2210 0 603
2220 0 603
2230 0 603
2240 0 603
2250 0 603
2260 0 603
2270 0 603
2280 0 603
2290 0 603
2300 0 603
2310 0 603
2320 0 603
2330 0 603
2340 0 603
2350 0 603
2360 0 603
2370 0 603
2380 0 603
2390 0 603
2400 0 603
2410 0 603
2420 0 603
2430 0 603
2440 0 603
2450 0 603
2460 0 603
2470 0 603
2480 0 603
2490 0 603
2500 0 603
2510 0 603
2520 0 603
2530 0 603
2540 0 603
2550 0 603
2560 0 603
2570 0 603
2580 0 603
2590 0 603
2600 0 603
2610 0 603
2620 0 603
2630 0 603
2640 0 603
2650 0 603
2660 0 603
2670 0 603
2680 0 603
2690 0 603
2700 0 603
2710 0 603
2720 0 603
2730 0 603
2740 0 603
2750 0 603
2760 0 603
2770 0 603
2780 0 603
2790 0 603
2800 0 603
2810 0 603
2820 0 603
2830 0 603
2840 0 603
2850 0 603
2860 0 603
2870 0 603
2880 0 603
2890 0 603
2900 0 603
2910 0 603
2920 0 603
2930 0 603
2940 0 603
2950 0 603
2960 0 603
2970 0 603
2980 0 603
2990 0 603
3000 0 603
3010 0 603
3020 0 603
3030 0 603
3040 0 603
3050 0 603
3060 0 603
3070 0 603
3080 0 603
3090 0 603
3100 0 603
3110 0 603
3120 0 603
3130 0 603
3140 0 603
3150 0 603
3160 0 603
3170 0 603
3180 0 603
3190 0 603
3200 0 603
3210 0 603
3220 0 603
3230 0 603
3240 0 603
3250 0 603
3260 0 603
3270 0 603
3280 0 603
3290 0 603
3300 0 603
3310 0 603
3320 0 603
3330 0 603
3340 0 603
3350 0 603
3360 0 603
3370 0 603
3380 0 603
3390 0 603
3400 0 603
3410 0 603
3420 0 603
3430 0 603
3440 0 603
3450 0 603
3460 0 603
3470 0 603
3480 0 603
3490 0 603
3500 0 603
3510 0 603
3520 0 603
3530 0 603
3540 0 603
3550 0 603
3560 0 603
3570 0 603
3580 0 603
3590 0 603
3600 0 603
3610 0 603
3620 0 603
3630 0 603
3640 0 603
3650 0 603
3660 0 603
3670 0 603
3680 0 603
3690 0 603
3700 0 603
3710 0 603
3720 0 603
3730 0 603
3740 0 603
3750 0 603
3760 0 603
3770 0 603
3780 0 603
3790 0 603
3800 0 603
3810 0 603
3820 0 603
3830 0 603
3840 0 603
3850 0 603
3860 0 603
3870 0 603
3880 0 603
3890 0 603
3900 0 603
3910 0 603
3920 0 603
3930 0 603
3940 0 603
3950 0 603
3960 0 603
3970 0 603
3980 0 603
3990 0 603
4000 0 603
4010 0 603
4020 0 603
4030 0 603
4040 0 603
4050 0 603
4060 0 603
4070 0 603
4080 0 603
4090 0 603
4100 0 603
4110 0 603
4120 0 603
4130 0 603
4140 0 603
4150 0 603
4160 0 603
4170 0 603
4180 0 603
4190 0 603
4200 0 603
4210 0 603
4220 0 603
4230 0 603
4240 0 603
4250 0 603
4260 0 603
4270 0 603
4280 0 603
4290 0 603
4300 0 603
4310 0 603
4320 0 603
4330 0 603
4340 0 603
4350 0 603
4360 0 603
4370 0 603
4380 0 603
4390 0 603
4400 0 603
4410 0 603
4420 0 603
4430 0 603
4440 0 603
4450 0 603
4460 0 603
4470 0 603
4480 0 603
4490 0 603
4500 0 603
4510 0 603
4520 0 603
4530 0 603
4540 0 603
4550 0 603
4560 0 603
4570 0 603
4580 0 603
4590 0 603
4600 0 603
4610 0 603
4620 0 603
4630 0 603
4640 0 603
4650 0 603
4660 0 603
4670 0 603
4680 0 603
4690 0 603
4700 0 603
4710 0 603
4720 0 603
4730 0 603
4740 0 603
4750 0 603
4760 0 603
4770 0 603
4780 0 603
4790 0 603
4800 0 603
4810 0 603
4820 0 603
4830 0 603
4840 0 603
4850 0 603
4860 0 603
4870 0 603
4880 0 603
4890 0 603
4900 0 603
4910 0 603
4920 0 603
4930 0 603
4940 0 603
4950 0 603
4960 0 603
4970 0 603
4980 0 603
4990 0 603
5000 0 603
5010 0 603
5020 0 603
5030 0 603
5040 0 603
5050 0 603
5060 0 603
5070 0 603
5080 0 603
5090 0 603
5100 0 603
5110 0 603
5120 0 603
5130 0 603
5140 0 603
5150 0 603
5160 0 603
5170 0 603
5180 0 603
5190 0 603
5200 0 603
5210 0 603
5220 0 603
5230 0 603
5240 0 603
5250 0 603
5260 0 603
5270 0 603
5280 0 603
5290 0 603
5300 0 603
5310 0 603
5320 0 603
5330 0 603
5340 0 603
5350 0 603
5360 0 603
5370 0 603
5380 0 603
5390 0 603
5400 0 603
5410 0 603
5420 0 603
5430 0 603
5440 0 603
5450 0 603
5460 0 603
5470 0 603
5480 0 603
5490 0 603
5500 0 603
5510 0 603
5520 0 603
5530 0 603
5540 0 603
5550 0 603
5560 0 603
5570 0 603
5580 0 603
5590 0 603
5600 0 603
5610 0 603
5620 0 603
5630 0 603
5640 0 603
5650 0 603
5660 0 603
5670 0 603
5680 0 603
5690 0 603
5700 0 603
5710 0 603
5720 0 603
5730 0 603
5740 0 603
5750 0 603
5760 0 603
5770 0 603
5780 0 603
5790 0 603
5800 0 603
5810 0 603
5820 0 603
5830 0 603
5840 0 603
5850 0 603
5860 0 603
5870 0 603
5880 0 603
5890 0 603
5900 0 603
5910 0 603
5920 0 603
5930 0 603
5940 0 603
5950 0 603
5960 0 603
5970 0 603
5980 0 603
5990 0 603
6000 0 603
6010 0 603
6020 0 603
6030 0 603
6040 0 603
6050 0 603
6060 0 603
6070 0 603
6080 0 603
6090 0 603
6100 0 603
6110 0 603
6120 0 603
6130 0 603
6140 0 603
6150 0 603
6160 0 603
6170 0 603
6180 0 603
6190 0 603
6200 0 603
6210 0 603
6220 0 603
6230 0 603
6240 0 603
6250 0 603
6260 0 603
6270 0 603
6280 0 603
6290 0 603
6300 0 603
6310 0 603
6320 0 603
6330 0 603
6340 0 603
6350 0 603
6360 0 603
6370 0 603
6380 0 603
6390 0 603
6400 0 603
6410 0 603
6420 0 603
6430 0 603
6440 0 603
6450 0 603
6460 0 603
6470 0 603
6480 0 603
6490 0 603
6500 0 603
6510 0 603
6520 0 603
6530 0 603
6540 0 603
6550 0 603
6560 0 603
6570 0 603
6580 0 603
6590 0 603
6600 0 603
6610 0 603
6620 0 603
6630 0 603
6640 0 603
6650 0 603
6660 0 603
6670 0 603
6680 0 603
6690 0 603
6700 0 603
6710 0 603
6720 0 603
6730 0 603
6740 0 603
6750 0 603
6760 0 603
6770 0 603
6780 0 603
6790 0 603
6800 0 603
6810 0 603
6820 0 603
6830 0 603
6840 0 603
6850 0 603
6860 0 603
6870 0 603
6880 0 603
6890 0 603
6900 0 603
6910 0 603
6920 0 603
6930 0 603
6940 0 603
6950 0 603
6960 0 603
6970 0 603
6980 0 603
6990 0 603
7000 0 603
7010 0 603
7020 0 603
7030 0 603
7040 0 603
7050 0 603
7060 0 603
7070 0 603
7080 0 603
7090 0 603
7100 0 603
7110 0 603
7120 0 603
7130 0 603
7140 0 603
7150 0 603
7160 0 603
7170 0 603
7180 0 603
7190 0 603
7200 0 603
7210 0 603
7220 0 603
7230 0 603
7240 0 603
7250 0 603
7260 0 603
7270 0 603
7280 0 603
7290 0 603
7300 0 603
7310 0 603
7320 0 603
7330 0 603
7340 0 603
7350 0 603
7360 0 603
7370 0 603
7380 0 603
7390 0 603
7400 0 603
7410 0 603
7420 0 603
7430 0 603
7440 0 603
7450 0 603
7460 0 603
7470 0 603
7480 0 603
7490 0 603
7500 0 603
7510 0 603
7520 0 603
7530 0 603
7540 0 603
7550 0 603
7560 0 603
7570 0 603
7580 0 603
7590 0 603
7600 0 603
7610 0 603
7620 0 603
7630 0 603
7640 0 603
7650 0 603
7660 0 603
7670 0 603
7680 0 603
7690 0 603
7700 0 603
7710 0 603
7720 0 603
7730 0 603
7740 0 603
7750 0 603
7760 0 603
7770 0 603
7780 0 603
7790 0 603
7800 0 603
7810 0 603
7820 0 603
7830 0 603
7840 0 603
7850 0 603
7860 0 603
7870 0 603
7880 0 603
