0 0 0
10 23 23
20 47 47
30 46 51
40 68 68
50 86 86
60 110 110
70 168 168
80 215 216
90 231 234
100 338 338
110 445 447
120 523 523
130 706 708
140 888 890
150 1069 1069
160 1009 1107
170 879 1107
180 697 1107
190 481 1107
200 387 1107
210 339 1107
220 274 1107
230 226 1107
240 199 1107
250 187 1107
260 170 1107
270 157 1107
280 139 1107
290 102 1107
300 60 1107
310 33 1107
320 30 1107
330 29 1107
340 29 1107
350 28 1107
360 28 1107
370 28 1107
380 28 1107
390 28 1107
400 28 1107
410 28 1107
420 28 1107
430 28 1107
440 28 1107
450 28 1107
460 28 1107
470 28 1107
480 28 1107
490 28 1107
500 28 1107
510 28 1107
520 28 1107
530 28 1107
540 28 1107
550 28 1107
560 28 1107
570 28 1107
580 28 1107
590 28 1107
600 28 1107
610 28 1107
620 28 1107
630 28 1107
640 28 1107
650 28 1107
660 28 1107
670 28 1107
680 28 1107
690 28 1107
700 28 1107
710 28 1107
720 28 1107
730 28 1107
740 28 1107
750 28 1107
760 28 1107
770 28 1107
780 27 1107
790 27 1107
800 26 1107
810 26 1107
820 26 1107
830 26 1107
840 26 1107
850 26 1107
860 26 1107
870 26 1107
880 26 1107
890 26 1107
900 26 1107
910 26 1107
920 26 1107
930 26 1107
940 26 1107
950 26 1107
960 26 1107
970 26 1107
980 26 1107
990 26 1107
1000 26 1107
1010 26 1107
1020 26 1107
1030 26 1107
1040 26 1107
1050 26 1107
1060 26 1107
1070 26 1107
1080 26 1107
1090 26 1107
1100 26 1107
1110 26 1107
1120 26 1107
1130 26 1107
1140 26 1107
1150 26 1107
1160 26 1107
1170 26 1107
1180 26 1107
1190 26 1107
1200 26 1107
1210 26 1107
1220 26 1107
1230 26 1107
1240 26 1107
1250 26 1107
1260 26 1107
1270 26 1107
1280 26 1107
1290 26 1107
1300 26 1107
1310 26 1107
1320 26 1107
1330 26 1107
1340 26 1107
1350 26 1107
1360 26 1107
1370 26 1107
1380 26 1107
1390 26 1107
1400 26 1107
1410 26 1107
1420 26 1107
1430 26 1107
1440 26 1107
1450 26 1107
1460 26 1107
1470 26 1107
1480 26 1107
1490 26 1107
1500 26 1107
1510 26 1107
1520 26 1107
1530 26 1107
1540 26 1107
1550 26 1107
1560 26 1107
1570 26 1107
1580 26 1107
1590 26 1107
1600 26 1107
1610 26 1107
1620 26 1107
1630 26 1107
1640 26 1107
1650 26 1107
1660 26 1107
1670 26 1107
1680 26 1107
1690 26 1107
1700 26 1107
1710 26 1107
1720 26 1107
1730 26 1107
1740 26 1107
1750 26 1107
1760 26 1107
1770 26 1107
1780 26 1107
1790 26 1107
1800 26 1107
1810 26 1107
1820 26 1107
1830 26 1107
1840 26 1107
1850 26 1107
1860 26 1107
1870 26 1107
1880 26 1107
1890 26 1107
1900 26 1107
1910 26 1107
1920 26 1107
1930 26 1107
1940 26 1107
1950 26 1107
1960 26 1107
1970 26 1107
1980 26 1107
1990 26 1107
2000 26 1107
2010 26 1107
2020 26 1107
2030 26 1107
2040 26 1107
2050 26 1107
2060 26 1107
2070 26 1107
2080 26 1107
2090 26 1107
2100 26 1107
2110 26 1107
2120 26 1107
2130 26 1107
2140 26 1107
2150 26 1107
2160 26 1107
2170 26 1107
2180 26 1107
2190 26 1107
2200 26 1107
2210 26 1107
2220 26 1107
2230 26 1107
2240 26 1107
2250 26 1107
2260 26 1107
2270 26 1107
2280 26 1107
2290 26 1107
2300 26 1107
2310 26 1107
2320 26 1107
2330 26 1107
2340 26 1107
2350 26 1107
2360 26 1107
2370 26 1107
2380 26 1107
2390 26 1107
2400 26 1107
2410 26 1107
2420 26 1107
2430 26 1107
2440 26 1107
2450 26 1107
2460 26 1107
2470 26 1107
2480 26 1107
2490 26 1107
2500 26 1107
2510 26 1107
2520 26 1107
2530 26 1107
2540 26 1107
2550 26 1107
2560 26 1107
2570 26 1107
2580 26 1107
2590 26 1107
2600 26 1107
2610 26 1107
2620 26 1107
2630 26 1107
2640 26 1107
2650 26 1107
2660 26 1107
2670 26 1107
2680 26 1107
2690 26 1107
2700 26 1107
2710 26 1107
2720 26 1107
2730 26 1107
2740 26 1107
2750 26 1107
2760 26 1107
2770 26 1107
2780 26 1107
2790 26 1107
2800 26 1107
2810 26 1107
2820 26 1107
2830 26 1107
2840 26 1107
2850 26 1107
2860 26 1107
2870 26 1107
2880 26 1107
2890 26 1107
2900 26 1107
2910 26 1107
2920 26 1107
2930 26 1107
2940 26 1107
2950 26 1107
2960 26 1107
2970 26 1107
2980 26 1107
2990 26 1107
3000 26 1107
3010 26 1107
3020 26 1107
3030 26 1107
3040 26 1107
3050 26 1107
3060 26 1107
3070 26 1107
3080 26 1107
3090 26 1107
3100 26 1107
3110 26 1107
3120 26 1107
3130 26 1107
3140 26 1107
3150 26 1107
3160 26 1107
3170 26 1107
3180 26 1107
3190 26 1107
3200 26 1107
3210 26 1107
3220 26 1107
3230 26 1107
3240 26 1107
3250 26 1107
3260 26 1107
3270 26 1107
3280 26 1107
3290 26 1107
3300 26 1107
3310 26 1107
3320 26 1107
3330 26 1107
3340 26 1107
3350 26 1107
3360 26 1107
3370 26 1107
3380 26 1107
3390 26 1107
3400 26 1107
3410 26 1107
3420 26 1107
3430 26 1107
3440 26 1107
3450 26 1107
3460 26 1107
3470 26 1107
3480 26 1107
3490 26 1107
3500 26 1107
3510 26 1107
3520 26 1107
3530 26 1107
3540 26 1107
3550 26 1107
3560 26 1107
3570 26 1107
3580 26 1107
3590 26 1107
3600 26 1107
3610 26 1107
3620 26 1107
3630 26 1107
3640 26 1107
3650 26 1107
3660 26 1107
3670 26 1107
3680 26 1107
3690 26 1107
3700 26 1107
3710 26 1107
3720 26 1107
3730 26 1107
3740 26 1107
3750 26 1107
3760 26 1107
3770 26 1107
3780 26 1107
3790 26 1107
3800 26 1107
3810 26 1107
3820 26 1107
3830 26 1107
3840 26 1107
3850 26 1107
3860 26 1107
3870 26 1107
3880 26 1107
3890 26 1107
3900 26 1107
3910 26 1107
3920 26 1107
3930 26 1107
3940 26 1107
3950 26 1107
3960 26 1107
3970 26 1107
3980 26 1107
3990 26 1107
4000 26 1107
4010 26 1107
4020 26 1107
4030 26 1107
4040 26 1107
4050 26 1107
4060 26 1107
4070 26 1107
4080 26 1107
4090 26 1107
4100 26 1107
4110 26 1107
4120 26 1107
4130 26 1107
4140 26 1107
4150 26 1107
4160 26 1107
4170 26 1107
4180 26 1107
4190 26 1107
4200 26 1107
4210 26 1107
4220 26 1107
4230 26 1107
4240 26 1107
4250 26 1107
4260 26 1107
4270 26 1107
4280 26 1107
4290 26 1107
4300 26 1107
4310 26 1107
4320 26 1107
4330 26 1107
4340 26 1107
4350 26 1107
4360 26 1107
4370 26 1107
4380 26 1107
4390 26 1107
4400 26 1107
4410 26 1107
4420 26 1107
4430 26 1107
4440 26 1107
4450 26 1107
4460 26 1107
4470 26 1107
4480 26 1107
4490 26 1107
4500 26 1107
4510 26 1107
4520 26 1107
4530 26 1107
4540 26 1107
4550 26 1107
4560 26 1107
4570 26 1107
4580 26 1107
4590 26 1107
4600 26 1107
4610 26 1107
4620 26 1107
4630 26 1107
4640 26 1107
4650 26 1107
4660 26 1107
4670 26 1107
4680 26 1107
4690 26 1107
4700 26 1107
4710 26 1107
4720 26 1107
4730 26 1107
4740 26 1107
4750 26 1107
4760 26 1107
4770 26 1107
4780 26 1107
4790 26 1107
4800 26 1107
4810 26 1107
4820 26 1107
4830 26 1107
4840 26 1107
4850 26 1107
4860 26 1107
4870 26 1107
4880 26 1107
4890 26 1107
4900 26 1107
4910 26 1107
4920 26 1107
4930 26 1107
4940 26 1107
4950 26 1107
4960 26 1107
4970 26 1107
4980 26 1107
4990 26 1107
5000 26 1107
5010 26 1107
5020 26 1107
5030 26 1107
5040 26 1107
5050 26 1107
5060 26 1107
5070 26 1107
5080 26 1107
5090 26 1107
5100 26 1107
5110 26 1107
5120 26 1107
5130 26 1107
5140 26 1107
5150 26 1107
5160 26 1107
5170 26 1107
5180 26 1107
5190 26 1107
5200 26 1107
5210 26 1107
5220 26 1107
5230 26 1107
5240 26 1107
5250 26 1107
5260 26 1107
5270 26 1107
5280 26 1107
5290 26 1107
5300 26 1107
5310 26 1107
5320 26 1107
5330 26 1107
5340 26 1107
5350 26 1107
5360 26 1107
5370 26 1107
5380 26 1107
5390 26 1107
5400 26 1107
5410 26 1107
5420 26 1107
5430 26 1107
5440 26 1107
5450 26 1107
5460 26 1107
5470 26 1107
5480 26 1107
5490 26 1107
5500 26 1107
5510 26 1107
5520 26 1107
5530 26 1107
5540 26 1107
5550 26 1107
5560 26 1107
5570 26 1107
5580 26 1107
5590 26 1107
5600 26 1107
5610 26 1107
5620 26 1107
5630 26 1107
5640 26 1107
5650 26 1107
5660 26 1107
5670 26 1107
5680 26 1107
5690 26 1107
5700 26 1107
5710 26 1107
5720 26 1107
5730 26 1107
5740 26 1107
5750 26 1107
5760 26 1107
5770 26 1107
5780 26 1107
5790 26 1107
5800 26 1107
5810 26 1107
5820 26 1107
5830 26 1107
5840 26 1107
5850 26 1107
5860 26 1107
5870 26 1107
5880 26 1107
5890 26 1107
5900 26 1107
5910 26 1107
5920 26 1107
5930 26 1107
5940 26 1107
5950 26 1107
5960 26 1107
5970 26 1107
5980 26 1107
5990 26 1107
6000 26 1107
6010 26 1107
6020 26 1107
6030 26 1107
6040 26 1107
6050 26 1107
6060 26 1107
6070 26 1107
6080 26 1107
6090 26 1107
6100 26 1107
6110 26 1107
6120 26 1107
6130 26 1107
6140 26 1107
6150 26 1107
6160 26 1107
6170 26 1107
6180 26 1107
6190 26 1107
6200 26 1107
6210 26 1107
6220 26 1107
6230 26 1107
6240 26 1107
6250 26 1107
6260 26 1107
6270 26 1107
6280 26 1107
6290 26 1107
6300 26 1107
6310 26 1107
6320 26 1107
6330 26 1107
6340 26 1107
6350 26 1107
6360 26 1107
6370 26 1107
6380 26 1107
6390 26 1107
6400 26 1107
6410 26 1107
6420 26 1107
6430 26 1107
6440 26 1107
6450 26 1107
6460 26 1107
6470 26 1107
6480 26 1107
6490 26 1107
6500 26 1107
6510 26 1107
6520 26 1107
6530 26 1107
6540 26 1107
6550 26 1107
6560 26 1107
6570 26 1107
6580 26 1107
6590 26 1107
6600 26 1107
6610 26 1107
6620 26 1107
6630 26 1107
6640 26 1107
6650 26 1107
6660 26 1107
6670 26 1107
6680 26 1107
6690 26 1107
6700 26 1107
6710 26 1107
6720 26 1107
6730 26 1107
6740 26 1107
6750 26 1107
6760 26 1107
6770 26 1107
6780 26 1107
6790 26 1107
6800 26 1107
6810 26 1107
6820 26 1107
6830 26 1107
6840 26 1107
6850 26 1107
6860 26 1107
6870 26 1107
6880 26 1107
6890 26 1107
6900 26 1107
6910 26 1107
6920 26 1107
6930 26 1107
6940 26 1107
6950 26 1107
6960 26 1107
6970 26 1107
6980 26 1107
6990 26 1107
7000 26 1107
7010 26 1107
7020 26 1107
7030 26 1107
7040 26 1107
7050 26 1107
7060 26 1107
7070 26 1107
7080 26 1107
7090 26 1107
7100 26 1107
7110 26 1107
7120 26 1107
7130 26 1107
7140 26 1107
7150 26 1107
7160 26 1107
7170 26 1107
7180 26 1107
7190 26 1107
7200 26 1107
7210 26 1107
7220 26 1107
7230 26 1107
7240 26 1107
7250 26 1107
7260 26 1107
7270 26 1107
7280 26 1107
7290 26 1107
7300 26 1107
7310 26 1107
7320 26 1107
7330 26 1107
7340 26 1107
7350 26 1107
7360 26 1107
7370 26 1107
7380 26 1107
7390 26 1107
7400 26 1107
7410 26 1107
7420 26 1107
7430 26 1107
7440 26 1107
7450 26 1107
7460 26 1107
7470 26 1107
7480 26 1107
7490 26 1107
7500 26 1107
7510 26 1107
7520 26 1107
7530 26 1107
7540 26 1107
7550 26 1107
7560 26 1107
7570 26 1107
7580 26 1107
7590 26 1107
7600 26 1107
7610 26 1107
7620 26 1107
7630 26 1107
7640 26 1107
7650 26 1107
7660 26 1107
7670 26 1107
7680 26 1107
7690 26 1107
7700 26 1107
7710 26 1107
7720 26 1107
7730 26 1107
7740 26 1107
7750 26 1107
7760 26 1107
7770 26 1107
7780 26 1107
7790 26 1107
7800 26 1107
7810 26 1107
7820 26 1107
7830 26 1107
7840 26 1107
7850 26 1107
7860 26 1107
7870 26 1107
7880 26 1107
