10 2.3 59.214705757472814 215.97574089323552 1052.282958984375 1.85400390625 0 0
20 2.1 2.5485723586309526 0.6158995591552109 1052.282958984375 1.844970703125 59.214705757472814 23
30 1.7 2.5807818244485294 0.37062640338621927 1052.282958984375 1.844970703125 32.16950572620738 44
40 3.8 2.2595664576480257 0.5085907377565507 1052.282958984375 1.795166015625 23.923467917520487 61
50 4.4 2.3490878018465904 0.5279909435500678 1052.282958984375 1.777099609375 15.608030993529038 99
60 4.5 2.1714952256944446 0.3171452668215725 1052.282958984375 1.760986328125 11.528356165319055 143
70 9.3 2.0594259282594085 0.47833004888611125 1052.282958984375 1.72998046875 9.288682004238696 188
80 12 2.146394856770833 1.0836836177967768 1052.282958984375 1.720947265625 6.8960812388790025 281
90 11.2 3.024302891322544 3.749118262308653 1052.282958984375 1.50390625 5.4747287055798 401
100 20.8 2.021390474759617 0.3697053338694325 1052.282958984375 1.50390625 4.939742952759502 513
110 17.9 1.9920988455831006 0.29098983844156656 1052.282958984375 1.50390625 4.09783266784414 721
120 17.8 2.195064244645364 0.45482197020316306 1052.282958984375 1.50390625 3.6790256076388888 900
130 34.6 2.094704688628972 0.5100260710775922 1052.282958984375 1.50390625 3.4339930263653757 1078
140 42.9 2.230527935606062 0.960797843953394 1052.282958984375 1.50390625 3.1085760566625695 1424
150 44.3 2.9456117513755644 4.145218871620907 1052.282958984375 1.346923828125 2.9052934641459793 1853
160 9.7 2.237324822809278 1.489113261885462 1052.282958984375 1.329833984375 2.913072645871897 2296
170 1 2.0886474609375 0.3624960085221575 1052.282958984375 1.329833984375 2.885681279872284 2393
180 0.2 2.53759765625 0.2763671875 1052.282958984375 1.329833984375 2.8823644516619855 2403
190 0.2 2.9644775390625 0.3555908203125 1052.282958984375 1.329833984375 2.8820777433082125 2405
200 0 0 0 1052.282958984375 1.329833984375 2.8821462101098363 2407
210 0 0 0 1052.282958984375 1.329833984375 2.8821462101098363 2407
220 0 0 0 1052.282958984375 1.329833984375 2.8821462101098363 2407
230 0 0 0 1052.282958984375 1.329833984375 2.8821462101098363 2407
240 0 0 0 1052.282958984375 1.329833984375 2.8821462101098363 2407
250 0 0 0 1052.282958984375 1.329833984375 2.8821462101098363 2407
260 0 0 0 1052.282958984375 1.329833984375 2.8821462101098363 2407
270 0 0 0 1052.282958984375 1.329833984375 2.8821462101098363 2407
271 0 0 0 1052.282958984375 1.329833984375 2.8821462101098363 2407
