10 5.3 896.204787920106 1331.3157444477752 4411.280029296875 21.432861328125 0 0
20 0.8 7791.890777587891 1349.0306410698142 10535.072021484375 21.432861328125 896.204787920106 53
30 3.9 12981.890931740785 2225.129190201336 19725.6728515625 21.432861328125 1800.5570488601434 61
40 12.3 3434.679423510544 4400.558097415556 24174.27392578125 21.432861328125 6161.277263183594 100
50 15.3 697.5867736417486 3047.0775838111176 24174.27392578125 1.3271484375 4657.369037713705 223
60 28.8 703.5330666436095 4161.794598306098 27460.906005859375 1.26806640625 3046.074658982298 376
70 48 958.0198527018237 5526.271099753953 36058.743896484375 1.22900390625 2030.0325225462404 664
80 69.3 917.0137800296488 6159.81712840549 46791.7041015625 1.22900390625 1580.2369967373943 1144
90 87.7 4897.892981499883 13358.938550414498 55840.659912109375 1.22900390625 1330.039016781778 1837
100 103 134.90652993211475 1962.140996840533 58340.98681640625 1.22900390625 2482.952770303435 2714
110 114.9 229.53013574983677 1891.470583289536 58340.98681640625 1.22900390625 1836.9891945602567 3744
120 118.3 345.03850281329267 2952.498560792021 58340.98681640625 1.22900390625 1459.517202209312 4893
130 197.5 327.0183210541932 3302.061668391889 58340.98681640625 1.22509765625 1242.527685852253 6076
140 250.3 613.2555791448702 5148.411043009052 58340.98681640625 0.22119140625 1017.94303854432 8051
150 267.7 1197.9422672629426 5715.753198361587 58340.98681640625 0.22119140625 921.9668483911246 10554
160 121.2 593.0519727448825 1844.5976790064005 58340.98681640625 0.22119140625 977.8043660632475 13231
170 38.9 3118.5175272885213 3469.176242879372 58340.98681640625 0.22119140625 945.5174519386294 14443
180 10.2 4831.263042375155 4613.18563397707 58340.98681640625 0.22119140625 1002.508891347415 14832
190 18.6 8747.947360131053 5526.076698006976 58340.98681640625 0.22119140625 1028.6594821740407 14934
200 6.9 872.5254578521289 3747.4201552574063 58340.98681640625 0.22119140625 1123.6189759108133 15120
210 2.2 51.07530628551135 168.39123488057922 58340.98681640625 0.22119140625 1122.478318017203 15189
220 0.2 18.3829345703125 1.5260009765625 58340.98681640625 0.22119140625 1120.9287245481282 15211
230 0 0 0 58340.98681640625 0.22119140625 1120.78377670221 15213
240 0.1 18.125 0.0 58340.98681640625 0.22119140625 1120.78377670221 15213
250 0 0 0 58340.98681640625 0.22119140625 1120.7113001163875 15214
260 0 0 0 58340.98681640625 0.22119140625 1120.7113001163875 15214
270 0 0 0 58340.98681640625 0.22119140625 1120.7113001163875 15214
271 0 0 0 58340.98681640625 0.22119140625 1120.7113001163875 15214
