10 40.5296875 40.5296875
20 10.228125 50.7578125
30 30.20859375 80.96640625
40 86.0296875 166.99609375
50 42.94140625 209.9375
60 66.27734375 276.21484375
70 111.928125 388.14296875
80 155.98203125 544.125
90 249.99453125 794.11953125
100 289.77109375 1083.890625
110 257.3609375 1341.2515625
120 252.75234375 1594.00390625
130 426.46640625 2020.4703125
140 537.1171875 2557.5875
150 716.375 3273.9625
160 374.35234375 3648.31484375
170 151.834375 3800.14921875
180 44.034375 3844.18359375
190 39.91015625 3884.09375
200 32.74453125 3916.83828125
210 10.8828125 3927.72109375
220 0.9875 3928.70859375
230 0 3928.70859375
240 0.49375 3929.20234375
250 0 3929.20234375
260 0 3929.20234375
270 0 3929.20234375
271 0 3929.20234375
