10 79.07890625 79.07890625
20 25950.6234375 26029.70234375
30 37986.590625 64016.29296875
40 28366.60078125 92382.89375
50 31591.41015625 123974.30390625
60 26255.26484375 150229.56875
70 26195.55078125 176425.11953125
80 33632.0578125 210057.17734375
90 36351.98515625 246409.1625
100 26875.0109375 273284.1734375
110 25514.48125 298798.6546875
120 32625.4703125 331424.125
130 24919.325 356343.45
140 35724.125 392067.575
150 27832.41875 419899.99375
160 26956.115625 446856.109375
170 30523.465625 477379.575
180 27048.2109375 504427.7859375
190 42647.85078125 547075.63671875
200 14534.25078125 561609.8875
210 575.72109375 562185.60859375
220 0.221875 562185.83046875
230 0 562185.83046875
240 0.1109375 562185.94140625
250 0 562185.94140625
260 0 562185.94140625
270 0 562185.94140625
271 0 562185.94140625
