10 1.2 89.47027587890625 290.4871717500189 1052.906982421875 1.483154296875 0 0
20 2.1 4.788899739583333 7.4301135493499935 1052.906982421875 1.44384765625 89.47027587890625 12
30 2 44.75106201171875 37.28571975476217 1052.906982421875 1.44384765625 35.58212742660985 33
40 3.3 46.54955314867424 28.8182322981798 1052.906982421875 1.44384765625 39.04210274174528 53
50 5.2 57.4342510516827 31.98463532782203 1052.906982421875 1.44384765625 41.92286859556686 86
60 4.6 55.32202679177989 35.72617868850453 1052.906982421875 1.44384765625 47.76773734714674 138
70 8.1 46.035734953703695 41.236790551075565 1052.906982421875 1.44384765625 49.656309708305024 184
80 7.9 45.76836308346519 35.04030376003038 1052.906982421875 1.44384765625 48.54964346255896 265
90 8.5 51.820582490808825 34.07752702914135 1052.906982421875 1.44384765625 47.910919189453125 344
100 14.3 51.38473489401224 34.15653987378151 1052.906982421875 1.380126953125 48.68556110230915 429
110 20.7 53.28728275022645 35.879724041039694 1052.906982421875 1.380126953125 49.36035455023492 572
120 20.1 8.954037187111316 21.301754732025326 1052.906982421875 1.342041015625 50.40383868039955 779
130 29.7 4.361313328598484 8.433549172149702 1052.906982421875 1.0419921875 41.90239980269452 980
140 37.5 11.989089843749987 30.860976467503573 1052.906982421875 0.971923828125 33.171230904647125 1277
150 36.2 7.5923188773308095 15.326211882048728 1052.906982421875 0.971923828125 28.362936172300618 1652
160 9.7 3.2786097575708757 3.130163116658285 1052.906982421875 0.971923828125 24.62958787995748 2014
170 0.3 5.539306640625 5.314350613660692 1052.906982421875 0.971923828125 23.64851498660291 2111
180 0 0 0 1052.906982421875 0.971923828125 23.62281601544022 2114
190 0 0 0 1052.906982421875 0.971923828125 23.62281601544022 2114
200 0 0 0 1052.906982421875 0.971923828125 23.62281601544022 2114
210 0 0 0 1052.906982421875 0.971923828125 23.62281601544022 2114
212 0 0 0 1052.906982421875 0.971923828125 23.62281601544022 2114
