10 0.7 465.45724051339283 427.62646587504696 1436.0478515625 67.73193359375 0 0
20 0.1 15424.656005859375 0.0 15424.656005859375 67.73193359375 465.45724051339283 7
30 0.1 16034.54296875 0.0 16034.54296875 67.73193359375 2335.3570861816406 8
40 0.2 29107.919921875 2774.77294921875 31882.69287109375 67.73193359375 3857.4888509114585 9
50 0 0 0 31882.69287109375 67.73193359375 8448.476318359375 11
60 19.2 4424.119750976564 8337.221676330251 31882.69287109375 0.919921875 8448.476318359375 11
70 122.8 2748.0662420316266 9410.33856466645 56031.256103515625 0.876220703125 4642.188333445583 203
80 65 44.309539888822144 56.19378556479363 56031.256103515625 0.876220703125 3016.764204685039 1431
90 62.4 37.28065842848556 39.18864901472843 56031.256103515625 0.876220703125 2088.3184900682486 2081
100 87.1 39.25893565899467 47.09649696481567 56031.256103515625 0.871826171875 1615.1770457269504 2705
110 127.1 34.57533226943599 39.99470783144094 56031.256103515625 0.871826171875 1231.333456837356 3576
120 141.3 7.509292375763015 19.286732663893556 56031.256103515625 0.8330078125 917.5146872219595 4847
130 176.2 3.3181773087223303 7.4736780465736725 56031.256103515625 0.8330078125 712.1093161488484 6260
140 244 7.727482930167779 25.10088483470212 56031.256103515625 0.8291015625 556.4261963986238 8022
150 246.6 5.794041048097883 13.32433743393577 56031.256103515625 0.821044921875 428.45593632760176 10462
160 134.3 2.495009751082001 2.97442771515799 56031.256103515625 0.821044921875 347.83370289944145 12928
170 35.7 2.4282137659751384 2.739760035494637 56031.256103515625 0.821044921875 315.334938629366 14271
180 9.1 1.4350263993818682 0.701707421427893 56031.256103515625 0.821044921875 307.69837171822087 14628
190 1.9 1.694567228618421 0.7552810690519058 56031.256103515625 0.821044921875 305.8049031113852 14719
200 0.4 3.03070068359375 2.6343743498214245 56031.256103515625 0.821044921875 305.4128488040319 14738
210 0 0 0 56031.256103515625 0.821044921875 305.3308023657955 14742
212 0 0 0 56031.256103515625 0.821044921875 305.3308023657955 14742
