10 4.684375 4.684375
20 4.03046875 8.71484375
30 4.03046875 12.7453125
40 0.2328125 12.978125
50 0 12.978125
60 49.18828125 62.16640625
70 314.5265625 376.69296875
80 166.5234375 543.21640625
90 159.84921875 703.065625
100 223.15078125 926.21640625
110 325.5921875 1251.80859375
120 361.95625 1613.76484375
130 451.3640625 2065.12890625
140 625.0390625 2690.16796875
150 631.678125 3321.84609375
160 344.05390625 3665.9
170 91.4734375 3757.3734375
180 23.31875 3780.6921875
190 4.86875 3785.5609375
200 1.025 3786.5859375
210 0 3786.5859375
212 0 3786.5859375
