10 8.3609375 8.3609375
20 6.85546875 15.21640625
30 7.75 22.96640625
40 12.2390625 35.20546875
50 16.95625 52.16171875
60 52.6078125 104.76953125
70 210.23828125 315.0078125
80 129.5609375 444.56875
90 123.42578125 567.99453125
100 182.94140625 750.9359375
110 261.52578125 1012.46171875
120 281.55859375 1294.0203125
130 366.76953125 1660.78984375
140 496.20703125 2156.996875
150 493.28984375 2650.28671875
160 235.5296875 2885.81640625
170 54.059375 2939.87578125
180 13.640625 2953.51640625
190 2.80625 2956.32265625
200 0.590625 2956.91328125
210 0 2956.91328125
212 0 2956.91328125
