10 0.6 6
20 0.4 10
30 0 10
40 2.7 37
50 0 37
60 0 37
70 0 37
80 0 37
90 2.1 58
100 6.2 120
110 2.2 142
120 2.2 164
130 7.9 243
140 0 243
150 12 363
160 2.2 385
170 1 395
180 1.3 408
190 2 428
200 11.8 546
210 1.7 563
220 0 563
230 5.7 620
240 3.7 657
250 0.8 665
260 0 665
270 0 665
280 0 665
290 0 665
300 0 665
310 0 665
320 0 665
330 0 665
340 0 665
350 0 665
360 0 665
370 0 665
380 0 665
390 0 665
400 0.3 668
410 0.5 673
420 0 673
430 0 673
440 0 673
450 0 673
460 0 673
470 0 673
480 0 673
490 0.1 674
500 0.6 680
510 0.1 681
520 0.1 682
530 0 682
540 0 682
550 0 682
560 0 682
570 0 682
572 0 682
