30 0.6 6
40 0 6
50 0 6
60 0 6
70 0.4 10
80 0.8 18
90 2.3 41
100 3.3 74
110 2.7 101
120 3.6 137
130 5.1 188
140 5.7 245
150 2.5 270
160 1 280
170 4.6 326
180 0.7 333
190 0.5 338
200 0 338
210 0.5 343
220 0 343
230 0 343
240 0 343
250 0 343
260 0 343
270 0 343
280 0 343
290 0 343
300 0 343
310 0.1 344
320 0 344
330 0 344
340 0 344
350 0 344
360 0 344
370 0 344
380 0 344
390 0 344
400 0 344
410 0 344
420 0.1 345
430 0 345
440 0 345
450 0 345
460 0.1 346
470 0 346
480 0 346
490 0 346
500 0 346
510 0 346
520 0 346
530 0 346
540 0 346
550 0 346
560 0 346
570 0 346
572 0 346
