30 10.9 109
40 0.8 117
50 0 117
60 0 117
70 0 117
80 0 117
90 0.8 125
100 0 125
110 0 125
120 12.3 248
130 2.1 269
140 54.8 817
150 0 817
160 2.7 844
170 3.2 876
180 0 876
190 20.6 1082
200 0 1082
210 14.6 1228
220 0 1228
230 4.2 1270
240 0 1270
250 0 1270
260 0 1270
270 0 1270
280 0 1270
290 0 1270
300 0 1270
310 0 1270
320 0 1270
330 0 1270
340 0 1270
350 0 1270
360 7 1340
370 0 1340
380 0 1340
390 0 1340
400 0 1340
410 0 1340
420 0 1340
430 0 1340
440 0 1340
450 0 1340
460 0 1340
470 0 1340
480 2.9 1369
490 0 1369
500 0 1369
510 0 1369
520 0 1369
530 0 1369
540 0 1369
550 0 1369
560 0 1369
570 0 1369
572 0 1369
