10 10 10
20 26 16
30 49 23
40 88 39
50 139 51
60 174 35
70 224 50
80 296 72
90 344 48
100 368 24
110 445 77
120 477 32
130 614 137
140 673 59
150 820 147
160 822 2
170 533 -289
180 358 -175
190 264 -94
200 212 -52
210 179 -33
220 171 -8
230 131 -40
240 101 -30
250 91 -10
260 89 -2
270 85 -4
280 81 -4
290 79 -2
300 75 -4
310 74 -1
320 69 -5
330 64 -5
340 62 -2
350 58 -4
360 46 -12
370 46 0
380 46 0
390 46 0
400 43 -3
410 41 -2
420 39 -2
430 38 -1
440 38 0
450 37 -1
460 36 -1
470 28 -8
480 11 -17
490 9 -2
500 2 -7
510 1 -1
520 0 -1
530 0 0
540 0 0
550 0 0
560 0 0
570 0 0
572 0 0
