80 1.3 7654.720196063702 2154.5315395017014 12018.420166015625 3761.39794921875 0 0
90 2.8 12447.882097516742 8915.683893804502 53567.260009765625 3482.8408203125 7654.720196063702 13
100 8.9 26514.37986086727 25540.693866121932 93442.33203125 2217.158935546875 10928.099055592607 41
110 7.3 31745.70100465538 32225.39292988989 98251.13305664063 2217.158935546875 21598.706683819106 130
120 11.5 34245.17490234376 25903.575093719097 112018.38696289063 2217.158935546875 25247.625823824266 203
130 12.9 33539.709147135414 27011.338912157407 112018.38696289063 2217.158935546875 28501.45646542723 318
140 27 28456.759216760704 27962.612368883725 132581.94897460938 2217.158935546875 29955.44885008127 447
150 15.7 26189.60918839569 24238.78364328414 132581.94897460938 1376.8798828125 29391.08873711537 717
160 8.2 24173.623389267337 14652.352096011475 132581.94897460938 1376.8798828125 28815.99458477099 874
170 29.1 40953.0407278579 29214.8964865622 146000.11108398438 1376.8798828125 28417.799565909798 956
180 17.3 40385.02247928331 24553.898934185905 146000.11108398438 1376.8798828125 31343.024247647485 1247
190 9.6 48628.61340840658 22619.816614832474 155222.68188476563 1376.8798828125 32444.619806853825 1420
200 5 67809.798828125 32173.095461299286 165188.8779296875 1376.8798828125 33469.463728851886 1516
210 3.3 72984.81414240057 16556.578251516356 165188.8779296875 1376.8798828125 34565.89843827951 1566
220 0.8 84744.47775268555 31736.33284447965 166223.03515625 1376.8798828125 35358.78412823323 1599
230 4 93029.40871582032 16534.212456172114 171167.90795898438 1376.8798828125 35604.636990084895 1607
240 3.1 117019.38861674647 32258.30105313567 198284.06884765625 1376.8798828125 36999.28839811733 1647
250 0.9 128780.14545355903 27089.32447286255 198284.06884765625 1376.8798828125 38477.609677484135 1678
260 0.3 118432.49861653645 6955.642702444013 198284.06884765625 1376.8798828125 38959.36594422076 1687
270 0.3 124676.60294596355 13546.506535416045 198284.06884765625 1376.8798828125 39100.44251109469 1690
280 0.4 148592.80377197266 13099.481050660957 198284.06884765625 1376.8798828125 39252.08366957349 1693
290 0.3 144969.60131835938 5456.421047013122 198284.06884765625 1376.8798828125 39509.81076468816 1697
300 0.3 147393.82397460938 779.4793392337623 198284.06884765625 1376.8798828125 39695.91627742993 1700
310 0.1 163409.123046875 0.0 198284.06884765625 1376.8798828125 39885.636608076755 1703
320 0.6 186348.2285563151 9656.784982832063 200263.10400390625 1376.8798828125 39958.12691701971 1704
330 0.4 184372.48608398438 3311.002792039036 200263.10400390625 1376.8798828125 40471.77639645584 1710
340 0.2 188639.97399902344 367.0169677734375 200263.10400390625 1376.8798828125 40807.60068977562 1714
350 0.4 193177.2778930664 1604.2973361794125 200263.10400390625 1376.8798828125 40979.899493166355 1716
360 1.2 214608.76068115234 23962.54039365095 286289.7888183594 1376.8798828125 41333.84688479403 1720
370 0 0 0 286289.7888183594 1376.8798828125 42534.36591802515 1732
380 0 0 0 286289.7888183594 1376.8798828125 42534.36591802515 1732
390 0 0 0 286289.7888183594 1376.8798828125 42534.36591802515 1732
400 0.3 279214.68603515625 40411.37818178128 336297.537109375 1376.8798828125 42534.36591802515 1732
410 0.2 299698.99548339844 41537.85046386719 341236.8459472656 1376.8798828125 42943.611428314136 1735
420 0.2 267413.6083984375 808.512451171875 341236.8459472656 1376.8798828125 43239.2422677558 1737
430 0.1 281012.64794921875 0.0 341236.8459472656 1376.8798828125 43497.0621252954 1739
440 0 0 0 341236.8459472656 1376.8798828125 43633.56533553903 1740
450 0.1 386348.8869628906 0.0 386348.8869628906 1376.8798828125 43633.56533553903 1740
460 0.1 331682.81005859375 0.0 386348.8869628906 1376.8798828125 43830.41503205101 1741
470 0.8 338979.15811157227 6572.624506831683 386348.8869628906 1376.8798828125 43995.65750910414 1742
480 1.7 333880.5269847197 12355.11050478767 386348.8869628906 1376.8798828125 45344.153511858276 1750
490 0.2 350001.4055175781 14844.570556640625 386348.8869628906 1376.8798828125 48120.11183049927 1767
500 0.7 350798.25230189733 2620.3287343839474 386348.8869628906 1376.8798828125 48461.41346270626 1769
510 0.1 358664.89892578125 0.0 386348.8869628906 1376.8798828125 49653.05640858145 1776
520 0.1 369234.708984375 0.0 386348.8869628906 1376.8798828125 49826.95164916513 1777
530 0 0 0 386348.8869628906 1376.8798828125 50006.596057115195 1778
540 0 0 0 386348.8869628906 1376.8798828125 50006.596057115195 1778
550 0 0 0 386348.8869628906 1376.8798828125 50006.596057115195 1778
560 0 0 0 386348.8869628906 1376.8798828125 50006.596057115195 1778
570 0 0 0 386348.8869628906 1376.8798828125 50006.596057115195 1778
572 0 0 0 386348.8869628906 1376.8798828125 50006.596057115195 1778
