10 12.82578125 12.82578125
20 0.51171875 13.3375
30 34.2875 47.625
40 6.796875 54.421875
50 0.1234375 54.5453125
60 0 54.5453125
70 23.20078125 77.74609375
80 98.36953125 176.115625
90 279.2984375 455.4140625
100 955.37734375 1410.79140625
110 326.09921875 1736.890625
120 563.11171875 2300.00234375
130 667.0171875 2967.01953125
140 992.22890625 3959.2484375
150 494.38125 4453.6296875
160 212.29140625 4665.92109375
170 653.253125 5319.17421875
180 166.4984375 5485.67265625
190 108.62578125 5594.2984375
200 52.2796875 5646.578125
210 56.3484375 5702.9265625
220 15.0515625 5717.978125
230 43.003125 5760.98125
240 13.09140625 5774.07265625
250 2.99453125 5777.0671875
260 0.87890625 5777.94609375
270 1.171875 5779.11796875
280 0.8203125 5779.93828125
290 0.9375 5780.87578125
300 0.5859375 5781.46171875
310 0.93046875 5782.3921875
320 0.76171875 5783.15390625
330 0.8203125 5783.97421875
340 0.64453125 5784.61875
350 1.63046875 5786.24921875
360 17.9375 5804.18671875
370 0 5804.18671875
380 0 5804.18671875
390 0.29296875 5804.4796875
400 16.0109375 5820.490625
410 32.31640625 5852.80703125
420 1.10625 5853.91328125
430 0.1171875 5854.03046875
440 0.05859375 5854.0890625
450 0.29296875 5854.38203125
460 0.16875 5854.55078125
470 0.46875 5855.01953125
480 7.48984375 5862.509375
490 11.64296875 5874.15234375
500 23.58671875 5897.7390625
510 4.84296875 5902.58203125
520 0.121875 5902.70390625
530 0 5902.70390625
540 0 5902.70390625
550 0 5902.70390625
560 0 5902.70390625
570 0 5902.70390625
572 0 5902.70390625
