0 0 0
10 1 10
20 1.6 26
30 2.8 54
40 3.5 89
50 5.1 140
60 3.4 174
70 5.6 230
80 8.4 314
90 7.3 387
100 12 507
110 14.7 654
120 15.1 805
130 26.6 1071
140 32.4 1395
150 30.5 1700
160 7.8 1778
170 0 1778
180 0 1778
190 0 1778
200 0 1778
210 0 1778
220 0 1778
230 0 1778
240 0 1778
250 0 1778
260 0 1778
270 0 1778
280 0 1778
290 0 1778
300 0 1778
310 0 1778
320 0 1778
330 0 1778
340 0 1778
350 0 1778
360 0 1778
370 0 1778
380 0 1778
390 0 1778
400 0 1778
410 0 1778
420 0 1778
430 0 1778
440 0 1778
450 0 1778
460 0 1778
470 0 1778
480 0 1778
490 0 1778
500 0 1778
510 0 1778
520 0 1778
530 0 1778
540 0 1778
550 0 1778
560 0 1778
570 0 1778
572 0 1778
