0 0 0
10 10 10
20 26 26
30 54 54
40 89 89
50 140 140
60 174 174
70 230 230
80 301 301
90 346 347
100 377 377
110 451 451
120 487 515
130 624 625
140 678 685
150 826 826
160 822 901
170 531 901
180 358 901
190 262 901
200 212 901
210 179 901
220 171 901
230 131 901
240 100 901
250 91 901
260 88 901
270 85 901
280 81 901
290 78 901
300 75 901
310 74 901
320 68 901
330 64 901
340 62 901
350 58 901
360 46 901
370 46 901
380 46 901
390 46 901
400 43 901
410 41 901
420 39 901
430 38 901
440 38 901
450 37 901
460 36 901
470 28 901
480 11 901
490 9 901
500 2 901
510 1 901
520 0 901
530 0 901
540 0 901
550 0 901
560 0 901
570 0 901
572 0 901
