40 0.1 1
50 0 1
60 0 1
70 0.5 6
80 0.5 11
90 0.6 17
100 3.2 49
110 2.1 70
120 1.6 86
130 1.7 103
140 3.6 139
150 1 149
160 2 169
170 1.9 188
180 0.1 189
190 0.2 191
200 0 191
210 0.5 196
220 1 206
230 19.7 403
240 1.7 420
250 1.9 439
260 4.3 482
270 1.7 499
280 1 509
290 6.3 572
300 3.9 611
310 0.9 620
320 0.9 629
330 2.1 650
340 0.6 656
350 0.1 657
360 0 657
370 0 657
380 0 657
390 1 667
400 1 677
410 0.2 679
420 0 679
430 0 679
440 0 679
450 0 679
460 0.1 680
470 0 680
480 0 680
490 0 680
500 0 680
510 0 680
511 0 680
