10 1.9 56.82973118832237 234.1288331980895 1050.153076171875 1.10400390625 0 0
20 1.7 1.9925178079044117 1.1171561909275391 1050.153076171875 1.10400390625 56.82973118832237 19
30 1.5 2.1308593750000004 1.3718328210230872 1050.153076171875 1.10400390625 30.93438042534722 36
40 2.9 2.4595231681034484 1.9592163055442002 1050.153076171875 1.10400390625 22.462756587009803 51
50 3.3 2.1237940932765156 1.4294299382295477 1050.153076171875 0.93994140625 15.21158447265625 80
60 3.2 1.93231201171875 1.2832722449303142 1050.153076171875 0.93994140625 11.389486397262168 113
70 7.8 2.4267734625400643 3.283559664092548 1050.153076171875 0.93994140625 9.302385843211207 145
80 7.1 1.7842690911091548 1.0769220905606125 1050.153076171875 0.93994140625 6.897463127102018 223
90 5.9 1.5629717293432204 0.5961041903417243 1050.153076171875 0.93994140625 5.662644159226191 294
100 16.5 1.7150020714962122 0.8847587309303927 1050.153076171875 0.93994140625 4.977429787092777 353
110 18 1.7744845920138885 0.9883758243309299 1050.153076171875 0.93994140625 3.9382394915842185 518
120 19.5 1.8241962139423074 1.0195842696287374 1050.153076171875 0.93994140625 3.380251122067514 698
130 34.2 2.1140800609923263 1.8445724724143744 1050.153076171875 0.9208984375 3.0404630962171053 893
140 41.7 1.8817416769709232 1.2136206327893797 1050.153076171875 0.907958984375 2.7839262556933204 1235
150 39.2 2.144681969467477 1.7800024226858095 1050.153076171875 0.907958984375 2.556195644720415 1652
160 7.2 1.9234754774305556 1.079659997768662 1050.153076171875 0.907958984375 2.4772752138499885 2044
170 2.2 2.1594904119318183 1.4014209642636597 1050.153076171875 0.907958984375 2.4584313664860002 2116
180 1 1.5404541015625 0.23056561131806858 1050.153076171875 0.907958984375 2.455355266860092 2138
190 0.8 2.736968994140625 2.836130857936558 1050.153076171875 0.907958984375 2.4510959504480923 2148
200 0.2 1.848388671875 0.12451171875 1050.153076171875 0.907958984375 2.4521567038569696 2156
210 0 0 0 1050.153076171875 0.907958984375 2.4515971412694055 2158
220 0 0 0 1050.153076171875 0.907958984375 2.4515971412694055 2158
230 0.1 1.77490234375 0.0 1050.153076171875 0.907958984375 2.4515971412694055 2158
240 0 0 0 1050.153076171875 0.907958984375 2.4512837115345656 2159
250 0 0 0 1050.153076171875 0.907958984375 2.4512837115345656 2159
260 0 0 0 1050.153076171875 0.907958984375 2.4512837115345656 2159
270 0.3 4.073649088541667 3.84700820207439 1050.153076171875 0.907958984375 2.4512837115345656 2159
280 0 0 0 1050.153076171875 0.907958984375 2.453534912335223 2162
290 0.4 1.94451904296875 0.5943851681219612 1050.153076171875 0.907958984375 2.453534912335223 2162
300 0.2 1.736572265625 0.326416015625 1050.153076171875 0.907958984375 2.452594901496134 2166
310 0 0 0 1050.153076171875 0.907958984375 2.451934364009168 2168
320 0.4 3.09393310546875 1.3951999906757384 1050.153076171875 0.907958984375 2.451934364009168 2168
330 0.2 5.992919921875 4.554931640625 1050.153076171875 0.907958984375 2.453116682133403 2172
340 0 0 0 1050.153076171875 0.907958984375 2.4563731708544165 2174
350 0 0 0 1050.153076171875 0.907958984375 2.4563731708544165 2174
360 0 0 0 1050.153076171875 0.907958984375 2.4563731708544165 2174
370 0 0 0 1050.153076171875 0.907958984375 2.4563731708544165 2174
380 0 0 0 1050.153076171875 0.907958984375 2.4563731708544165 2174
390 0 0 0 1050.153076171875 0.907958984375 2.4563731708544165 2174
400 0 0 0 1050.153076171875 0.907958984375 2.4563731708544165 2174
410 0 0 0 1050.153076171875 0.907958984375 2.4563731708544165 2174
420 0 0 0 1050.153076171875 0.907958984375 2.4563731708544165 2174
430 0 0 0 1050.153076171875 0.907958984375 2.4563731708544165 2174
440 0 0 0 1050.153076171875 0.907958984375 2.4563731708544165 2174
450 0 0 0 1050.153076171875 0.907958984375 2.4563731708544165 2174
460 0 0 0 1050.153076171875 0.907958984375 2.4563731708544165 2174
470 0 0 0 1050.153076171875 0.907958984375 2.4563731708544165 2174
480 0 0 0 1050.153076171875 0.907958984375 2.4563731708544165 2174
490 0 0 0 1050.153076171875 0.907958984375 2.4563731708544165 2174
500 0 0 0 1050.153076171875 0.907958984375 2.4563731708544165 2174
510 0 0 0 1050.153076171875 0.907958984375 2.4563731708544165 2174
511 0 0 0 1050.153076171875 0.907958984375 2.4563731708544165 2174
