10 19 19
20 36 17
30 51 15
40 78 27
50 110 32
60 141 31
70 215 74
80 268 53
90 303 35
100 440 137
110 557 117
120 661 104
130 848 187
140 1004 156
150 1098 94
160 862 -236
170 637 -225
180 549 -88
190 418 -131
200 334 -84
210 318 -16
220 310 -8
230 271 -39
240 266 -5
250 257 -9
260 236 -21
270 187 -49
280 177 -10
290 174 -3
300 166 -8
310 153 -13
320 136 -17
330 68 -68
340 32 -36
350 24 -8
360 23 -1
370 22 -1
380 22 0
390 12 -10
400 3 -9
410 1 -2
420 1 0
430 1 0
440 1 0
450 1 0
460 0 -1
470 0 0
480 0 0
490 0 0
500 0 0
510 0 0
511 0 0
