10 0.8 515.9508361816406 320.95453414695254 1314.51806640625 217.715087890625 0 0
20 0.6 8846.4794921875 3759.7951395615237 13608.455810546875 217.715087890625 515.9508361816406 8
30 3 7721.995662434898 6874.570661211239 20929.628173828125 1.639892578125 4086.177403041295 14
40 1.8 7428.725748697917 4935.522150662507 20929.628173828125 1.639892578125 6565.144398082388 44
50 2.9 11758.761617726293 6636.915762033175 24937.02099609375 1.639892578125 6815.861564390122 62
60 1.1 7641.218705610795 5933.987035654297 24937.02099609375 1.639892578125 8391.071471497253 91
70 3.6 10535.140387641059 12883.56145377759 59858.25 1.639892578125 8310.204996744791 102
80 17.5 4002.569986049105 6581.455189119782 59858.25 1.233154296875 8890.622924804688 138
90 12.5 3070.689396484375 7686.058027668632 59858.25 1.233154296875 6157.685978216103 313
100 17.1 1224.8313245271381 9327.360218262662 89737.84301757813 1.233154296875 5276.693803064354 438
110 30.4 1841.6834379497327 8125.779243458492 89737.84301757813 1.2109375 4138.978722883953 609
120 62.7 8160.920307360184 19349.29647106231 108234.15283203125 1.2099609375 3374.0523629496674 913
130 76.6 3121.751178313173 15065.62326222707 118494.78295898438 1.2080078125 5322.99145460252 1540
140 156 6038.381567852326 16945.67009342602 131692.876953125 1.133056640625 4591.790217986024 2306
150 149.1 2575.5404387588574 11123.716948051195 131692.876953125 1.133056640625 5175.5156462817895 3866
160 116.4 6563.5307667525585 16497.820463247455 131692.876953125 1.133056640625 4451.871249340089 5357
170 86 14129.750750022711 19212.582423764707 131692.876953125 1.133056640625 4828.8029589349535 6521
180 23.6 7538.345964852026 17371.834708091472 131692.876953125 1.133056640625 5912.506400248524 7381
190 40.2 8707.258252196047 9928.000407213185 131692.876953125 1.133056640625 5962.880318752716 7617
200 17.1 1639.2538063093932 3387.130874003217 131692.876953125 1.133056640625 6100.458561581525 8019
210 2.5 4846.57171875 16228.415906933074 131692.876953125 1.133056640625 6007.31252822969 8190
220 1 15.556201171875 12.131032562763874 131692.876953125 1.133056640625 6003.780145973208 8215
230 14.4 59869.85805426704 8147.199145379115 131692.876953125 1.133056640625 5996.4996305387995 8225
240 1 59478.48918457031 313.6266406609882 131692.876953125 1.133056640625 6923.463857210668 8369
250 1.4 59409.64296177455 306.9891175109657 131692.876953125 1.133056640625 6986.186169333068 8379
260 4.2 59325.70857747396 1128.8351051688658 131692.876953125 1.133056640625 7073.631468403029 8393
270 8.2 55623.476211175686 35903.25407580656 179418.9541015625 1.133056640625 7333.807785958569 8435
280 2.3 80811.70140540082 75268.6218600214 179839.92895507813 1.133056640625 7798.731210975337 8517
290 4 147428.76863403321 38702.63719943744 179937.81811523438 1.133056640625 7995.370357868988 8540
300 6.1 52844.28873030866 35286.00243207998 179937.81811523438 1.133056640625 8645.409510671618 8580
310 2.9 51078.6442534348 45218.42990452141 179937.81811523438 1.133056640625 8957.42566995849 8641
320 11.9 36217.671813451954 30536.113045096277 179937.81811523438 1.133056640625 9098.315559107374 8670
330 15.7 10941.049991291793 19851.721412042727 179937.81811523438 1.133056640625 9465.502200848981 8789
340 5.6 8596.71034458705 23123.965873691046 179937.81811523438 1.133056640625 9491.397685210655 8946
350 1.2 4949.9488525390625 16370.084056539636 179937.81811523438 1.133056640625 9485.83197858158 9002
360 0.2 8.99560546875 0.841552734375 179937.81811523438 1.133056640625 9479.79352755956 9014
370 0.1 10.176025390625 0.0 179937.81811523438 1.133056640625 9477.69264070905 9016
380 0 0 0 179937.81811523438 1.133056640625 9476.642677681955 9017
390 1 59325.941162109375 229.5108855002323 179937.81811523438 1.133056640625 9476.642677681955 9017
400 1 59451.928002929686 304.4977554410119 179937.81811523438 1.133056640625 9531.865119782795 9027
410 0.2 59901.07666015625 41.093505859375 179937.81811523438 1.133056640625 9587.104760020868 9037
420 0 0 0 179937.81811523438 1.133056640625 9598.237401220145 9039
430 0 0 0 179937.81811523438 1.133056640625 9598.237401220145 9039
440 0 0 0 179937.81811523438 1.133056640625 9598.237401220145 9039
450 0 0 0 179937.81811523438 1.133056640625 9598.237401220145 9039
460 0.1 59670.55615234375 0.0 179937.81811523438 1.133056640625 9598.237401220145 9039
470 0 0 0 179937.81811523438 1.133056640625 9603.776374533323 9040
480 0 0 0 179937.81811523438 1.133056640625 9603.776374533323 9040
490 0 0 0 179937.81811523438 1.133056640625 9603.776374533323 9040
500 0 0 0 179937.81811523438 1.133056640625 9603.776374533323 9040
510 0 0 0 179937.81811523438 1.133056640625 9603.776374533323 9040
511 0 0 0 179937.81811523438 1.133056640625 9603.776374533323 9040
