10 2.5 172.626318359375 242.0587101428143 1231.7138671875 20.52197265625 0 0
20 1.7 3110.7966021369484 4456.374836257847 12797.93798828125 20.52197265625 172.626318359375 25
30 5.8 4065.6790266365874 6165.979860564761 20929.628173828125 1.5869140625 1361.885718936012 42
40 4.1 6947.035066930259 8695.263294635917 30547.738037109375 0.924072265625 2930.085837402346 100
50 6.8 5027.066104664522 6905.941277733166 30547.738037109375 0.924072265625 4098.1349041445055 141
60 1.9 6015.55757863898 6547.1474557895335 30547.738037109375 0.924072265625 4400.370892830444 209
70 7.5 8123.670598958331 14668.608139629472 59856.87109375 0.924072265625 4534.969783314489 228
80 30.9 3135.120490114278 9034.239759406179 59856.87109375 0.73486328125 5423.26206441445 303
90 19.4 4062.26703069628 12175.173593821713 59856.87109375 0.6640625 4267.9748969981865 612
100 34.1 5578.3681712220505 17328.193242972244 59949.4599609375 0.5908203125 4218.462085506165 806
110 58.6 5821.392207331216 15107.446007060815 59949.4599609375 0.494140625 4622.758489367644 1147
120 116.5 2579.4700174356253 8450.956705871014 59957.177001953125 0.494140625 5028.06683254517 1733
130 149.9 3771.9068487064287 11741.8667401221 59958.23486328125 0.490966796875 4043.727533165384 2898
140 280.3 3152.909451003246 9298.013261066822 59993.134033203125 0.449951171875 3951.0599857457855 4397
150 266.7 2078.5005050333057 5936.099220148774 59993.134033203125 0.18701171875 3640.3355484008775 7200
160 161.3 1978.640472128314 7132.495423804961 59993.134033203125 0.18701171875 3218.179466444729 9867
170 129.4 9447.299724879556 13840.632217697837 60000.783935546875 0.18701171875 3044.017759316473 11480
180 30.5 3227.263721503587 6589.827053821979 60000.783935546875 0.18701171875 3692.667114525384 12774
190 49.3 5950.086440142463 7450.450968516621 60000.783935546875 0.18701171875 3681.8139885316805 13079
200 20.1 1394.4145046253109 3144.815188014751 60000.783935546875 0.18701171875 3764.2085006628417 13572
210 3 10011.43876953125 22260.974479268203 60000.783935546875 0.18701171875 3729.624271141057 13773
220 2 29965.67155761719 29950.3722710869 60002.7900390625 0.18701171875 3743.2774215396444 13803
230 19.9 58962.71728760992 5945.620093013752 60002.87890625 0.18701171875 3781.217657575349 13823
240 1.7 59470.250244140625 256.6674729557059 60002.87890625 0.18701171875 4564.35261880605 14022
250 1.9 59419.12392064145 306.5105688150873 60002.87890625 0.18701171875 4630.838854266602 14039
260 4.5 59359.57875976562 1098.0774473263602 60002.87890625 0.18701171875 4704.887610580524 14058
270 9.5 32967.78040450247 17462.232103972012 60002.87890625 0.18701171875 4879.280371107599 14103
280 2.4 32646.296752929688 24966.874072541832 60002.87890625 0.18701171875 5067.2228632313145 14198
290 6.7 56237.32507506413 14171.912469506939 60002.87890625 0.18701171875 5113.763277614155 14222
300 9.5 30643.478109580596 25120.464836875148 60002.87890625 0.18701171875 5353.4776481389745 14289
310 3.5 33833.128187779024 23530.573110676807 60002.87890625 0.18701171875 5520.506989340098 14384
320 14.7 18228.28691505899 16542.297295357053 60002.87890625 0.18701171875 5589.231709635913 14419
330 18.2 9300.095762148007 18774.78495721726 60002.87890625 0.18701171875 5716.784992293966 14566
340 5.9 7151.688700013242 18591.488578875735 60002.87890625 0.18701171875 5761.005399136482 14748
350 1.3 4569.173790564904 15783.082035337855 60002.87890625 0.18701171875 5766.546718428151 14807
360 0.2 8.99560546875 0.841552734375 60002.87890625 0.18701171875 5765.496391298446 14820
370 0.1 10.176025390625 0.0 60002.87890625 0.18701171875 5764.719640416537 14822
380 0 0 0 60002.87890625 0.18701171875 5764.331423212528 14823
390 1 59325.941162109375 229.5108855002323 60002.87890625 0.18701171875 5764.331423212528 14823
400 1 59451.928002929686 304.4977554410119 60002.87890625 0.18701171875 5800.4411850536235 14833
410 0.2 59901.07666015625 41.093505859375 60002.87890625 0.18701171875 5836.5871709175835 14843
420 0 0 0 60002.87890625 0.18701171875 5843.871036123274 14845
430 0 0 0 60002.87890625 0.18701171875 5843.871036123274 14845
440 0 0 0 60002.87890625 0.18701171875 5843.871036123274 14845
450 0 0 0 60002.87890625 0.18701171875 5843.871036123274 14845
460 0.1 59670.55615234375 0.0 60002.87890625 0.18701171875 5843.871036123274 14845
470 0 0 0 60002.87890625 0.18701171875 5847.496705334928 14846
480 0 0 0 60002.87890625 0.18701171875 5847.496705334928 14846
490 0 0 0 60002.87890625 0.18701171875 5847.496705334928 14846
500 0 0 0 60002.87890625 0.18701171875 5847.496705334928 14846
510 0 0 0 60002.87890625 0.18701171875 5847.496705334928 14846
511 0 0 0 60002.87890625 0.18701171875 5847.496705334928 14846
