10 36.36875 36.36875
20 26.3515625 62.7203125
30 4349.0828125 4411.803125
40 42.134375 4453.9375
50 603.55390625 5057.49140625
60 1091.95546875 6149.446875
70 620.95390625 6770.40078125
80 85.8859375 6856.28671875
90 52.02421875 6908.3109375
100 91.08203125 6999.39296875
110 711.12109375 7710.5140625
120 2821.09453125 10531.60859375
130 3158.38359375 13689.9921875
140 1159.6140625 14849.60625
150 932.359375 15781.965625
160 448.83203125 16230.79765625
170 4813.92734375 21044.725
180 105.21640625 21149.94140625
190 867.5984375 22017.53984375
200 1712.36328125 23729.903125
210 548.79765625 24278.70078125
220 5.38984375 24284.090625
230 11.71640625 24295.80703125
240 0.99609375 24296.803125
250 1.11328125 24297.91640625
260 3.5453125 24301.46171875
270 36.9234375 24338.38515625
280 4.95859375 24343.34375
290 3.89765625 24347.24140625
300 15.97265625 24363.2140625
310 23.04765625 24386.26171875
320 36.69921875 24422.9609375
330 31.540625 24454.5015625
340 14.3578125 24468.859375
350 1.53046875 24470.38984375
360 0.2453125 24470.63515625
370 0.12265625 24470.7578125
380 0 24470.7578125
390 0.5859375 24471.34375
400 0.5859375 24471.9296875
410 0.1171875 24472.046875
420 0 24472.046875
430 0 24472.046875
440 0 24472.046875
450 0 24472.046875
460 0.05859375 24472.10546875
470 0 24472.10546875
480 0 24472.10546875
490 0 24472.10546875
500 0 24472.10546875
510 0 24472.10546875
511 0 24472.10546875
