10 0.4 476.196533203125 444.6005211541624 1246.053955078125 202.52197265625 0 0
20 0.3 205.689697265625 1.7355748857390971 1246.053955078125 202.52197265625 476.196533203125 4
30 1.2 11789.3359375 3463.899843076854 17986.507080078125 202.52197265625 360.26503208705356 7
40 1.8 10080.057210286455 3905.6688668354686 18353.156982421875 202.52197265625 7578.625603926809 19
50 0 0 0 18353.156982421875 202.52197265625 8795.538277290962 37
60 0.5 34410.2818359375 8312.169702924857 44748.378173828125 202.52197265625 8795.538277290962 37
70 0 0 0 44748.378173828125 202.52197265625 11844.912510463168 42
80 17 1407.1718333524834 9025.46396042868 59993.39892578125 1.512939453125 11844.912510463168 42
90 33.1 2919.20066736688 12933.36298509283 64450.614013671875 1.43212890625 3475.0261184404494 212
100 53.7 4895.830996948471 16372.01739266093 64450.614013671875 1.370849609375 3136.2080257970765 543
110 77.2 2779.3102281007173 12542.838409083903 64450.614013671875 1.370849609375 4011.131669786241 1080
120 90.6 3015.528017696693 13221.776524563636 86433.72290039063 1.370849609375 3497.6510256279125 1852
130 106.8 3015.965587601683 13040.65134653502 86433.72290039063 1.342041015625 3339.274141949274 2758
140 143.2 545.8841532275662 5647.132692562644 86433.72290039063 1.342041015625 3249.0249166374006 3826
150 154.5 81.95092457397848 2126.5577185223888 86433.72290039063 1.342041015625 2512.8329095619188 5258
160 151.6 319.17166773813705 4309.325143067037 86433.72290039063 1.342041015625 1960.7657822936005 6803
170 54.2 441.506298107415 5089.983121791567 86433.72290039063 1.342041015625 1661.6124372201443 8319
180 18.4 2.4814094875169834 1.4769832251079054 86433.72290039063 1.342041015625 1586.9823133741788 8861
190 3.3 5377.539602568655 16996.161881640226 86433.72290039063 1.342041015625 1554.7492380491212 9045
200 0 0 0 86433.72290039063 1.342041015625 1568.6457000483663 9078
210 0 0 0 86433.72290039063 1.342041015625 1568.6457000483663 9078
220 0 0 0 86433.72290039063 1.342041015625 1568.6457000483663 9078
230 0.2 59677.33605957031 255.7430419921875 86433.72290039063 1.342041015625 1568.6457000483663 9078
240 2.8 39749.42619105748 31817.43243533541 106213.91186523438 1.342041015625 1581.4449710526665 9080
250 2.1 29917.23995535714 31380.7231877507 106213.91186523438 1.342041015625 1698.7817600469718 9108
260 0.5 24.02177734375 18.374734163242728 106213.91186523438 1.342041015625 1763.694414456164 9129
270 0.3 9.493896484375 1.3498430873196423 106213.91186523438 1.342041015625 1762.7421084362863 9134
280 0.2 8.78857421875 0.013427734375 106213.91186523438 1.342041015625 1762.1664550888138 9137
290 0.1 8.35400390625 0.0 106213.91186523438 1.342041015625 1761.782741798329 9139
300 0 0 0 106213.91186523438 1.342041015625 1761.5909005797414 9140
310 0 0 0 106213.91186523438 1.342041015625 1761.5909005797414 9140
320 0 0 0 106213.91186523438 1.342041015625 1761.5909005797414 9140
330 0 0 0 106213.91186523438 1.342041015625 1761.5909005797414 9140
337 0 0 0 106213.91186523438 1.342041015625 1761.5909005797414 9140
