10 1.1 172.96724076704547 338.6414746097278 1223.65087890625 14.054931640625 0 0
20 0.9 68.34654405381944 69.74726469250382 1223.65087890625 14.054931640625 172.96724076704547 11
30 6.9 4429.750534278759 3170.691508186167 13917.8251953125 14.054931640625 125.88792724609375 20
40 3.3 1410.086544152462 404.8207994530514 13917.8251953125 14.054931640625 3462.5903978669244 89
50 0 0 0 13917.8251953125 14.054931640625 2907.404929239242 122
60 0.7 30465.069719587053 8873.086678185833 44748.378173828125 14.054931640625 2907.404929239242 122
70 0 0 0 44748.378173828125 14.054931640625 4402.782088405402 129
80 33.1 722.4929420494232 6506.298655696596 59993.39892578125 0.64306640625 4402.782088405402 129
90 54.9 1737.0989783448601 10008.856503733508 59993.39892578125 0.51904296875 1754.5740287449041 460
100 92.7 2828.457149501503 12658.668263223864 59993.602783203125 0.51904296875 1745.065800132789 1009
110 132.6 1617.8543563083283 9667.422548169015 60000.721923828125 0.51806640625 2263.8177530588214 1936
120 151.1 1774.045785173054 10109.637659214102 60000.721923828125 0.51806640625 2001.2342263601229 3262
130 182.7 1762.7657804108073 10079.672183317227 60000.721923828125 0.51806640625 1929.3126393847067 4773
140 242.8 321.6994084919111 4344.79285745261 60000.721923828125 0.507080078125 1883.2094406960227 6600
150 258 48.850548180868444 1646.079398324316 60000.721923828125 0.333984375 1463.2552583531358 9028
160 240.6 200.85893400450706 3424.1120795277075 60000.721923828125 0.333984375 1148.8889461335932 11608
170 65.3 366.3411691382319 4640.211122650149 60000.721923828125 0.333984375 986.1259798725271 14014
180 19.7 2.2573465260152266 0.5128478969694861 60000.721923828125 0.333984375 958.5320969101289 14667
190 3.7 8010.393574482686 20258.118053130853 60000.721923828125 0.333984375 945.8581110499518 14864
200 0 0 0 60000.721923828125 0.333984375 963.3997399437852 14901
210 0 0 0 60000.721923828125 0.333984375 963.3997399437852 14901
220 0.2 29532.994018554688 29531.288940429688 60000.721923828125 0.333984375 963.3997399437852 14901
230 0.9 46365.03529188368 24783.270648167647 60000.721923828125 0.333984375 967.2338128524091 14903
240 3.5 21611.852308872767 22735.60547627765 60000.721923828125 0.333984375 994.6332370283266 14912
250 2.6 19571.560847355773 25312.813732001516 60000.721923828125 0.333984375 1042.9106617633608 14947
260 0.5 24.02177734375 18.374734163242728 60000.721923828125 0.333984375 1075.0849023848398 14973
270 0.3 9.493896484375 1.3498430873196423 60000.721923828125 0.333984375 1074.7340334019846 14978
280 0.2 8.78857421875 0.013427734375 60000.721923828125 0.333984375 1074.5207151715092 14981
290 0.1 8.35400390625 0.0 60000.721923828125 0.333984375 1074.378456326024 14983
300 0 0 0 60000.721923828125 0.333984375 1074.3073121420664 14984
310 0 0 0 60000.721923828125 0.333984375 1074.3073121420664 14984
320 0 0 0 60000.721923828125 0.333984375 1074.3073121420664 14984
330 0 0 0 60000.721923828125 0.333984375 1074.3073121420664 14984
337 0 0 0 60000.721923828125 0.333984375 1074.3073121420664 14984
