10 1 2160.90908203125 575.8885106161554 2881.791015625 1066.60205078125 0 0
20 0.6 13903.703491210938 1434.2102770782078 14842.5400390625 1066.60205078125 2160.90908203125 10
30 2.4 11238.170227050781 4029.261989560061 21059.402099609375 1066.60205078125 6564.456985473633 16
40 1 15683.483203125 5753.810016734788 25460.927978515625 1066.60205078125 9368.684930419922 40
50 1.9 8038.7430998149675 10565.92724062314 25460.927978515625 1.18017578125 10631.644584960937 50
60 13.3 1977.2175329681627 7841.294370714521 37722.33203125 0.718017578125 9917.65721948596 69
70 25.7 971.2808681146637 6280.668752231397 45070.490966796875 0.70703125 4689.545940739094 202
80 37.7 2036.0412973257212 8935.63666900094 55611.037109375 0.60205078125 2607.6415318840204 459
90 46.2 7907.262810513041 16632.791277822664 57903.534912109375 0.60205078125 2349.874440462395 836
100 67.1 188.1108140106883 1850.997280258445 57903.534912109375 0.60205078125 4327.92792810754 1298
110 75.4 317.69443501844285 2731.0184870791973 57903.534912109375 0.60205078125 2917.1522635270485 1969
120 72.2 339.4731401353662 3408.2342885183616 57903.534912109375 0.593994140625 2197.361149793854 2723
130 108 249.63329309534143 3310.5461011832235 57903.534912109375 0.593994140625 1807.986652559187 3445
140 145 318.99991362473173 4004.418874960068 57903.534912109375 0.5791015625 1436.0481711843906 4525
150 160.1 512.6329381538883 5638.951660433506 67288.26000976563 0.5791015625 1164.9653304376952 5975
160 93.8 3986.893451096917 15665.002891075308 78295.82788085938 0.5791015625 1027.111032649103 7576
170 35.9 8677.796957967004 20162.451244495474 84703.7548828125 0.5791015625 1353.1946488699216 8514
180 8.8 2284.1238014914775 4876.952825114461 84703.7548828125 0.5791015625 1649.5467540165296 8873
190 3.9 7046.58264473157 9189.758023536919 84703.7548828125 0.5791015625 1655.778511652708 8961
200 7.2 24605.88123236762 2301.530760743553 84703.7548828125 0.5791015625 1679.1386628960497 9000
210 9.6 12623.092956542969 11214.48423110811 84703.7548828125 0.5791015625 1861.096937256935 9072
220 3.3 3263.671564275568 10709.73800665664 84703.7548828125 0.5791015625 1973.787995050506 9168
230 1.2 16.72137451171875 2.7530101285334427 84703.7548828125 0.5791015625 1978.4142484777885 9201
240 0.2 6.12255859375 0.284423828125 84703.7548828125 0.5791015625 1975.8591291369016 9213
250 0 0 0 84703.7548828125 0.5791015625 1975.4316225562086 9215
260 0 0 0 84703.7548828125 0.5791015625 1975.4316225562086 9215
270 0 0 0 84703.7548828125 0.5791015625 1975.4316225562086 9215
271 0 0 0 84703.7548828125 0.5791015625 1975.4316225562086 9215
