10 3.1 816.4785628780241 729.946988307488 3707.322021484375 58.16796875 0 0
20 1.5 11796.287581380207 2143.2384084891014 14842.5400390625 58.16796875 816.4785628780241 31
30 7.4 2911.4752560177362 2878.524579706805 21059.402099609375 58.16796875 4396.8510689113455 46
40 1.4 13218.548304966518 6460.778058903167 25460.927978515625 58.16796875 3480.869317626953 120
50 3.7 6147.971310177364 9470.35744209137 25460.927978515625 0.375 4498.238764065415 134
60 24.8 2056.492702361077 7594.5341263279215 34377.041015625 0.361083984375 4855.198437785544 171
70 47 864.4884189037565 5602.139336753262 42312.4619140625 0.35595703125 3198.6852578684366 419
80 70.5 4322.188327654032 11546.09956060465 48404.93408203125 0.343017578125 1964.63293580612 889
90 76.9 1135.6577421468628 4072.7332694877127 49559.23681640625 0.330078125 3007.3409353373486 1594
100 116.1 153.01493884077564 1604.2410185441147 49559.23681640625 0.330078125 2398.2320163515324 2363
110 125.8 305.24945155691057 2689.927041738865 49559.23681640625 0.330078125 1658.533654549606 3524
120 119.1 234.0567935459961 2831.9337403049603 49559.23681640625 0.330078125 1302.5253886849446 4782
130 186.5 169.77099347561986 2748.279461956652 49559.23681640625 0.330078125 1089.4756487200211 5973
140 247.2 253.68368826560612 3616.322955224683 55099.72314453125 0.330078125 870.6380393769734 7838
150 263.1 360.7336104714527 4747.784806099276 67288.26000976563 0.14892578125 722.7126120299996 10310
160 134 3664.7607440094475 14009.480846217217 74502.06713867188 0.14892578125 649.1196321134138 12941
170 43.9 3047.8634681093404 8941.352316729377 84703.7548828125 0.14892578125 932.0801453786393 14281
180 9.9 2217.3700481376263 4766.870025987415 84703.7548828125 0.14892578125 995.1799333323605 14720
190 4.7 7024.970059009309 8834.89381954906 84703.7548828125 0.14892578125 1003.3449121680256 14819
200 7.8 24501.793294270832 2074.1913165048527 84703.7548828125 0.14892578125 1022.382742243469 14866
210 11.3 8944.846798517006 8401.695810131027 84703.7548828125 0.14892578125 1144.9331988185584 14944
220 3.9 2042.404296875 7074.960221083883 84703.7548828125 0.14892578125 1203.4701076826032 15057
230 1.2 16.72137451171875 2.7530101285334427 84703.7548828125 0.14892578125 1205.6374654845708 15096
240 0.2 6.12255859375 0.284423828125 84703.7548828125 0.14892578125 1204.6931318142192 15108
250 0 0 0 84703.7548828125 0.14892578125 1204.5344858084984 15110
260 0 0 0 84703.7548828125 0.14892578125 1204.5344858084984 15110
270 0 0 0 84703.7548828125 0.14892578125 1204.5344858084984 15110
271 0 0 0 84703.7548828125 0.14892578125 1204.5344858084984 15110
