10 80.22421875 80.22421875
20 51329.40078125 51409.625
30 50424.12265625 101833.74765625
40 56201.27890625 158035.0265625
50 56359.57109375 214394.59765625
60 50606.91015625 265001.5078125
70 52663.42734375 317664.93515625
80 53510.26328125 371175.1984375
90 58677.10859375 429852.30703125
100 49784.91328125 479637.2203125
110 49878.5375 529515.7578125
120 48275.3515625 577791.109375
130 46590.72734375 624381.83671875
140 54953.465625 679335.30234375
150 50172.24375 729507.54609375
160 26620.6703125 756128.21640625
170 28646.58515625 784774.8015625
180 54042.5953125 838817.396875
190 56511.27265625 895328.66953125
200 28234.246875 923562.91640625
210 20.01015625 923582.9265625
220 5.4484375 923588.375
230 0 923588.375
240 1.221875 923589.596875
250 0 923589.596875
260 0 923589.596875
270 0 923589.596875
271 0 923589.596875
