10 1.8 59.2911376953125 237.50082685603059 1038.531982421875 1.4150390625 0 0
20 2.1 3.4178292410714284 3.874522940522697 1038.531982421875 1.4150390625 59.2911376953125 18
30 1.6 2.6667633056640625 3.246732123947795 1038.531982421875 1.4150390625 29.20551006610577 39
40 2.6 1.6802133413461537 0.18467278799290882 1038.531982421875 1.379150390625 21.48514737215909 55
50 3.4 1.637838924632353 0.14482576862029042 1038.531982421875 1.379150390625 15.128008053626543 81
60 4.5 2.7155273437499994 2.511821388954313 1038.531982421875 1.379150390625 11.139610224184782 115
70 6.2 1.6856335055443548 0.3104670853266466 1038.531982421875 1.379150390625 8.7703369140625 160
80 8.6 1.6749806958575582 0.8164842428908762 1038.531982421875 1.33984375 6.791726052224099 222
90 7.7 2.013243836241883 1.3433512192194428 1038.531982421875 1.33984375 5.36302442674513 308
100 12.1 1.572515818698347 0.6253880237852586 1038.531982421875 1.324951171875 4.693068308644481 385
110 15.5 2.2442587575604844 2.6385543558948843 1038.531982421875 1.324951171875 3.94684923496171 506
120 16.7 2.487478655969311 5.68109105505648 1038.531982421875 1.324951171875 3.547603359020424 661
130 26 1.6079261192908654 0.27220872465629364 1038.531982421875 1.135009765625 3.3337859370282312 828
140 40 2.2506890869140634 2.663953250546612 1038.531982421875 1.009033203125 2.9213562011718754 1088
150 40.3 1.9440136476426804 1.9423603903057334 1038.531982421875 1.009033203125 2.7410693425004204 1488
160 11.1 1.557738158079955 0.41616732799949097 1038.531982421875 1.009033203125 2.571205014088115 1891
170 0.1 6.067138671875 0.0 1038.531982421875 1.009033203125 2.5150137947989517 2002
180 0 0 0 1038.531982421875 1.009033203125 2.516787197133987 2003
190 0 0 0 1038.531982421875 1.009033203125 2.516787197133987 2003
200 0 0 0 1038.531982421875 1.009033203125 2.516787197133987 2003
210 0 0 0 1038.531982421875 1.009033203125 2.516787197133987 2003
213 0 0 0 1038.531982421875 1.009033203125 2.516787197133987 2003
