10 4.7 182.16957384474733 219.92005803375824 1349.216064453125 8.166015625 0 0
20 9 67.06418728298611 72.32231353809408 1349.216064453125 5.1240234375 182.16957384474733 47
30 8.8 61.509185791015625 70.90444053763862 1349.216064453125 5.1240234375 106.55289654140054 137
40 10.3 73.5762477245145 81.09534028249442 1349.216064453125 5.1240234375 88.93580078125 225
50 12.9 73.10571667575103 82.89319972758132 1349.216064453125 5.1240234375 84.11252649818977 328
60 20.3 67.66286103948588 77.26030041550705 1349.216064453125 5.1240234375 81.00557142796089 457
70 23.2 71.38611155542837 75.92383468576719 1349.216064453125 5.1240234375 76.90167717211175 660
80 38.2 80.09380560270786 90.15780546659241 1349.216064453125 5.1240234375 75.46713544221203 892
90 38.8 66.63365566607607 80.32837509262947 1349.216064453125 5.1240234375 76.85441016851455 1274
100 46.8 103.00657666850297 109.18627552462019 1349.216064453125 5.1240234375 74.4683375169224 1662
110 67.7 97.19822271394936 96.42096121653022 1349.216064453125 5.1240234375 80.73871118966406 2130
120 74.1 219.65250025040075 198.40812802748525 1349.216064453125 5.1240234375 84.70846156442043 2807
130 80.6 619.4093708199242 687.9075984964121 3260.844970703125 1.06396484375 112.89153165075398 3548
140 130.6 817.4332753951115 699.5017084606953 3413.137939453125 1.05419921875 206.65666219056823 4354
150 154.4 668.6181721267303 554.0266948021052 3413.137939453125 1.044921875 347.5885096897084 5660
160 132.4 390.1715143209489 500.8578227567388 3413.137939453125 1.044921875 416.3933124108025 7204
170 49.7 12.704382545271628 16.078728268904115 3413.137939453125 1.044921875 412.3222921632689 8528
180 10.4 8.500896747295675 9.408449970671455 3413.137939453125 1.044921875 390.31563276380695 9025
190 2.6 9.474984975961538 8.842002474941111 3413.137939453125 1.044921875 385.9658975742224 9129
200 0.5 8.514208984375 0.6036013723154312 3413.137939453125 1.044921875 384.8966716072585 9155
210 0 0 0 3413.137939453125 1.044921875 384.69122266477876 9160
213 0 0 0 3413.137939453125 1.044921875 384.69122266477876 9160
