10 9.7 88.18125805412372 131.8717570769506 1232.7109375 7.882080078125 0 0
20 15.1 39.89415614652318 41.451571934947204 1232.7109375 5.1240234375 88.18125805412372 97
30 15 36.01596516927083 36.55898112015126 1232.7109375 5.1240234375 58.78064358618952 248
40 17.9 42.27075058921088 43.73516080134844 1232.7109375 5.1240234375 50.20099091649654 398
50 22.3 42.21671804932734 44.461485556196536 1232.7109375 5.1240234375 47.74082970577881 577
60 34.1 40.203260315478346 43.960803480411556 1232.7109375 5.1240234375 46.20098358154296 800
70 41.4 39.99023378528832 39.03029473018199 1232.7109375 5.1240234375 44.40850011640008 1141
80 65.7 46.494404088779454 47.100304637628625 1232.7109375 5.1240234375 43.23218998065713 1555
90 63.1 41.103230471845265 42.12497867848725 1232.7109375 5.1240234375 44.20112066286164 2212
100 80.4 59.698456569690606 57.226097054986546 1232.7109375 5.1240234375 43.513548130138695 2843
110 117.1 56.24452070045639 45.49285822166709 1232.7109375 5.1240234375 47.08159484946958 3647
120 122.7 135.74663655002027 84.21873941788651 1232.7109375 5.1240234375 49.30861564056662 4818
130 143 388.612199860686 359.79977081671876 1288.593017578125 0.864990234375 66.85360350754755 6045
140 228.5 454.86476457792 305.18572028948046 1288.593017578125 0.282958984375 128.40742194032188 7475
150 265.5 389.1814147834274 255.07645418339357 1288.593017578125 0.282958984375 204.83724037545628 9760
160 191.6 251.26681881707464 258.48818136944647 1288.593017578125 0.282958984375 244.26001790692334 12415
170 56.7 11.123393063822748 10.174948394518266 1288.593017578125 0.282958984375 245.19680044434918 14331
180 11 8.031993519176138 5.696038587537731 1288.593017578125 0.282958984375 236.28824748524337 14898
190 2.7 9.12065067997685 5.560803679016597 1288.593017578125 0.282958984375 234.61526054919145 15008
200 0.5 8.514208984375 0.6036013723154312 1288.593017578125 0.282958984375 234.21031512408544 15035
210 0 0 0 1288.593017578125 0.282958984375 234.135283173906 15040
213 0 0 0 1288.593017578125 0.282958984375 234.135283173906 15040
