20 1.4 10491.249337332589 3069.059269472561 17344.89794921875 4991.1240234375 0 0
30 1.7 12834.545280905331 4067.9009907681466 20876.857177734375 4991.1240234375 10491.249337332589 14
40 1.5 13075.977587890626 7267.124109856983 29790.8740234375 3312.156005859375 11776.28259671119 31
50 2.2 12194.392866654829 6578.400227354901 29790.8740234375 3312.156005859375 12200.096180791441 46
60 3 13045.366463216145 8695.641974961736 34348.302978515625 2659.76611328125 12198.250990923712 68
70 4 14877.21199951172 8802.652739363617 44750.18408203125 2487.741943359375 12457.572053870375 98
80 4.8 13812.090611775719 8724.66894878254 44805.852783203125 2487.741943359375 13158.916965650476 138
90 8.9 15022.364375768082 7660.954131659064 44805.852783203125 2487.741943359375 13327.477906586024 186
100 6.5 13089.375619741586 8623.122361157004 48579.68896484375 2487.741943359375 13876.004800248582 275
110 10.1 14728.585601504486 9371.844927286169 54452.929931640625 2259.8291015625 13725.619809857537 340
120 13.8 14848.44803519871 7468.988554634222 54452.929931640625 2259.8291015625 13955.323993432008 441
130 14.7 15013.811526759142 7108.4452749137 54452.929931640625 2259.8291015625 14168.192936029252 579
140 15.9 15897.792394482114 7759.8974232449245 54452.929931640625 2259.8291015625 14339.41322919357 726
150 24.1 16364.577686357288 7248.094806059605 54452.929931640625 2259.8291015625 14619.39321482168 885
160 33.9 17244.266701667348 7538.683131396194 54452.929931640625 2259.8291015625 14992.918488036672 1126
170 26.8 21020.448859826836 7917.632820664507 70253.38208007813 2259.8291015625 15513.878927914351 1465
180 7.5 30748.437685546876 7122.15538619676 70253.38208007813 2259.8291015625 16365.443118192798 1733
190 2 39589.73995361329 9669.006017660859 70253.38208007813 2259.8291015625 16962.08282646246 1808
200 0.4 41521.868713378906 1536.0181907991068 70253.38208007813 2259.8291015625 17209.65019109212 1828
210 0 0 0 70253.38208007813 2259.8291015625 17262.733637647332 1832
213 0 0 0 70253.38208007813 2259.8291015625 17262.733637647332 1832
