10 54.14921875 54.14921875
20 81.83359375 135.9828125
30 82.3359375 218.31875
40 96.471875 314.790625
50 121.42421875 436.21484375
60 185.03359375 621.2484375
70 227.72734375 848.97578125
80 357.14140625 1206.1171875
90 340.57109375 1546.68828125
100 433.584375 1980.27265625
110 632.16484375 2612.4375
120 670.5875 3283.025
130 766.64765625 4049.67265625
140 1129.03515625 5178.7078125
150 1321.01796875 6499.72578125
160 947.21328125 7446.9390625
170 290.3703125 7737.309375
180 55.4140625 7792.7234375
190 13.37109375 7806.09453125
200 2.47109375 7808.565625
210 0 7808.565625
213 0 7808.565625
