10 399.66796875 399.66796875
20 588.5140625 988.18203125
30 651.48828125 1639.6703125
40 763.36953125 2403.03984375
50 937.14453125 3340.184375
60 1577.74921875 4917.93359375
70 1780.92109375 6698.8546875
80 3111.5203125 9810.375
90 2866.7921875 12677.1671875
100 3606.11796875 16283.28515625
110 5775.41015625 22058.6953125
120 5561.52578125 27620.22109375
130 5017.3109375 32637.53203125
140 6270.33359375 38907.865625
150 7230.578125 46138.44375
160 6300.00078125 52438.44453125
170 1356.17109375 53794.615625
180 198.9984375 53993.6140625
190 49.14140625 54042.75546875
200 5 54047.75546875
210 0 54047.75546875
213 0 54047.75546875
