10 1.8 2639.418741861979 1563.19383812817 4948.989013671875 481.932861328125 0 0
20 0.6 8217.982218424479 1303.6994876973245 10535.072021484375 481.932861328125 2639.418741861979 18
30 0.9 16699.859754774305 2738.152544691296 21109.75 481.932861328125 4034.059611002604 24
40 5.9 13235.028506521447 5983.914132509507 24174.27392578125 481.932861328125 7488.368741122159 33
50 8.2 1301.8421869045346 4066.5779183454483 24174.27392578125 1.495849609375 11173.726634149964 92
60 16.9 1062.6067443486497 5128.255909844808 31741.419921875 1.4619140625 6521.459250965337 174
70 27 1127.7950746889471 6061.557524807792 36765.901123046875 1.458984375 3831.820552369943 343
80 40.5 1061.9440405574844 6660.321452422412 46791.7041015625 1.424072265625 2640.814224516976 613
90 50.5 9203.740951326577 18579.34418545489 57250.35009765625 1.419921875 2012.6782475979248 1018
100 58.2 272.02177759544105 3170.749543960607 58340.98681640625 1.380859375 4397.108100114649 1523
110 70 304.3779457310266 2152.3817320444655 58340.98681640625 1.380859375 3256.585420919314 2105
120 71.6 414.79931504233565 3174.9933124284476 58340.98681640625 1.380859375 2519.8491526013813 2805
130 115.7 415.27362086923375 3723.3423922653096 58340.98681640625 1.3681640625 2091.784488104853 3521
140 145.9 875.5619247049558 6138.735638718672 58340.98681640625 1.3681640625 1677.136545951879 4678
150 161.9 2269.420055782888 8822.030017615585 58340.98681640625 1.3681640625 1486.5715512640413 6137
160 86.1 843.248229200693 3708.929444932687 67106.10693359375 1.3681640625 1649.9846158354717 7756
170 31.4 4021.503097631369 4953.208203061621 67106.10693359375 1.3681640625 1569.3765122155871 8617
180 8.9 5374.82757362623 5315.246371057498 67106.10693359375 1.3681640625 1655.5894500523978 8931
190 16.4 10421.33350949171 6592.702436957402 67106.10693359375 1.3681640625 1692.2870324246894 9020
200 6.2 1279.5250834803428 5093.589224647887 67106.10693359375 1.3681640625 1848.162862372315 9184
210 2.1 53.51469494047619 175.56259808125296 67106.10693359375 1.3681640625 1844.3498035045557 9246
220 0.2 18.3829345703125 1.5260009765625 67106.10693359375 1.3681640625 1840.2915821513836 9267
230 0 0 0 67106.10693359375 1.3681640625 1839.8984634443857 9269
240 0.1 18.125 0.0 67106.10693359375 1.3681640625 1839.8984634443857 9269
250 0 0 0 67106.10693359375 1.3681640625 1839.7019398776713 9270
260 0 0 0 67106.10693359375 1.3681640625 1839.7019398776713 9270
270 0 0 0 67106.10693359375 1.3681640625 1839.7019398776713 9270
271 0 0 0 67106.10693359375 1.3681640625 1839.7019398776713 9270
