50 0.2 25377.27392578125 19390.39208984375 44767.666015625 5986.8818359375 0 0
60 2.1 15253.20542689732 15007.278142441326 48905.674072265625 3645.510986328125 25377.27392578125 2
70 3 17567.70155436198 15377.267463993016 59821.807861328125 3074.738037109375 16133.559209408968 23
80 6.6 17320.974272756866 17047.52406635452 72228.49487304688 2327.57177734375 16945.337895231427 53
90 7.4 25714.700977222343 23289.9995100195 84843.68188476563 1940.3359375 17153.67403738839 119
100 8.3 32825.242522825654 29099.151352258992 96063.6298828125 1413.626953125 20436.140325200373 193
110 13.4 19499.608331025534 20141.62186357548 96063.6298828125 1413.626953125 24161.848594776093 276
120 12.5 19858.6404140625 19163.45513206798 107321.44897460938 1413.626953125 22638.09202076981 410
130 18.3 19199.732044324206 17049.36945726263 107321.44897460938 1413.626953125 21988.68743976343 535
140 23.1 18706.69426406925 22722.015801778773 138032.02197265625 1283.447998046875 21277.853404435606 718
150 29.7 21172.543773509835 21336.721111481267 138032.02197265625 1283.447998046875 20651.99696457825 949
160 28.2 22570.28341869599 21277.232448947238 143494.57397460938 1283.447998046875 20776.075939098864 1246
170 15.1 28076.948764422083 20221.577149767225 146742.72802734375 1283.447998046875 21107.205853527128 1528
180 4.1 34807.035525438274 18402.73674668016 146742.72802734375 1283.447998046875 21734.026091493262 1679
190 8.1 48129.2946747203 21319.056250450525 154801.64306640625 1283.447998046875 22045.650153581486 1720
200 3.6 49745.14476182726 11314.848656636816 154801.64306640625 1283.447998046875 23218.762427991394 1801
210 1.4 58035.21449497768 7317.723167324799 154801.64306640625 1283.447998046875 23738.6044334449 1837
220 0.2 70383.66760253906 4337.3734130859375 154801.64306640625 1283.447998046875 23998.006130290636 1851
230 0 0 0 154801.64306640625 1283.447998046875 24048.071604086912 1853
240 0.1 79877.26708984375 0.0 154801.64306640625 1283.447998046875 24048.071604086912 1853
250 0 0 0 154801.64306640625 1283.447998046875 24078.184438761 1854
260 0 0 0 154801.64306640625 1283.447998046875 24078.184438761 1854
270 0 0 0 154801.64306640625 1283.447998046875 24078.184438761 1854
271 0 0 0 154801.64306640625 1283.447998046875 24078.184438761 1854
